1059548076 1081171077
1
sift 164
211 134
202 140
302 230
503 168
471 327
535 346
556 349
438 441
554 407
625 369
519 480
689 355
566 481
618 436
600 495
824 448
832 452
852 474
761 544
730 590
885 538
806 615
875 596
764 658
892 619
732 707
722 736
917 699
878 776
1140 666
1120 689
1234 671
1027 777
1353 703
1265 739
1251 760
1391 716
1113 839
1289 783
1294 808
1380 819
1170 943
1269 975
1458 970
1520 962
1628 914
1625 917
1293 1150
1408 1082
1653 967
1428 1130
1637 1015
1495 1113
1697 1041
1753 1062
1783 1058
1806 1057
2095 956
1913 1027
1883 1039
2120 980
2183 1000
2061 1065
1703 1266
1664 1317
2205 1067
2033 1138
1809 1243
1941 1183
1860 1247
1829 1275
1845 1324
1944 1299
1949 1329
2091 1274
2259 1220
2234 1242
2780 1070
2458 1186
2144 1363
1792 1556
2129 1409
2745 1169
2386 1312
2637 1224
2666 1285
2374 1422
2309 1456
2173 1511
2770 1281
2200 1516
2944 1245
2720 1367
2778 1396
2782 1400
2580 1477
2669 1476
2384 1586
2830 1551
2784 1594
2650 1665
3031 1541
2335 1874
3162 1580
2701 1772
3170 1600
2750 1765
3276 1626
2742 1908
3320 1668
3165 1763
3392 1698
3424 1717
3310 1782
3004 1939
3532 1734
3236 1868
3421 1803
3596 1756
3342 1879
3706 1774
3034 2053
3591 1825
3936 1761
2825 2233
3479 1969
3827 1854
3443 1985
2958 2198
3570 1946
3359 2025
3332 2059
3658 1937
4178 1795
3385 2066
4035 1844
3790 1927
3308 2101
3703 2077
3458 2195
3710 2119
3220 2331
4078 2032
3950 2091
4098 2055
4335 1964
3198 2384
4020 2095
4289 2050
4176 2151
4059 2199
4447 2040
3783 2332
4438 2107
4279 2246
4283 2249
4058 2359
3244 2797
4486 2116
4442 2225
4014 2507
3855 2702
4115 2712
4237 2785
1059548076 1259837869
1
sift 66
711 445
452 374
279 553
721 444
691 319
264 710
2672 1056
809 324
560 502
2863 1258
647 483
792 420
3600 1256
418 781
551 694
3153 1689
364 1196
736 716
722 762
776 733
588 1023
755 810
627 954
754 834
1194 566
863 790
1118 645
1123 644
953 796
943 807
1097 725
1167 673
1141 697
773 1378
850 1920
1243 1244
1974 995
1240 1556
1396 1396
1373 1454
1113 1887
1458 1478
2786 987
2072 1255
2405 1164
1865 1403
3743 926
1745 1861
1575 2056
3292 1085
1941 1714
2297 1484
1871 2009
2702 1436
2334 1747
2765 1546
2210 1999
3973 1262
2707 1794
2677 1878
2611 1967
3952 1441
4106 1413
3346 1870
2955 2046
4489 2057
1059548076 1261438133
1
sift 204
98 86
427 2178
73 183
150 176
739 1146
310 192
132 700
690 1899
179 487
346 270
2247 3696
317 345
143 1108
2562 3869
265 499
395 351
2683 4503
363 436
399 412
442 399
192 1298
574 447
276 908
372 787
273 1248
365 1128
292 1622
378 1247
375 1260
299 1759
465 1005
969 540
862 614
416 1500
536 1119
386 1795
1352 522
973 663
947 687
888 858
1052 754
579 1432
842 997
760 1120
1259 747
885 1002
1278 775
511 2207
850 1137
1005 977
533 2167
849 1228
473 2799
612 1888
524 2520
642 1845
1007 1200
1171 1037
1064 1175
935 1453
824 1708
600 2784
618 2640
770 1993
1027 1523
1516 1057
615 3175
1059 1685
684 2929
1648 1151
866 2471
788 2819
1369 1495
1810 1130
840 2725
1590 1324
732 3326
1473 1547
731 3588
716 3676
1170 1951
1248 1847
2016 1158
1206 1961
1693 1420
764 3644
901 3000
1776 1357
806 3555
762 4002
805 3694
757 4155
1545 1754
1412 1913
796 4124
936 3331
1657 1757
977 3313
1427 2076
1408 2129
2196 1368
965 3465
1287 2450
1921 1618
1120 3034
1583 1989
2116 1569
1293 2687
2537 1378
2066 1734
1696 2107
1501 2510
1267 3052
1357 2907
1286 3086
2474 1597
1023 4331
1919 2051
1729 2340
1234 3522
2557 1636
1600 2781
1404 3203
2616 1693
1265 3766
1959 2242
1897 2322
2432 1835
1117 4578
2140 2368
1893 2840
1793 3133
1830 3132
2520 2262
1413 4501
1488 4319
2695 2246
2710 2284
2978 2053
1697 4036
2277 2905
2317 2877
2565 2636
2697 2611
3209 2112
3461 2028
2248 3206
3073 2287
1997 3706
1948 3857
1971 3866
2158 3473
2239 3432
2751 2837
2844 2762
2130 3980
2817 2911
2486 3373
4019 2152
3059 2952
2171 4345
1877 4738
3369 2823
3213 2925
3123 3079
2375 4303
3572 2820
3785 2698
2388 4428
3431 3023
4172 2557
3271 3143
2630 4099
2932 3564
2304 4675
4067 2716
2500 4541
2669 4235
4205 2690
3105 3751
3541 3275
3495 3444
3087 3994
3204 3824
3882 3202
3707 3349
3378 3705
3735 3361
3994 3199
3375 4011
3442 3919
3136 4540
3320 4415
4027 3738
3152 4662
3879 4005
4378 3486
4002 4080
3820 4339
4299 3933
4048 4399
4080 4387
4400 4311
4353 4547
1059548076 1580303157
1
sift 55
1435 909
52 154
74 264
3153 1573
115 183
125 495
239 221
254 235
163 477
150 857
179 731
170 1505
197 1321
190 1809
401 478
392 497
418 488
419 605
269 1555
364 1054
488 700
627 626
399 1259
348 1628
776 503
363 1732
395 1481
754 609
588 955
689 715
517 1376
779 739
682 974
574 1473
952 797
951 823
690 1529
853 1174
707 1564
850 1270
1373 752
929 1325
1199 960
1189 992
1074 1162
1765 812
1438 1245
1294 1413
1321 1746
1745 1346
1781 1490
2073 1664
2119 1699
2128 1837
2492 1822
1059548076 1846734614
1
sift 76
569 129
1640 928
1494 29
494 240
1226 194
1906 1395
254 555
521 331
1409 278
4018 1285
347 560
1329 305
797 531
3524 1431
428 829
1337 410
1354 437
3550 1544
392 1205
1466 424
1448 512
3582 1563
420 1170
468 1271
932 727
2703 1989
736 1076
1082 706
1582 713
3153 1785
755 1414
1154 939
4248 589
3688 1831
779 1943
828 1924
1480 1289
1068 1560
2161 998
2198 1191
1995 1265
1186 2218
4083 835
1546 1982
2017 1392
2870 1134
1458 2154
4385 938
2938 1401
1627 2280
2072 1856
3771 1222
1765 2215
3983 1212
3019 1612
2786 1602
2493 1829
2733 1841
3292 1462
1841 2508
3075 1728
2405 1948
2177 2303
3578 1833
2513 2136
2487 2599
3286 2108
2574 2521
2689 2705
3398 2210
3642 2282
3694 2357
4162 2498
3838 2680
4130 2676
4370 2597
1059548076 1887534972
1
sift 313
284 164
265 132
466 337
403 142
721 430
364 231
714 549
535 213
711 560
484 245
749 610
418 300
1122 704
556 248
718 643
562 254
1405 800
467 410
926 561
452 421
1415 965
682 338
1101 510
552 419
1577 904
755 358
708 713
736 392
1605 988
845 368
897 682
707 411
1525 1040
690 429
1336 702
691 436
1931 1238
647 529
1224 750
742 464
2010 1280
776 484
1067 879
904 437
2428 1518
809 489
1209 909
722 535
2672 1535
754 533
1549 1011
739 567
2863 1780
792 590
1530 1222
863 552
3153 1735
1203 442
1685 1244
953 611
2925 2187
978 608
1769 1306
1123 541
3600 1961
1136 538
1945 1298
1141 593
3240 2150
1289 544
2393 1429
1163 600
3467 2212
943 670
3135 1330
1120 618
3554 2364
1237 589
2420 1724
1321 583
3943 2310
1412 566
3200 1591
1635 539
3918 2517
1292 641
2877 1805
1118 690
4118 2458
1113 707
2287 2215
1097 718
1294 653
2634 2040
1498 616
1427 644
2566 2090
1298 678
1098 768
2871 2034
1069 797
1238 714
3266 1850
1167 787
1380 708
2946 2010
1638 735
1408 867
3080 1990
1488 873
1625 820
3021 2115
1689 794
1628 835
3324 2069
1519 900
1550 897
3651 2355
1697 836
1514 913
3534 2521
1713 840
1744 890
3769 2470
1796 927
1411 1110
3995 2395
1974 917
1809 976
4216 2403
2120 884
1780 1016
4164 2709
2054 930
1658 1121
3319 3100
2721 817
2375 932
4198 2962
2100 1027
2300 989
4302 3148
1941 1116
1756 1203
2500 952
2317 1000
2234 1041
2015 1111
2262 1065
2617 968
2129 1131
2358 1081
1745 1341
2072 1187
1865 1303
2410 1106
1898 1324
2137 1275
2135 1278
1829 1425
2347 1198
2309 1214
2215 1268
2425 1210
2294 1262
2932 1064
2149 1336
2174 1323
2144 1357
2250 1322
2244 1331
2395 1277
2944 1126
2360 1328
3339 1056
1930 1559
2386 1348
2691 1247
2334 1376
2335 1400
2706 1271
2860 1223
1922 1684
2781 1290
2047 1633
2532 1387
2954 1265
2363 1527
2611 1415
2405 1521
2511 1500
2247 1651
2737 1430
2501 1563
2760 1441
2642 1511
2793 1440
3124 1339
2668 1515
2385 1671
2683 1519
2707 1532
2955 1465
2562 1704
2687 1635
3330 1413
2786 1634
2892 1596
2197 1998
2701 1745
2390 1899
3704 1381
3004 1607
3122 1583
3253 1545
2487 1905
3052 1641
2609 1849
3515 1502
2702 1831
3478 1550
3077 1749
3115 1751
3376 1663
3313 1706
3499 1679
3165 1836
3834 1650
3308 1814
3017 1937
3633 1736
3424 1812
2765 2101
3950 1678
3332 1869
3236 1910
2942 2055
2830 2136
3946 1727
3727 1790
3064 2037
3342 1921
3442 1892
3621 1843
3729 1824
3343 1956
3385 1943
4035 1753
3346 1965
3310 1992
4354 1658
3936 1817
4152 1779
3421 2015
3292 2060
3596 1976
4088 1819
3667 1960
3238 2123
3706 2005
3362 2128
4059 1893
3290 2173
4106 1901
3778 2030
3860 2013
3570 2119
3658 2096
4129 1981
3896 2062
3257 2322
2992 2520
4177 2016
3790 2155
4042 2086
3561 2258
4176 2126
4335 2068
4102 2171
4475 2003
3916 2328
4115 2252
4295 2174
4239 2205
3973 2337
3875 2392
4077 2306
4289 2255
4237 2391
4424 2268
4151 2448
3988 2541
3675 2690
4188 2474
4128 2522
4377 2378
4279 2437
4482 2218
4104 2561
4426 2381
4484 2260
4395 2419
3952 2686
4442 2462
4140 2737
3525 3012
4181 2745
4492 2402
4045 2876
4489 2669
4014 3155
4480 2945
3877 3564
1059548076 2075366909
1
sift 408
115 48
64 90
116 81
97 125
125 116
71 258
124 129
91 320
150 197
332 122
103 490
119 456
106 563
340 152
101 652
392 173
394 181
166 423
401 180
197 375
190 492
346 236
183 618
132 977
419 234
356 283
317 313
173 778
237 615
624 237
395 324
327 401
399 336
207 880
314 429
167 1162
270 567
981 207
256 685
229 887
363 434
181 1328
670 287
336 518
215 1025
526 349
348 509
779 274
241 951
206 1338
305 674
219 1281
400 559
911 292
442 542
1078 280
574 448
331 780
260 1126
280 1043
255 1252
1200 301
321 992
358 882
478 696
275 1262
290 1211
309 1122
390 903
421 828
853 421
297 1364
1074 394
276 1669
271 1758
273 1816
532 847
295 1787
531 910
328 1561
339 1711
501 1086
1378 439
1352 471
382 1657
1260 508
968 634
831 722
404 1613
342 1984
538 1198
365 1967
1566 496
947 721
515 1406
862 806
429 1767
1051 707
416 1899
443 1858
973 793
375 2265
1781 529
720 1116
1066 805
1535 632
388 2602
622 1458
1527 654
465 2114
430 2360
355 2957
941 1018
548 1896
635 1608
479 2324
692 1462
2070 592
1278 853
481 2417
608 1827
1548 727
487 2405
1468 764
833 1230
661 1617
571 1987
702 1530
474 2647
1909 673
1993 655
842 1374
576 2166
1491 869
760 1600
582 2186
590 2241
1741 773
450 3135
800 1596
658 1923
518 2867
505 3017
586 2512
723 1918
771 1870
2097 746
673 2107
644 2289
1700 920
612 2547
854 1783
1075 1349
616 2635
1358 1123
657 2351
631 2576
982 1625
598 2803
2216 800
1064 1507
2306 775
642 2594
514 3715
655 2535
959 1757
592 3002
1058 1570
605 2896
970 1741
823 2061
604 2988
1748 1046
1171 1512
699 2615
650 2911
835 2368
900 2214
1130 1840
2570 922
820 2597
756 2825
2274 1035
2371 998
1858 1175
983 2250
794 2893
1928 1191
774 3012
1028 2255
1453 1661
2223 1113
2434 1063
681 3573
1868 1269
1788 1361
1369 1849
1395 1837
1649 1564
2553 1074
1248 2027
786 3423
1516 1825
3202 966
847 3227
1070 2563
938 2916
2016 1400
1134 2399
840 3326
1147 2371
2968 1034
1590 1814
918 3026
1043 2693
890 3362
3127 1050
886 3416
705 4453
3873 950
731 4377
767 4221
3399 1023
1287 2363
1545 1979
852 3750
1473 2110
958 3263
2478 1351
1307 2408
1174 2716
2826 1181
1309 2446
2059 1694
1188 2808
936 3739
1482 2320
768 4661
3592 1090
1175 2912
2537 1454
2785 1316
1275 2713
2354 1592
2381 1579
1280 2754
1693 2102
2232 1702
3662 1115
3036 1268
2432 1616
3174 1240
1399 2685
1699 2190
3481 1221
1056 3903
2643 1649
2680 1637
2752 1605
1919 2153
3728 1232
1541 2717
1089 4020
1351 3093
1485 2870
1469 2909
3015 1598
2627 1817
1696 2637
2231 2048
2616 1853
1472 3080
2020 2279
1112 4310
2066 2232
1330 3471
1291 3620
1702 2770
1897 2495
1437 3307
1393 3465
1218 4085
1481 3287
1523 3166
2113 2350
1958 2527
1651 2959
2172 2358
1267 4120
3224 1722
2304 2242
1611 3142
1326 4006
1300 4131
3348 1726
4450 1320
1450 3629
4134 1481
3788 1603
3207 1820
1622 3290
1312 4305
1215 4589
1265 4465
1283 4450
4214 1553
3654 1749
1417 4188
1571 3672
3632 1826
2978 2032
1502 4128
3991 1727
1908 3095
1507 4155
2598 2409
1729 3555
1762 3474
1882 3241
1750 3560
3438 1980
4340 1700
2032 3112
3539 1951
2012 3139
2088 3068
4305 1768
1910 3451
1757 3883
2861 2422
4397 1807
2564 2746
2710 2626
2051 3421
1623 4600
1692 4489
3073 2488
1977 3792
2158 3437
1940 4039
3836 2154
2142 3636
3493 2370
1536 4684
1997 4081
2217 3623
4250 2099
3794 2330
3369 2585
2030 4199
2121 4026
1957 4406
1954 4529
2075 4328
4019 2367
1849 4663
2126 4304
2476 3683
2751 3496
4096 2591
3112 3129
2724 3654
2243 4565
4067 2670
2319 4460
2695 3800
3431 3023
4292 2605
2844 3655
2554 4211
3427 3124
3411 3130
2604 4216
2404 4604
2465 4553
3375 3273
3572 3134
3328 3319
2817 4003
4172 2842
3213 3441
3562 3165
2482 4585
2543 4564
3059 3781
3056 3918
3260 3847
3388 3735
3513 3742
4080 3339
3123 4339
4273 3217
3495 3947
3785 3731
3378 4201
3542 4031
3204 4402
3474 4469
3882 4127
4496 3061
4400 3653
3994 4313
3879 4429
4299 4035
4120 4458
4048 4542
4205 4434
4002 4583
