107064801 1889038201
1
sift 63
494 510
1 7
4 13
13 10
15 50
23 28
32 41
38 53
28 102
31 116
34 155
60 65
41 167
42 183
53 117
63 93
58 216
65 166
61 246
62 235
114 126
70 325
85 240
73 331
109 176
113 164
150 122
124 162
103 416
119 474
139 412
194 301
215 304
229 284
236 315
160 624
433 209
271 332
191 704
302 328
193 816
187 925
278 381
288 427
313 456
358 401
363 432
442 378
332 559
388 535
419 495
487 522
476 573
543 549
534 575
618 580
590 630
568 706
661 649
762 913
952 714
847 872
1157 955
107064801 2025875319
1
sift 57
25 102
15 60
27 121
24 113
50 175
28 115
31 137
42 245
80 263
35 122
34 160
150 251
97 404
41 199
53 114
178 835
122 274
48 223
61 197
127 337
58 252
70 247
118 438
71 293
79 266
169 371
110 362
109 387
153 499
117 437
125 474
183 402
130 459
175 401
181 520
140 589
148 564
209 563
165 527
170 590
230 860
159 698
168 883
360 1167
187 744
196 685
402 964
202 613
193 742
198 1132
208 1064
203 1174
235 934
248 1056
258 1140
285 827
286 1004
