1081171077 1261438133
1
sift 154
55 256
114 1023
54 397
87 277
200 1473
113 389
104 595
351 1877
139 446
120 761
626 3893
132 859
126 1405
156 1016
173 814
159 1214
167 1396
284 667
212 1163
208 1247
215 1194
176 2130
226 1498
294 1073
286 1208
311 1165
331 1015
211 2539
320 1191
191 3282
233 2193
344 1154
265 1912
404 1134
324 1675
248 2903
291 2221
315 2034
402 1360
310 2191
433 1250
319 1985
441 1222
316 2145
489 1086
386 1554
538 1002
290 2927
313 2619
458 1436
431 1619
371 1902
359 2113
432 1790
448 1708
327 2870
384 2173
401 2097
348 3053
321 3661
569 1453
425 2520
389 2950
484 2045
392 2972
436 2640
423 2923
364 3697
510 2238
677 1444
452 2966
529 2243
481 2766
464 2887
461 3024
495 2784
475 3072
468 3129
600 1978
575 2155
463 3224
490 3126
498 3434
540 2920
582 2695
673 2165
611 2665
701 2074
493 4594
669 2577
537 4024
763 2077
652 2973
546 4217
617 3249
644 3073
633 3196
734 2511
615 3555
712 2793
688 3035
658 3644
671 3522
759 2833
707 3326
893 2310
641 4500
706 4063
814 3062
719 3997
738 3767
824 3212
740 4068
797 3562
1082 2129
716 4623
744 4446
755 4510
1108 2569
1293 1987
995 3128
828 4402
1150 2687
1013 3254
1009 3386
1015 4056
926 4605
979 4351
1040 4035
1137 3670
1669 2009
1162 3788
1145 4012
1276 3432
1307 3280
1065 4743
1189 4546
1171 4636
1403 3631
1286 4175
1295 4193
1193 4659
1206 4663
1317 4341
1410 3980
1620 3391
1475 4236
1287 4757
1524 4477
1559 4309
1554 4545
1656 4260
1668 4415
1888 3923
1081171077 1481597607
1
sift 65
282 722
976 1301
53 436
55 364
900 1975
54 486
102 304
991 2108
77 740
90 596
1022 2000
81 939
84 848
1046 2134
82 969
146 330
104 984
110 825
161 607
120 1321
122 1303
158 1045
175 925
154 1478
156 1613
171 1262
173 1542
212 1190
297 810
207 1824
211 1815
208 2013
215 2315
238 2022
258 1839
247 2215
252 2173
265 1942
368 1075
286 1831
292 1984
311 1890
274 2504
290 2411
307 2439
313 2358
492 1092
410 1469
316 2650
320 2544
449 1937
384 2602
418 2319
620 1632
550 2254
627 2532
766 2154
808 1993
948 1660
816 2665
980 2415
1016 2384
1216 1899
1138 2226
1172 2434
1081171077 1887534972
1
sift 622
857 522
643 650
24 31
32 28
871 1018
2524 3554
54 44
53 54
1812 1640
58 68
81 74
87 72
99 84
104 96
110 86
101 99
154 112
140 121
134 127
158 122
126 148
132 145
253 100
173 126
187 132
212 167
180 217
176 234
200 206
232 179
294 177
286 199
211 259
226 243
228 267
179 351
263 250
274 247
247 270
346 213
331 228
258 276
262 274
345 219
344 223
276 278
194 413
291 287
210 396
391 237
349 248
409 235
433 220
315 311
403 245
456 244
313 357
348 326
320 355
333 344
392 309
379 325
359 336
364 363
368 362
494 308
432 343
384 386
439 346
488 332
396 401
550 312
491 375
423 415
505 393
627 321
419 462
529 388
498 424
465 447
506 422
570 390
473 468
606 381
490 454
539 432
510 476
582 414
699 369
540 474
657 400
518 523
563 452
545 492
428 648
496 571
424 679
558 524
633 446
634 459
566 538
660 442
453 672
620 505
701 435
632 511
561 598
673 475
658 508
622 540
668 515
568 624
553 652
753 451
737 479
617 602
713 513
611 626
644 603
736 535
532 769
688 617
549 766
741 579
783 544
610 735
467 1032
556 838
665 684
804 601
604 841
755 661
726 689
797 642
928 566
958 550
585 937
808 653
742 710
801 662
879 616
613 916
815 671
683 833
723 782
744 760
819 708
839 707
768 785
740 829
761 817
593 1098
824 747
770 813
735 889
835 757
920 701
907 716
910 734
844 805
863 794
831 852
792 910
978 752
923 803
917 820
827 927
914 835
942 827
1009 786
855 935
998 830
861 985
1041 836
980 884
650 1473
880 1010
1119 814
882 1017
796 1191
1146 822
1081 868
1065 886
1059 932
968 1025
805 1252
1164 870
1225 839
954 1055
1108 923
956 1063
1039 979
939 1093
1137 933
1156 914
1176 899
936 1123
1189 906
1292 849
1114 980
1291 862
1201 929
1111 1016
1031 1090
1018 1127
1034 1122
1106 1072
1171 1019
1219 982
1243 976
1444 853
1086 1113
1016 1200
1326 952
1212 1039
1167 1082
1242 1041
1348 972
869 1482
1101 1174
1126 1165
1295 1042
1182 1117
1017 1312
1205 1120
1142 1194
1245 1126
1260 1124
1102 1285
1554 920
1612 874
1008 1405
1494 968
1099 1352
1258 1242
1074 1442
1409 1131
1217 1299
1464 1088
1206 1323
1345 1207
1443 1111
1342 1216
1575 1035
1248 1310
1045 1606
963 1759
1374 1240
1373 1249
1328 1296
1366 1260
1412 1230
1148 1525
1163 1505
1509 1163
1312 1348
1457 1215
1560 1125
1400 1289
1350 1337
1210 1470
1526 1170
1293 1381
1132 1612
1275 1425
1490 1221
1524 1193
1450 1263
1363 1357
1200 1527
1255 1472
1246 1488
1416 1325
1675 1097
1204 1572
1382 1373
1399 1371
1234 1547
1389 1380
1768 1064
1339 1448
1377 1404
1661 1148
1459 1332
1604 1183
1405 1390
1499 1311
1197 1663
1632 1185
1395 1447
1194 1694
1354 1504
1545 1300
1597 1255
1567 1287
1500 1369
1455 1428
1277 1681
1620 1271
1438 1478
1731 1206
1053 2064
1480 1450
1233 1781
1747 1231
1361 1653
2040 1100
1681 1314
1594 1406
1581 1430
1442 1635
1503 1586
1533 1555
1655 1413
1860 1282
1674 1421
1606 1502
1559 1574
1669 1455
1301 1979
1323 1942
1320 1954
1474 1747
1625 1536
1770 1407
2024 1257
1525 1732
1699 1511
1599 1626
1631 1588
1587 1671
1735 1503
1874 1400
1872 1408
1641 1618
1718 1559
1673 1620
1519 1824
1666 1677
1749 1623
1649 1764
1654 1758
1886 1541
2111 1374
1660 1777
1787 1639
1547 1937
2287 1316
1822 1643
1887 1604
1603 1878
1934 1580
1772 1745
1717 1812
1939 1607
1539 2073
1950 1613
1489 2189
1633 1960
1761 1817
1844 1753
1551 2136
1763 1836
1646 1995
1902 1739
1506 2243
1483 2318
1851 1789
1648 2057
1697 2014
2179 1589
1790 1916
1756 1976
2091 1678
1774 2005
1832 1934
1868 1910
2038 1768
1777 2028
1879 1921
1989 1819
1803 2015
1928 1911
1721 2158
1585 2401
1809 2052
1858 2019
2235 1705
1898 2012
2101 1814
1931 1973
2025 1872
2003 1900
2078 1844
2059 1869
1557 2586
1873 2074
2220 1766
2081 1876
1999 1980
1690 2371
1591 2567
1785 2231
2692 1490
2066 1943
1846 2160
1576 2640
1964 2068
1937 2096
1968 2086
1946 2119
1978 2087
1696 2484
1927 2155
2199 1893
2012 2080
1882 2275
1923 2223
2072 2088
2157 2013
1694 2643
1662 2706
1676 2679
1899 2330
1992 2207
1711 2633
1767 2538
2037 2181
2076 2156
2300 1982
1994 2271
2151 2126
2189 2077
1901 2453
2823 1666
1991 2329
2032 2307
1836 2598
1550 3240
2099 2296
1877 2623
2656 1822
2386 2030
1947 2550
2295 2128
1764 2837
2008 2499
2284 2173
2381 2075
2226 2246
2058 2488
2691 1861
2187 2308
2065 2487
2147 2379
2247 2261
2345 2180
1847 2821
2585 2007
1863 2838
2378 2182
2380 2186
2290 2303
2144 2508
2190 2491
2245 2436
2127 2602
2225 2462
2297 2473
2316 2449
2493 2251
2015 2848
2325 2476
2090 2788
2228 2624
1801 3265
2416 2377
2767 2110
2395 2422
1925 3051
2653 2206
2481 2372
2592 2265
2306 2620
2000 2998
2394 2511
2363 2572
2376 2583
2044 3009
2208 2829
2542 2431
2658 2358
2587 2429
2727 2342
2423 2660
2761 2353
3097 2130
2088 3126
2428 2712
2785 2391
2424 2752
2482 2699
2544 2631
2661 2532
2794 2432
2136 3228
2051 3431
2958 2352
3149 2184
2334 2935
2930 2398
2714 2591
2805 2526
2929 2421
2563 2750
2784 2584
2554 2782
2292 3122
2875 2569
2453 2936
2981 2519
2113 3596
2762 2711
2531 2880
2470 2969
2682 2781
2536 2891
2356 3161
3037 2525
2502 2964
2350 3230
3066 2527
2709 2823
2153 3676
2582 2914
2010 3980
2341 3338
2359 3278
2551 2984
2862 2764
3169 2478
2846 2791
2636 2926
2559 3008
2365 3389
2511 3109
2777 2862
2782 2863
2479 3195
2507 3155
3054 2691
3065 2676
2608 3049
2873 2859
2469 3327
2680 3017
2606 3093
2506 3274
2366 3561
3048 2797
2799 2990
3050 2819
2783 3028
2496 3424
2269 3886
2724 3094
2941 2924
2379 3674
2534 3406
3047 2860
2569 3364
2133 4142
2579 3361
3109 2818
2893 2996
2688 3215
2895 2997
2687 3224
2403 3814
2868 3216
2491 3747
3193 2861
2806 3439
2827 3443
3027 3180
2857 3418
2878 3403
2831 3466
3017 3255
2671 3740
2561 3929
2703 3741
3120 3237
2957 3508
3033 3457
2989 3531
3154 3299
2790 3811
2610 4066
3162 3331
3121 3464
3093 3540
3182 3399
2909 3852
2892 3884
3175 3460
3040 3751
3116 3671
3031 3835
3155 3639
2818 4111
2826 4146
3091 3917
3082 3958
3123 3903
3184 3795
2706 4177
3044 4085
3026 4097
3215 3822
3153 4036
3185 4101
1081171077 2075366909
1
sift 115
55 319
1061 2531
54 417
87 275
53 514
104 874
84 521
77 703
158 1685
113 578
120 816
156 1712
111 1174
132 1195
316 1615
369 335
207 860
247 2780
167 1147
492 443
310 2711
215 1216
333 879
290 3455
311 1097
230 2011
274 3901
286 1602
307 1624
348 3175
331 1359
344 1280
384 2964
320 1708
345 1537
359 3279
279 2380
402 1369
392 3500
766 691
458 1319
452 3331
488 1611
398 2305
468 3525
539 1660
432 2261
464 3836
401 2592
808 1027
461 4046
529 2095
425 2926
495 3648
371 3494
475 2671
519 3684
435 2973
1016 1004
537 4239
510 2702
958 1190
615 4363
575 2660
582 2608
828 3870
474 3750
1039 1186
1411 1039
753 2329
701 2822
677 3255
1264 1495
611 4185
644 3865
1248 1548
671 3644
713 3387
719 3379
928 2398
815 3009
1468 1460
688 4190
840 2990
814 3328
910 2834
843 3184
738 4466
819 3993
1586 1760
1150 2588
922 3501
825 4420
1145 3000
2147 1729
1013 4547
1106 4092
1810 2062
1945 1937
1012 4594
1295 4492
1504 3554
1490 3784
1412 4483
1500 4175
1503 4294
1674 3639
1524 4496
2003 3388
1655 4556
2559 3034
2424 4180
2521 3991
2818 3911
3037 4324
