1101473849 1861925312
1
sift 52
108 319
157 513
26 42
62 138
146 250
114 400
224 718
195 234
154 304
217 327
252 495
165 292
216 439
265 308
176 715
275 394
236 552
277 428
313 651
303 385
250 528
317 420
460 980
327 448
326 459
402 533
422 1052
189 876
208 803
398 565
533 1093
321 582
308 627
477 477
618 1249
266 781
301 736
424 618
499 591
508 607
407 751
415 741
438 733
753 860
584 908
709 910
1337 1595
742 902
762 1071
718 1123
637 1654
1399 1424
1101473849 1889038201
1
sift 79
108 343
77 377
43 131
46 118
252 740
145 757
66 80
78 70
310 956
157 666
53 178
76 97
167 633
62 187
107 185
180 824
87 289
148 174
224 826
111 286
149 186
95 387
192 287
248 262
152 414
163 615
262 374
172 610
195 526
205 639
189 799
220 648
208 767
219 802
329 502
291 590
575 356
427 487
539 404
352 669
525 431
330 773
296 880
304 868
526 437
560 433
374 715
531 527
610 507
591 543
482 797
464 847
697 491
615 603
624 638
566 788
627 663
685 589
528 930
789 547
673 744
888 545
719 718
803 622
781 724
830 694
839 687
943 679
855 890
989 730
882 887
1022 790
987 878
1058 860
1020 948
995 972
1015 969
1110 908
1316 944
1101473849 2025875319
1
sift 151
29 97
28 112
14 37
21 21
108 418
77 370
34 31
26 84
114 541
98 455
35 126
44 108
140 461
145 812
40 136
59 67
211 737
157 727
37 192
46 128
252 923
167 757
53 172
55 144
254 1014
180 899
78 95
60 190
259 1050
198 929
65 155
76 109
224 1018
62 219
58 241
73 179
83 270
82 291
110 292
137 243
148 200
103 351
111 352
136 278
123 369
120 441
213 281
192 305
147 472
161 475
222 349
197 400
154 635
156 618
159 625
165 584
255 391
263 397
171 683
172 696
195 579
273 428
202 646
225 561
186 747
300 415
228 566
220 623
200 749
189 822
217 695
190 880
204 776
208 895
264 699
219 932
215 1016
257 733
237 849
242 867
339 503
256 848
275 817
266 955
292 668
276 910
287 832
291 912
697 374
304 960
320 931
326 925
427 603
327 945
296 1154
317 1098
330 1070
343 1088
374 901
497 565
526 536
480 609
351 1078
410 833
501 606
432 763
366 1074
478 654
523 581
510 658
425 935
446 902
459 987
551 715
621 617
544 793
610 670
493 976
482 1063
503 1060
910 494
601 830
655 729
598 870
624 829
627 826
607 984
668 884
681 914
685 942
719 855
729 853
803 732
777 834
779 839
829 790
741 959
720 1090
839 903
766 1110
789 1073
811 1082
846 1029
809 1114
943 979
917 1123
987 1091
1022 1058
1011 1093
1055 1059
955 1187
