1114184231 1580303157
1
sift 51
65 76
112 86
117 104
119 134
143 113
182 149
174 228
198 191
328 231
351 370
513 405
629 394
376 945
436 964
450 1039
539 767
478 1066
542 891
588 778
630 749
578 1078
531 1323
719 858
716 903
713 1058
686 1107
773 1002
871 908
749 1120
636 1421
745 1188
655 1562
601 1840
812 1232
940 1097
727 1722
932 1214
1055 1110
860 1723
1045 1343
1034 1417
1100 1355
1128 1340
922 1785
955 1737
1119 1460
1195 1432
1408 1681
1353 1864
1399 1824
1524 1850
1114184231 1969897084
1
sift 186
122 79
94 87
20 42
661 537
28 38
37 55
311 215
164 155
50 69
1142 929
249 147
68 57
254 261
293 216
67 70
290 249
72 97
410 253
324 271
117 100
487 295
113 115
446 322
572 312
104 122
418 362
138 106
684 290
752 378
128 121
598 342
123 125
1266 659
670 492
121 136
668 578
119 143
1167 468
158 146
762 691
162 174
189 175
198 165
171 203
182 197
197 201
234 198
237 208
218 222
213 267
368 183
287 213
252 252
316 233
277 260
310 265
379 259
361 275
396 255
328 302
343 304
404 315
473 285
450 303
469 301
455 313
440 344
629 273
390 393
443 356
459 375
538 371
916 274
483 434
578 408
551 417
545 424
565 415
636 402
571 464
601 482
773 414
632 460
745 430
699 441
539 588
619 496
656 485
694 465
671 508
729 510
726 519
646 607
783 515
664 625
790 551
950 476
820 547
673 698
872 561
1255 481
899 614
884 629
996 580
978 592
1013 591
898 685
880 702
832 800
929 677
1157 583
887 754
811 870
1030 658
1093 632
628 1026
1025 663
883 803
1104 636
886 822
983 707
1068 672
1096 662
1320 627
1141 678
967 810
1282 645
986 792
1101 710
937 877
990 799
1007 789
1149 711
1209 693
1159 719
1153 733
1254 683
1243 701
918 943
1163 752
1166 763
1078 833
1262 729
972 919
1148 805
1121 835
1481 669
1412 697
1377 741
1299 781
938 1012
1091 909
1401 742
1098 925
1281 828
1327 809
1124 933
992 994
1442 779
1184 912
1181 918
1376 838
1429 806
1270 893
1304 897
1345 884
1490 819
1430 865
1463 847
1303 924
1206 971
1322 944
1468 886
1444 911
1459 903
1404 948
1464 934
1386 966
1521 904
1436 962
1470 987
1524 956
1488 986
1528 983
1493 1010
1352 1024
1114184231 2140944369
1
sift 79
40 25
101 40
28 28
122 47
140 51
96 30
145 56
164 59
88 70
220 77
249 72
138 78
202 97
289 110
218 165
358 104
254 84
348 83
296 109
290 111
312 195
305 120
335 146
487 123
382 114
373 140
388 214
413 119
419 143
302 179
418 130
572 148
385 234
446 138
518 135
324 193
598 160
652 197
414 238
530 175
675 187
670 191
650 177
658 200
508 285
1079 172
810 202
738 256
684 246
1167 339
551 340
659 277
885 237
876 239
907 287
1447 343
559 364
1298 880
910 284
1474 308
1253 479
649 332
668 405
603 441
878 358
867 383
762 483
973 423
944 468
1043 438
947 491
1068 472
1060 485
1262 486
1042 638
1067 619
1351 584
1323 755
1528 721
