1117478728 1474642507
1
sift 184
10 16
119 168
68 47
76 75
91 56
197 195
73 68
84 74
120 82
906 873
125 92
93 116
135 97
205 80
121 124
133 102
157 118
134 114
193 128
186 131
170 160
212 127
345 94
201 156
249 122
200 151
192 181
202 154
250 173
164 216
243 171
287 209
208 224
246 187
293 239
253 201
291 236
336 262
258 298
284 266
346 253
307 271
270 321
349 260
318 277
380 212
351 294
325 406
372 296
440 254
338 434
422 287
378 345
405 297
391 408
392 432
429 414
411 435
453 358
275 1237
363 569
430 451
417 478
520 384
413 544
377 632
581 402
455 533
387 758
613 400
493 520
482 567
705 371
490 635
547 674
545 565
691 472
486 816
526 641
600 558
544 800
604 687
632 670
612 868
649 679
628 741
598 945
664 701
601 858
587 962
688 764
702 799
592 1063
747 775
807 852
709 827
656 995
795 860
892 715
683 933
843 980
724 877
623 1312
1020 820
669 1170
674 1161
786 1067
749 1034
719 1099
905 975
689 1233
735 1149
922 982
937 901
657 1472
907 1030
727 1248
686 1459
857 1108
742 1285
834 1179
996 1017
740 1342
715 1453
968 1093
726 1538
1065 974
948 1182
853 1494
874 1317
871 1403
1007 1230
858 1454
1102 1069
830 1623
1235 983
1084 1144
1066 1173
929 1406
1289 1005
940 1410
799 1816
1165 1194
844 1730
927 1563
1241 1107
1006 1391
1151 1221
1217 1159
972 1499
852 1863
998 1473
884 1785
911 1720
1291 1133
970 1552
993 1555
1403 1124
914 1803
1022 1523
1293 1341
924 1847
946 1786
1276 1388
910 1994
1148 1479
1121 1884
1000 1812
1129 1554
1348 1535
1053 1871
1164 1680
1398 1742
1072 1874
1143 1848
1424 1506
1105 1934
1206 1811
1318 1958
1312 1717
1263 1900
1412 1837
1268 1941
1353 1973
1117478728 1481597607
1
sift 56
190 80
44 23
64 42
388 407
276 108
113 55
162 73
786 476
696 219
302 112
215 157
604 708
835 245
376 123
383 133
510 1916
881 288
379 153
484 142
858 883
930 296
390 230
542 211
1424 1142
860 326
596 222
692 284
815 450
904 323
578 583
1177 426
938 378
1025 467
1333 537
1095 509
1260 564
1355 584
1196 593
1098 653
1389 647
1202 635
1307 577
1234 770
1139 733
1316 676
1341 963
1359 664
1302 729
1210 790
1370 719
1252 818
1323 782
964 1100
1339 893
1326 929
1135 1722
1117478728 1564394763
1
sift 87
103 52
135 68
208 149
171 75
186 100
300 253
250 165
346 212
338 290
336 276
396 257
380 384
413 251
404 287
417 505
449 282
388 345
431 673
391 340
411 349
478 741
604 247
502 342
608 663
509 360
600 323
575 746
545 442
555 444
544 851
499 520
628 472
598 849
786 408
664 496
669 813
858 422
834 471
749 776
1084 507
857 695
639 1001
929 660
874 748
674 956
612 1146
886 857
762 880
656 1127
871 873
742 958
688 1081
1121 829
715 1212
709 1424
1033 972
774 1325
924 1231
1114 1005
940 1442
968 1320
998 1421
912 1532
946 1557
1030 1718
1129 1296
972 1682
1276 1674
977 2188
1171 1748
1293 1726
1164 1871
1053 2170
1165 2162
1263 1845
1331 1732
1412 1678
1155 2087
1285 1939
1318 2099
1184 2141
1347 2047
1392 1991
1369 2128
1346 2242
1353 2241
1254 2290
1117478728 2025875319
1
sift 83
92 58
60 47
239 118
110 62
138 82
120 75
354 160
113 84
190 112
137 92
327 197
149 144
231 128
202 148
366 247
186 193
276 172
204 192
646 159
250 187
535 370
298 269
439 169
1001 319
609 149
381 228
696 418
288 302
370 248
790 460
462 220
293 344
860 455
400 272
408 326
815 483
429 340
484 341
882 540
499 413
490 420
1145 812
720 411
497 779
1355 727
631 567
616 681
1234 822
703 561
822 500
1177 923
746 548
1158 440
1333 932
840 546
641 935
702 758
938 579
774 720
897 651
1025 584
736 952
1192 591
1139 695
968 846
837 1068
988 903
1107 836
1282 854
1292 850
1135 1016
1327 855
1236 970
1339 926
1194 1088
1323 960
1313 973
1368 1021
1326 1098
1269 1155
1424 901
1391 1081
1318 1184
