1202276389 1257965185
1
sift 93
79 56
70 57
29 6
201 164
85 92
36 15
252 198
261 189
76 30
253 241
327 313
68 36
285 220
245 202
149 52
301 283
388 320
137 54
547 562
263 196
192 73
941 816
602 1104
249 108
576 564
741 563
267 102
911 963
276 114
784 473
289 111
153 167
184 156
323 142
236 191
298 154
248 203
365 159
307 266
399 221
416 214
329 263
332 298
349 289
432 245
568 215
510 231
466 253
776 225
405 359
469 315
789 257
696 273
471 356
661 295
612 307
528 346
592 339
1058 262
871 306
969 308
1136 296
737 397
518 541
479 595
974 363
622 489
1108 362
849 421
872 427
862 440
703 525
1093 411
461 760
656 597
1064 445
1078 448
1240 419
770 586
924 499
1007 479
1067 483
1043 521
799 664
1160 511
1080 570
968 610
901 668
865 831
1189 680
823 899
1040 807
1250 1016
1202276389 1567680639
1
sift 115
179 241
85 152
23 27
130 262
576 833
25 36
213 281
401 643
27 57
283 395
572 1104
30 58
356 533
764 1063
39 68
517 680
935 1052
38 83
1003 1321
911 1171
47 133
622 751
1118 1581
67 120
1030 1467
87 131
942 1284
95 141
94 154
101 148
102 214
168 232
172 250
278 195
286 352
312 363
306 379
294 406
325 433
332 443
265 754
347 544
411 469
579 408
384 610
427 530
385 658
538 501
456 567
464 569
361 1024
476 593
506 589
455 640
504 602
439 720
788 453
508 637
530 633
574 628
537 684
548 661
557 681
542 731
536 766
588 693
594 689
546 761
687 609
571 829
503 995
583 837
615 762
681 711
610 845
1178 524
617 895
705 810
689 852
718 873
767 863
722 972
654 1089
819 917
731 1039
653 1185
639 1242
900 865
656 1205
690 1168
750 1105
747 1111
863 992
828 1084
684 1313
939 944
761 1204
814 1148
896 1032
845 1119
852 1123
703 1401
1018 1068
980 1134
1028 1163
1087 1113
981 1278
1070 1218
1162 1263
1092 1336
1120 1377
1095 1515
1190 1489
1248 1398
1256 1416
