121147830 265695382
1
sift 257
624 567
38 27
422 537
282 257
2454 1574
206 395
286 273
185 498
179 718
458 296
237 702
459 331
300 627
467 418
391 480
247 926
486 423
289 932
378 680
218 2003
508 585
309 1091
349 924
392 941
707 516
793 469
350 1284
479 878
877 476
457 1067
743 611
356 1620
804 602
1320 399
493 1121
381 1631
570 1037
1244 448
513 1176
540 1167
432 1484
694 794
722 773
649 901
487 1403
774 812
468 1636
475 1610
1428 487
761 927
923 764
1654 466
611 1349
471 1881
942 818
720 1174
528 1883
662 1347
569 1791
906 939
510 2015
576 1740
711 1443
646 1728
709 1601
558 2416
1503 720
820 1461
839 1435
791 1591
1888 653
925 1420
1046 1248
658 2326
1008 1402
1179 1163
1828 749
1566 933
731 2238
948 1661
1646 907
979 1668
2099 793
1345 1247
1269 1318
837 2181
1254 1414
1819 958
983 1959
1626 1169
1367 1432
1218 1670
856 2811
961 2422
935 2504
1359 1626
1652 1298
2448 917
1823 1172
1266 1801
2343 1021
1201 1928
1173 1970
1389 1715
902 3036
2541 948
1978 1193
976 2842
1265 1975
1312 1976
1607 1595
1065 2568
1339 1965
1298 2009
2728 1027
1067 2738
2679 1063
1694 1597
1172 2411
1311 2167
1606 1754
1175 2515
1926 1446
1794 1584
1303 2261
1703 1701
999 3430
1552 1933
1286 2437
1225 2598
1335 2352
1207 2702
2516 1269
1563 2029
1300 2582
1532 2170
1993 1660
1455 2371
1885 1741
3114 1144
2643 1312
1212 3088
1913 1806
1489 2473
2682 1361
1347 3002
1441 2841
1461 2851
1664 2295
1354 3150
2187 1823
1569 2592
1325 3320
1124 4092
1614 2572
2211 1879
1830 2146
2953 1424
2200 1905
1922 2084
2117 1985
2121 1995
1234 3851
1844 2306
2150 2082
2462 1866
2817 1678
2057 2201
2503 1872
1704 2879
2063 2276
1572 3227
1800 2659
1439 3688
1783 2747
2144 2257
2311 2138
1950 2610
3096 1692
2198 2309
1508 3653
1545 3567
1522 3684
1619 3409
1351 4454
1369 4422
2746 1954
2718 2001
1943 2938
1940 2955
2394 2390
2566 2164
1790 3218
2417 2414
2166 2915
1741 3512
2112 3076
2921 2135
2280 2903
2632 2458
2756 2323
2539 2624
1937 3474
1524 4585
1630 4494
2556 2735
2355 3119
1977 3650
2436 3079
2101 3640
2255 3424
2665 2848
2762 2810
2460 3210
2703 2922
1920 4173
1981 4096
2226 3690
2850 2860
2456 3360
1949 4314
3275 2529
2231 3886
2991 2820
2726 3090
2955 2918
2984 2924
2694 3203
2337 3862
2903 3135
3162 2911
2186 4452
2557 3790
3273 3003
3330 3063
2367 4445
3277 3146
3450 2962
3008 3427
3451 3055
2879 3707
3317 3235
2844 3834
2916 3815
3471 3158
3365 3322
3264 3428
2626 4393
3438 3385
3197 3695
3024 4083
3060 4087
2894 4328
3427 3723
3476 4013
3376 4484
3425 4433
121147830 414432701
1
sift 409
221 117
161 84
1293 1170
142 108
1034 880
167 137
1380 1374
194 131
1297 745
175 156
1444 1636
293 164
1144 1050
304 183
1517 1765
267 267
1109 1119
347 188
2094 2330
333 246
1264 1251
364 280
2449 2551
383 298
1356 1360
374 335
391 387
1604 1511
373 406
387 439
1624 1805
602 323
489 399
1672 1941
534 461
561 441
2106 1593
585 432
613 414
1676 2120
550 496
612 430
1864 2128
651 408
512 576
2400 2101
552 563
599 559
2281 2228
607 605
635 579
2193 2368
625 625
786 471
2444 2241
690 540
799 481
2233 2901
696 589
701 583
2470 3162
685 608
734 587
2666 2907
762 539
695 662
2693 3010
681 696
725 671
2763 3085
814 610
756 654
3147 2823
802 656
766 689
2851 3346
812 655
843 644
2998 3551
832 664
704 806
3000 3739
753 747
720 905
3041 3757
922 686
776 833
3033 4645
769 847
861 746
886 729
828 795
774 874
778 878
918 733
858 790
898 768
872 817
911 766
920 764
842 870
885 837
813 909
908 824
853 897
888 875
846 937
941 840
978 802
912 921
987 861
927 914
857 1012
900 979
990 895
934 945
1110 789
1026 915
923 1054
899 1143
1040 955
1047 975
1086 957
1180 889
1143 930
971 1230
1046 1115
1114 1093
1161 1053
1096 1126
1220 1049
1216 1069
1209 1091
1126 1204
1187 1135
1074 1409
1130 1314
1211 1195
1311 1125
1230 1191
1215 1289
1396 1118
1339 1166
1400 1150
1418 1136
1301 1265
1298 1307
1486 1128
1359 1255
1509 1103
1282 1416
1476 1213
1385 1390
1442 1329
1540 1198
1542 1222
1391 1430
1481 1340
1287 1574
1386 1502
1472 1471
1389 1647
1547 1461
1526 1492
1432 1633
1461 1589
1362 1740
1433 1658
1424 1676
1583 1443
1515 1615
1621 1470
1534 1653
1478 1749
1703 1438
1525 1728
1732 1434
1674 1526
1488 1834
1699 1512
1451 1915
1450 1923
1494 1910
1563 1812
1609 1766
1665 1710
1548 1908
1557 1899
1532 1932
1417 2140
1643 1771
1695 1722
1648 1801
1614 1856
1627 1851
1719 1717
2001 1482
1506 2089
1795 1662
1530 2080
1733 1786
1728 1804
1754 1775
1640 1960
1831 1759
1685 1987
1739 1905
1692 2009
1745 1925
1835 1863
1698 2039
1847 1872
1982 1783
1700 2098
1755 2008
1765 2049
1746 2074
2030 1838
1711 2200
2188 1752
2138 1815
1783 2110
1924 1978
1691 2324
1833 2092
1829 2119
1712 2358
1821 2196
2047 1997
1781 2289
1799 2263
1714 2460
1854 2243
2473 1741
2059 2068
1794 2464
1707 2687
2051 2185
1923 2291
2141 2112
1797 2483
2171 2099
1806 2480
2212 2067
1844 2451
1934 2339
1987 2315
2101 2213
1837 2535
2061 2297
2038 2350
2255 2166
1909 2505
1998 2434
2423 2030
2314 2191
2132 2389
2461 2056
2005 2538
2162 2380
1977 2610
2063 2533
2112 2496
2119 2492
2593 1989
2057 2575
2323 2300
1950 2742
2349 2321
2525 2126
2530 2117
2280 2430
2182 2617
1890 3019
2144 2753
2574 2188
2181 2718
2205 2686
2155 2802
2307 2570
2339 2544
2159 2844
2528 2327
2599 2273
2380 2591
1919 3208
1931 3279
2338 2793
2841 2198
2425 2661
2269 2904
2287 2923
2474 2614
2259 2981
2472 2626
2260 2983
2645 2425
2355 2880
2397 2950
2691 2525
2395 2985
2661 2561
2947 2332
2700 2624
2436 3043
2406 3126
3197 2240
2617 2817
2329 3265
2853 2571
3016 2461
2379 3251
2536 2999
2175 3619
2446 3170
2626 2889
2895 2632
3025 2556
2668 2953
2303 3520
2479 3240
2524 3179
2490 3307
2313 3673
2985 2790
2739 3049
2514 3341
2858 2972
2789 3127
2951 2991
2727 3201
2765 3157
3204 2741
2639 3351
2836 3218
2559 3571
2881 3197
2649 3484
2699 3430
3102 3013
3289 2855
3053 3086
3028 3148
2857 3331
2814 3389
2577 3744
2860 3360
2689 3661
2767 3538
2862 3465
2777 3568
2788 3659
3379 3021
2978 3423
3055 3342
3124 3297
3110 3317
2652 4003
3283 3228
2781 3882
2935 3674
3233 3338
3242 3321
2706 4127
2632 4261
2607 4316
3128 3521
3160 3494
3125 3596
3052 3715
3109 3655
2780 4203
2984 3903
2723 4381
3169 3699
3015 3974
3200 3687
3287 3671
3195 3954
3150 4029
3430 3656
3399 3799
3073 4307
3087 4298
3509 3345
3395 3874
3452 3732
3431 3822
3104 4364
3094 4394
3299 4085
3300 4130
3001 4565
3446 3945
3390 4097
3488 3741
3373 4208
3465 3983
3437 4099
3417 4153
3370 4315
3146 4595
3180 4601
3377 4395
3304 4531
3374 4454
3426 4371
3487 4144
3507 3960
121147830 704502137
1
sift 496
494 445
55 91
782 486
956 934
92 77
739 766
64 120
753 755
1117 1239
121 89
795 876
100 163
1264 840
2322 3597
148 196
1470 975
144 281
1529 974
3190 4645
142 300
1390 1216
206 251
1145 1655
179 315
1517 1363
216 258
1308 1631
260 214
1380 1577
208 305
1393 1755
177 393
1474 1778
229 351
1394 1892
225 358
1672 1554
203 405
1757 1467
365 260
1551 1869
420 247
1864 1596
288 432
1702 1925
412 276
2004 1819
277 506
1738 1882
280 500
1582 2574
459 290
2193 2086
458 312
2106 2173
427 334
1815 2483
304 528
2079 2298
495 342
2081 2311
309 636
2470 1987
370 490
2094 2346
349 563
2111 2305
392 475
2302 2226
555 385
2141 2373
335 668
2454 2162
364 579
1874 2823
376 581
2358 2314
621 390
2362 2326
353 688
2032 2699
384 734
2044 2695
394 727
1916 2877
457 700
2520 2236
410 777
2363 2414
414 805
2119 2930
513 707
1971 3163
707 492
2449 2532
669 561
2401 2602
771 495
2471 2530
877 454
2585 2427
440 931
2493 2646
432 986
3091 2272
506 810
2224 3224
744 569
2917 2599
443 1034
3159 2408
522 874
2845 2700
584 797
2420 3391
466 1051
2961 2790
552 879
2653 3140
804 620
2562 3409
589 889
3064 2863
561 959
2598 3548
647 780
3231 2867
691 754
2971 3174
689 756
2926 3260
676 779
3081 3149
662 808
2785 3532
593 1014
2872 3506
747 739
3125 3178
942 625
3000 3424
615 1047
2696 4068
626 1030
2758 3979
924 676
3139 3497
682 904
3086 3754
602 1159
3318 3511
709 984
3383 3474
585 1353
3301 3733
732 1009
3495 3564
711 1032
3039 4239
715 1045
3346 4046
631 1226
3398 4270
622 1268
3413 4823
687 1131
3210 4710
820 937
790 1006
1017 765
797 1044
968 837
778 1086
599 1629
663 1337
729 1225
738 1215
651 1449
664 1488
716 1465
1157 821
701 1504
852 1201
628 1931
726 1474
885 1265
925 1200
1210 881
1428 775
772 1506
815 1418
817 1445
810 1493
954 1240
1083 1080
1254 932
785 1641
921 1357
734 1883
966 1305
837 1603
1001 1344
849 1638
862 1639
865 1650
976 1391
860 1661
1358 998
1043 1333
903 1689
971 1497
1014 1437
935 1622
1221 1145
894 1806
859 1894
842 1970
1367 1110
1214 1250
995 1760
934 1878
1501 1104
864 2120
1202 1355
1389 1196
988 1855
1646 1027
908 2088
1099 1579
1072 1676
1173 1464
1178 1487
1566 1138
1011 1991
898 2348
1096 1763
1186 1613
1129 1762
1626 1158
1207 1677
1352 1495
1397 1453
1084 1979
1175 1798
1598 1254
1823 1108
1225 1750
978 2398
1362 1610
1372 1592
1160 1939
1194 1881
1652 1303
1905 1132
1299 1783
1331 1759
1250 1854
1172 2065
1040 2434
1143 2151
1286 1900
1255 1952
1164 2126
1167 2134
1455 1695
1933 1178
1193 2119
1047 2691
1095 2514
1590 1651
1479 1852
1978 1327
1681 1623
1607 1722
1319 2187
2241 1241
1379 2138
2252 1256
1471 2034
1251 2359
1350 2228
1123 2727
1209 2520
1407 2185
1354 2407
1664 1865
1325 2463
2288 1351
1858 1649
1884 1712
1494 2322
1504 2304
1973 1708
2343 1441
1472 2436
1058 3749
1545 2324
1993 1725
1694 2054
1374 2687
2018 1777
1704 2108
1807 1956
1601 2295
1518 2485
1725 2091
1478 2626
2200 1721
1451 2754
1417 2837
1333 3071
1409 2880
1508 2642
2187 1771
1487 2717
2412 1611
1565 2560
1301 3268
2262 1797
1522 2768
2060 1974
1405 3199
2679 1511
1619 2634
1542 2889
1509 3017
2456 1791
1897 2253
2643 1702
2046 2232
1520 3361
3093 1510
2086 2293
1790 2651
1937 2457
2334 2142
1926 2550
1553 3468
2316 2214
1521 3618
1889 2631
2150 2384
1491 3747
1618 3338
2387 2178
2403 2177
2211 2355
1645 3295
1648 3323
2682 1948
2054 2576
2121 2515
1945 2694
2746 1947
2218 2469
2311 2441
1958 2939
2117 2786
1740 3469
2217 2734
1863 3238
1714 3690
2756 2189
2556 2404
2058 3084
2718 2257
1852 3439
1920 3324
2953 2136
1887 3401
1869 3452
2503 2554
1691 4020
1719 3951
1699 4093
1831 3756
2396 2883
2203 3183
2539 2682
1734 4141
1795 3935
1847 3833
1754 4106
2105 3419
2214 3296
1742 4189
2185 3364
2550 2741
2477 2900
1909 3783
2762 2565
2366 3165
2705 2659
1877 3905
2921 2458
1797 4164
2394 3142
1731 4463
2566 2822
2665 2726
2460 3073
2146 3601
2201 3603
2033 3895
2000 4013
2535 3119
2916 2683
2703 2907
2479 3257
2608 3031
1903 4347
2240 3811
2405 3571
2231 3868
2725 3038
2076 4210
2364 3671
2812 2991
2557 3328
2955 2874
2656 3270
2647 3312
1918 4776
3152 2746
2991 2933
2948 2989
3162 2783
2378 3883
2983 2999
2038 4684
3009 3000
2670 3425
2702 3396
3202 2919
2277 4397
2349 4245
2424 4092
3450 2725
2844 3435
2209 4728
2273 4630
2433 4264
2345 4485
2517 3984
2325 4552
2531 3968
2521 4014
3277 3078
3273 3086
2701 3789
3032 3398
2419 4530
3264 3176
2453 4396
2683 3885
2254 4937
2592 4161
2631 4072
3203 3351
2622 4133
2159 5013
2950 3662
2505 4569
2849 3888
2959 3780
2742 4213
2897 4033
2957 3952
3350 3514
3275 3620
2716 4508
3365 3578
2661 4698
2749 4590
2975 4246
2819 4541
3438 3605
2830 4598
2795 4656
3157 4002
3222 4007
2909 4631
3021 4447
3317 4027
3369 3995
3374 4087
3451 3939
2913 4874
3212 4489
3476 4010
3067 4878
3172 4901
3332 4893
3376 4916
3404 4979
3516 4968
121147830 705256877
1
sift 142
302 692
4 29
47 203
494 1107
55 226
57 280
624 1742
70 242
67 249
1063 2300
64 257
68 269
84 350
110 389
105 462
115 424
121 400
117 453
124 437
128 534
132 720
166 466
148 643
153 627
171 521
172 573
175 644
182 684
179 767
210 585
191 706
176 894
194 769
204 709
206 729
208 768
216 857
229 810
224 881
225 971
226 1005
282 631
237 930
255 873
260 852
267 829
279 868
312 677
291 849
277 997
268 1064
293 974
284 1075
280 1138
290 1100
316 989
315 1062
314 1112
337 954
289 1604
309 1347
347 986
366 874
343 1147
333 1310
305 1794
341 1601
335 1750
373 1280
350 1510
374 1308
406 1194
502 770
364 1447
412 1154
376 1473
370 1596
392 1442
429 1228
394 1542
383 1655
437 1309
357 2206
422 1608
399 2012
543 1178
440 1665
458 1590
443 1700
424 1845
495 1547
456 1987
466 1883
457 2018
476 1786
549 1438
449 2207
471 2040
577 1358
513 1756
508 1825
483 2060
489 2021
478 2095
512 1893
465 2392
510 2152
553 1860
521 2144
550 1952
506 2329
557 1975
656 1258
558 1986
552 2094
570 1924
584 1780
562 2085
621 1633
600 1906
651 1676
593 2356
647 2126
644 2196
745 1465
649 2208
708 1847
768 1560
746 1693
733 1852
685 2232
690 2308
695 2326
753 2017
714 2342
704 2393
829 1734
761 2189
827 1980
882 1920
866 1995
923 2405
121147830 983357929
1
sift 110
624 301
282 294
286 316
1390 339
374 439
467 404
1813 588
556 428
391 732
2585 468
335 1884
847 503
2418 537
944 507
761 656
2358 852
694 764
931 611
1738 1183
685 1066
774 914
2454 843
1527 498
776 1106
1883 1143
720 1387
923 1181
2552 993
1008 1098
861 1532
2961 946
941 1457
927 1515
3082 1072
918 1653
1484 933
3057 1164
1709 755
1299 1115
3333 1159
1218 1199
920 1983
2302 2013
1362 1168
1360 1192
3383 1612
1269 1278
1389 1157
3346 2471
1114 1587
1240 1619
1205 1733
1564 1322
978 2953
1126 2244
1794 1225
1339 1837
1489 1657
1957 1195
1764 1603
2297 1271
1577 1978
1753 1651
1563 2090
1532 2166
1442 2379
2311 1346
1160 3263
1606 2074
2151 1535
2117 1581
2121 1601
1312 3218
1688 2274
1461 2930
1837 2032
2144 1772
1525 3111
2203 1896
2438 1727
1627 2897
2217 2034
2278 2054
2461 1841
1844 2521
1950 2419
2651 1707
2395 2049
2485 1974
1800 2853
2280 2317
1783 3076
1700 3430
1698 3454
2417 2314
2113 2984
3032 1927
2063 3139
2132 3311
2369 3115
3330 2197
2880 2850
3024 2943
2879 3142
3451 2686
3365 3234
3376 3262
3431 3266
3487 3258
3499 3166
121147830 1059548076
1
sift 149
1738 681
64 239
161 141
105 418
286 202
142 551
208 754
467 265
293 588
374 364
321 649
277 1242
446 554
391 689
733 403
289 1865
335 1745
722 535
694 555
649 707
931 485
550 1294
774 885
720 987
685 1163
704 1255
776 1113
690 1361
695 1353
923 935
786 1140
906 1135
1086 892
1154 824
1008 1027
872 1550
1192 1086
917 1690
861 1837
941 1638
1299 1059
790 2219
884 1886
682 2940
920 1852
1345 1088
1038 1589
1232 1237
899 2095
1552 989
1114 1514
770 2821
817 2793
1414 1289
709 4056
900 2694
1359 1501
1489 1408
894 3525
1339 1845
1126 2387
1311 2144
1577 1688
1423 1970
1764 1427
1266 2302
1461 1976
1506 1984
966 4151
2150 1293
2297 1211
2121 1412
1353 2609
1385 2534
1532 2205
1705 1850
1386 2666
1575 2201
1614 2136
1688 2014
1315 3065
1160 3897
1703 2259
2203 1697
1606 2721
1350 3663
1837 2239
1950 2098
1800 2335
2144 2043
1486 3498
1746 2580
1419 3790
1525 3392
2280 2130
1627 3236
1844 2669
1557 3729
1640 3308
1686 3273
2264 2375
1698 3385
2286 2358
2001 2745
2239 2526
1674 3667
1700 3586
1739 3475
2369 2486
3032 1853
1806 3561
1714 4140
1981 3332
1783 4035
2063 3390
2101 3310
1854 4014
1922 3903
2371 3155
1944 4152
2175 3776
2879 2642
2314 3658
2260 4021
2255 4059
2443 3567
2880 2932
2632 3276
2397 4058
2313 4364
2355 4335
3325 2706
3376 2737
2993 3320
2694 3950
2618 4177
2900 3778
3239 3359
2719 4346
3008 3920
2649 4456
2894 4188
2779 4426
3499 3220
3487 3479
3460 3703
3390 3954
3260 4171
3431 4306
121147830 1081171077
1
sift 128
38 13
1648 3129
282 134
286 140
467 187
347 369
437 410
722 346
694 470
364 948
761 433
550 808
720 680
695 703
907 566
449 1244
562 980
923 569
552 1039
786 666
462 1351
776 839
1008 777
918 863
689 1216
899 956
1218 737
1179 795
1046 885
1360 734
1389 753
820 1331
1414 783
920 1248
1240 879
2343 553
986 1197
2288 585
1606 761
1794 701
1001 1392
1114 1157
1131 1167
1265 1048
1201 1181
1205 1176
1298 1119
781 1971
2333 683
1126 1313
858 1809
2241 723
1489 1082
1532 1067
977 1792
1221 1397
1563 1108
889 2074
1339 1324
1386 1285
2311 814
1242 1455
1029 1831
1127 1827
1703 1220
1096 1945
2461 893
1557 1519
1173 2014
2150 1150
1466 1665
1950 1286
1461 1735
1525 1698
2394 1146
1746 1477
1419 1927
2144 1307
1844 1476
1674 1633
1801 1570
2280 1410
1300 2389
1627 1868
1609 2106
1783 1844
2132 1607
1977 1711
1640 2101
1698 2066
2436 1559
1760 2044
2101 1782
1518 2621
1981 2059
2040 2093
2155 2033
2314 1937
2355 1964
1725 2620
2260 2096
1786 2521
2063 2301
1854 2507
2879 1699
1685 2952
2634 1886
2984 1701
3451 1524
1935 2560
2218 2432
3365 1656
2456 2215
1958 2757
2626 2289
2723 2282
3239 2025
3277 2010
2182 3067
2287 3037
2607 2580
2806 2436
3487 1969
2338 3109
2689 2699
2446 3092
3132 2592
3072 3117
121147830 1261438133
1
sift 118
2454 1432
49 236
218 1289
64 194
2553 1945
304 791
289 1792
467 499
2829 3790
486 587
386 2046
556 667
3467 3797
609 605
350 3632
383 1242
3346 4538
465 1383
471 2304
384 2024
440 1884
658 3714
599 1316
534 1859
713 3648
774 1002
515 2490
655 4664
761 1250
944 1015
772 4267
1117 832
613 2537
876 4088
816 1540
701 2089
923 1453
1196 1001
663 2758
814 1870
1008 1523
734 2532
886 1919
726 3089
1228 1321
1597 1019
842 2727
1484 1216
1528 1194
922 2680
908 2834
1345 1570
1878 1120
785 4689
898 3914
1362 1968
1010 3703
1265 2513
1489 2129
1359 2510
1040 4223
1706 1865
1047 4272
1559 2415
1753 1941
1187 3722
1328 3189
1563 2569
1143 4270
1764 2076
1209 4008
1794 2074
1663 2653
1565 3012
1385 3700
2121 1913
1693 2828
1940 2468
1301 4681
2198 2201
1580 3875
1532 4378
2150 2687
1548 4453
2507 2278
2166 2877
1799 3724
2297 2835
2144 3280
2311 3062
2117 3383
1844 4235
1795 4405
2057 3872
1950 4175
2369 3373
2239 3763
2203 4036
2303 3780
2280 3980
2264 4303
2394 4013
2001 4746
2436 4309
2702 3718
2903 3431
2880 3564
3317 3005
2965 3639
3032 3650
3325 3391
2993 4415
3226 4049
3330 4193
3365 4260
3024 4700
3451 4477
3374 4696
121147830 1481597607
1
sift 116
311 624
38 143
47 263
551 1014
50 309
68 304
571 1052
64 331
84 495
668 1029
100 464
170 252
782 991
105 600
115 713
739 1244
153 756
143 1199
1035 1225
172 835
206 785
1063 1564
216 775
176 1146
916 2052
208 861
191 1036
991 2066
179 1248
194 1070
1109 1748
204 1039
225 996
1144 2107
260 773
229 1108
1171 2046
255 953
237 1166
1431 1719
291 814
288 930
1247 2406
280 1093
277 1272
1293 2460
293 1175
266 1582
1459 2375
316 1271
289 1674
1529 2389
347 1074
321 1383
304 1633
441 866
349 1395
353 1367
341 1658
335 1807
359 1520
406 1328
376 1529
364 1660
392 1576
356 2171
437 1469
383 2063
384 2076
434 1680
440 1714
399 2365
457 1853
429 2154
432 2131
478 1757
527 1608
443 2168
513 1736
483 1945
466 2393
475 2332
471 2414
540 1972
637 1414
512 2229
506 2343
550 1993
570 1882
465 2665
510 2512
547 2326
552 2420
561 2416
584 2222
688 1479
607 2226
602 2325
593 2403
589 2627
635 2384
689 1899
662 2189
676 2385
691 2335
721 2238
682 2585
729 2552
697 2659
725 2661
1244 1937
1320 2092
1254 2626
1428 2200
1528 2315
1788 1713
121147830 1580303157
1
sift 90
221 240
47 177
49 182
302 457
55 169
64 221
419 519
68 217
84 295
739 648
100 423
105 488
624 1171
110 420
142 471
758 1279
121 930
167 467
863 1114
190 448
128 1036
782 1739
153 700
210 441
991 1504
158 852
175 720
1035 1563
208 609
216 608
1034 1571
204 646
177 1144
1063 1550
194 1000
206 912
1109 1712
229 792
237 783
288 601
267 708
280 751
260 948
278 823
268 881
293 955
304 838
289 1063
333 916
391 715
335 1346
337 1325
364 1098
374 1054
350 1326
440 797
373 1317
388 1270
381 1491
384 1522
394 1422
357 1860
400 1597
429 1309
457 1630
462 1730
556 1248
513 1484
512 1617
550 1413
495 1752
506 1803
573 1439
602 1380
561 1699
612 1501
649 1564
635 1726
721 1260
798 1199
753 1321
681 1764
787 1407
720 1873
790 1787
843 1579
842 1807
912 1584
943 1812
1438 1701
121147830 1887534972
1
sift 188
117 89
167 119
105 300
216 347
293 306
374 231
267 346
208 533
437 236
333 391
391 318
722 213
278 681
944 228
373 599
364 767
289 1303
550 653
335 1341
309 1532
685 600
443 1110
907 538
552 979
720 674
357 1749
645 828
776 707
457 1415
1218 479
625 1030
399 1831
1389 451
941 735
1232 589
382 2452
918 794
1414 544
1240 616
872 897
927 835
1794 435
762 1060
899 1063
861 1161
2117 515
1114 913
558 2402
1298 814
1205 899
2121 566
1764 644
813 1515
1074 1141
842 1583
1489 867
2150 640
648 2323
900 1548
1606 817
1130 1156
732 2042
778 1887
885 1684
1753 819
978 1661
1126 1349
713 2615
934 1836
858 2052
971 1808
2217 790
1442 1215
1311 1357
2203 836
860 2292
2394 822
1440 1331
1540 1315
988 2218
1615 1278
2166 1000
966 2448
1461 1503
1418 1626
2071 1105
2457 968
1073 2280
895 2974
1161 2062
1088 2243
3152 808
1475 1655
876 3123
2286 1081
1255 2067
1376 1900
1799 1399
2903 987
1226 2315
1557 1824
2880 1064
1419 2155
1350 2283
1501 2118
1667 1854
1627 1910
1783 1753
1379 2497
1175 2906
1674 1960
1698 1943
1319 2777
1026 3978
1944 1779
1433 2621
1432 2728
2436 1574
2718 1382
1488 2677
1981 1869
1893 1953
1344 3060
1700 2303
3451 1193
2966 1367
3325 1271
2634 1541
2101 1992
1806 2258
2255 1893
1782 2352
2694 1678
1833 2438
3365 1412
3376 1430
2314 2096
1770 2694
2355 2068
2155 2306
2721 1822
1553 3383
1890 2618
3431 1586
2618 2016
1754 3205
1897 3037
1854 3155
1934 3008
1898 3358
2338 2818
2779 2381
2812 2501
2757 2575
3132 2265
2894 2474
2700 2692
2269 3285
1772 4123
2313 3313
2446 3174
2483 3203
2536 3165
2472 3330
2453 3541
3275 2671
2452 3794
2807 3255
2599 3576
2410 4012
2703 3458
3470 2695
2727 3583
2765 3553
3304 2938
2445 4125
2590 3955
2789 3681
3300 3092
2858 3728
3073 3671
2985 3806
2767 4111
3450 3427
3277 3980
3264 4086
3217 4121
3476 4106
121147830 2048594538
1
sift 121
302 221
753 446
311 290
419 278
543 781
330 365
739 239
768 741
863 216
623 393
688 1352
630 413
551 549
1097 847
919 324
1035 296
939 1146
572 655
594 636
1621 853
1144 354
1109 377
944 2170
755 629
1264 376
2004 817
1247 384
1356 466
1146 1942
1604 398
916 798
2141 837
1474 484
1529 499
1199 2410
1293 591
1445 601
1528 1807
1766 509
1748 527
1878 1403
1517 673
1260 877
1484 2209
1536 699
1864 541
2119 1502
1716 643
1635 728
1956 1920
1111 1229
1390 961
2420 1673
1551 863
1744 767
2426 1678
1392 1111
2106 674
3084 1467
2193 772
1574 1295
3398 1416
2693 686
2233 868
3301 2078
2081 957
1774 1149
3125 2413
2094 963
2043 1067
2875 754
1757 1349
2471 915
2401 959
2103 1175
2816 854
1677 1692
1963 1422
2418 1163
2177 1383
2998 953
2576 1145
2449 1279
2375 1436
1738 2180
1916 1937
2548 1392
3192 1059
3000 1141
1883 2064
2256 1712
1813 2259
2413 1665
3064 1209
1985 2312
3033 1342
2845 1507
2585 1726
3305 1375
2363 2194
2834 1751
3078 1595
2653 1934
2961 1723
2838 1854
2480 2294
3510 1306
2454 2395
2917 2047
3091 1984
3092 1995
3424 1752
3069 2174
2771 2498
3319 1997
3454 1925
3081 2315
3318 2127
3174 2453
3413 2310
3497 2356
121147830 2075366909
1
sift 221
624 334
55 69
508 3254
47 98
755 938
64 109
662 3272
84 230
1813 1497
100 365
142 271
2785 2249
191 217
153 472
2926 2665
150 562
128 724
2901 3048
175 481
216 484
3382 2693
229 499
208 594
3346 4433
179 810
280 442
305 398
288 452
347 335
255 601
225 781
293 555
343 416
277 642
224 1176
364 639
366 669
465 533
383 701
353 928
429 691
384 795
335 1051
349 1253
466 958
410 1111
376 1480
550 1027
561 999
434 1396
585 997
512 1220
599 1039
552 1186
341 2662
607 1079
521 1336
635 1004
457 1646
600 1152
798 851
613 1245
593 1500
506 1952
616 1482
1097 674
644 1365
701 1132
762 1058
802 1013
625 1555
584 1805
734 1154
589 1942
815 1190
569 2301
756 1443
663 1908
843 1377
886 1394
647 2247
888 1460
778 1804
944 1359
1308 947
920 1548
951 1495
1000 1426
852 1775
908 1729
1093 1274
921 1792
709 2620
817 2129
813 2165
885 1990
859 2062
772 2435
1217 1295
1180 1379
732 2798
715 2873
904 2252
1211 1514
1110 1701
872 2474
898 2388
967 2135
682 3635
934 2414
1227 1740
958 2480
1076 2076
862 2947
1028 2369
1040 2334
1096 2098
1230 1905
1047 2387
894 3103
1084 2339
1215 1995
1400 1850
1187 2197
995 2980
971 3072
1209 2204
1143 2485
954 3316
1161 2521
925 3752
884 4235
1095 2878
1251 2598
1389 2329
1878 1600
1118 3198
1236 2851
1547 2175
1301 2810
1695 2159
1509 2618
1123 3867
1452 2800
1056 4428
1272 3282
1250 3411
1526 2756
1175 3921
1255 3583
1333 3517
1376 3388
1374 3446
1315 3859
1548 3027
1478 3242
1319 3862
1450 3365
2118 2074
1226 4362
1712 2725
1494 3347
1379 3963
1691 2924
1982 2430
2188 2302
1794 2822
1472 3987
1745 3127
1683 3433
1520 4213
1719 3345
1553 4161
1754 3344
1934 3034
1795 3322
1833 3350
2145 2940
1836 3529
1645 4383
1697 4238
1797 3811
1789 3853
1821 3856
1786 3991
1847 3810
2172 3245
1770 4142
2394 3001
1831 4096
1880 3968
2030 3632
2061 3681
1733 4579
2162 3722
1909 4268
2165 3769
1898 4417
2559 3073
3125 2563
2308 3734
2564 3179
2038 4395
2691 3138
2947 2900
2250 4289
2528 3508
2159 4551
2287 4324
2259 4557
2631 3784
2853 3558
2645 4172
2674 4169
2860 4115
2672 4561
3015 4437
3016 4497
3160 4606
3395 4412
3365 4555
