1216237916 1261438133
1
sift 80
198 60
662 652
923 435
281 76
289 77
832 1293
1033 485
278 84
252 97
1043 1319
402 86
337 101
1160 1410
397 88
510 91
1802 1606
535 98
822 95
1654 2915
542 121
664 126
1867 3399
652 131
321 194
799 141
682 146
430 192
574 171
901 151
815 179
1009 188
1161 184
554 265
724 256
1144 212
1193 216
1628 196
1094 224
720 270
1234 228
488 417
879 297
1390 281
570 460
765 397
986 351
1047 345
1707 300
1404 317
837 412
1524 337
1064 399
1013 414
1065 433
1464 388
1131 429
1268 415
1569 394
1192 448
1527 431
1387 436
1398 497
1779 453
1262 519
1367 532
1087 651
1496 567
1296 614
1668 687
1757 665
1568 735
1821 761
1677 1136
1419 1308
1377 1442
1643 1325
1690 1351
1354 1625
1728 1383
1409 4102
1216237916 1392468951
1
sift 92
21 1
35 14
83 15
63 10
67 12
56 44
82 21
81 26
86 19
94 34
136 41
100 50
137 43
567 86
145 53
121 51
129 52
457 132
208 68
165 46
130 56
713 137
250 85
151 81
192 70
632 165
378 104
204 69
193 73
953 201
476 112
207 71
315 89
1104 533
613 117
436 124
625 126
1366 531
755 122
653 134
507 140
1066 857
616 130
589 154
740 136
664 1348
914 156
585 161
599 167
1522 999
751 173
856 153
803 175
995 177
900 198
1052 179
1130 180
1247 205
1173 182
1127 191
1260 213
1351 194
1272 202
1453 212
1445 209
1266 224
1297 230
1478 217
1795 225
1100 259
1493 240
1434 256
1422 253
1620 244
1712 248
1439 261
1693 251
1514 275
1710 276
1731 267
1742 266
1695 287
1735 272
1592 307
1605 304
1679 320
1806 313
1755 322
1827 330
1756 378
1688 396
1758 389
1216237916 1481597607
1
sift 83
221 144
421 188
234 349
310 285
321 331
287 421
443 384
335 557
368 554
724 364
538 495
417 624
550 548
440 689
765 486
488 721
392 903
1013 437
618 607
667 600
645 650
517 887
571 807
432 1065
575 869
608 866
496 1362
686 939
1108 669
1016 775
920 836
1240 756
1077 848
663 1301
704 1218
1006 935
874 1036
850 1074
1361 785
1277 861
1059 1108
1119 1070
767 1523
660 1729
830 1445
1149 1092
1147 1128
687 1769
1081 1239
1177 1175
1285 1191
1237 1272
670 2281
709 2145
1298 1346
1641 1248
975 1886
1302 1524
894 2129
1342 1537
1802 1271
1643 1421
973 2179
1216 1720
1220 1809
1311 1751
1419 1679
1165 2034
1362 1789
1248 1975
1798 1542
1328 1978
1229 2154
1228 2176
1531 2014
1610 1993
1498 2250
1667 2063
1690 2172
1469 2481
1391 2577
1812 2510
1728 2665
1216237916 1580303157
1
sift 108
234 174
223 254
291 179
266 224
358 176
321 221
335 263
286 358
309 436
538 295
384 434
517 322
375 457
432 415
504 363
497 428
645 333
452 497
377 648
370 688
649 441
704 424
386 901
744 420
667 488
724 470
413 868
696 494
735 471
824 435
584 605
874 449
518 857
765 621
1006 550
1454 423
515 1113
851 626
581 947
648 806
864 638
770 739
1016 608
597 1014
750 811
720 907
1277 609
1641 547
664 1156
973 803
1013 789
628 1342
1059 792
639 1337
1149 752
1240 700
1077 805
1248 754
1022 966
1153 851
690 1454
1238 823
1644 685
815 1282
1177 955
954 1170
845 1297
1119 1000
1533 785
1531 790
1312 916
1361 912
1202 991
1419 909
738 1751
760 1691
799 1701
1147 1144
1449 982
1029 1321
1646 896
901 1489
1225 1247
873 1815
1229 1309
1825 974
1544 1140
1228 1377
1391 1278
1192 1472
1015 1818
1047 1779
1185 1535
1193 1629
1234 1563
1144 1725
1730 1199
1610 1413
1538 1505
1496 1634
1568 1560
1444 1697
1457 1809
1812 1469
1642 1705
1569 1808
1850 1512
1727 1837
1216237916 2075366909
1
sift 163
209 55
824 369
765 417
234 58
216 69
1146 576
825 467
221 79
246 77
1511 789
1013 515
281 81
320 92
1646 823
1568 732
278 99
321 109
1262 820
335 117
397 113
1575 873
337 136
402 126
1496 952
370 134
417 133
375 140
510 129
432 144
504 141
542 139
452 173
408 190
421 189
518 197
541 200
458 233
546 223
538 230
584 234
696 221
874 217
720 236
591 289
667 272
721 258
878 240
767 259
735 271
725 281
770 274
830 263
1193 257
724 319
699 343
685 373
912 320
850 335
1047 313
986 324
954 333
1005 330
840 370
621 441
834 390
879 381
1029 375
810 423
1391 363
1254 380
1172 397
1454 365
885 470
763 510
973 460
920 481
916 490
1155 429
1016 484
1149 443
907 519
1192 447
1059 499
915 541
1153 486
1137 491
1387 434
1189 480
1202 482
1240 472
1077 521
1527 454
1063 543
1569 464
962 609
1131 547
1457 492
1147 562
1177 555
1185 554
1295 559
1221 581
1711 501
1243 587
1380 567
1285 582
1277 594
1520 564
1264 615
1361 603
1728 533
1226 640
980 726
1241 636
1237 642
1629 585
1298 652
1427 629
1229 691
1560 622
1091 744
1642 635
1444 685
1573 666
1647 655
1038 836
1727 648
1661 670
1525 704
1367 723
1812 649
1667 701
1255 778
1233 784
1291 780
1732 705
1668 721
1846 696
1555 758
1787 750
1366 888
1641 810
1779 767
1085 1012
1604 845
1451 906
1744 819
1474 912
1730 851
1821 816
1822 880
1803 905
1764 939
1838 945
1610 1027
1720 996
1541 1069
1753 1032
1542 1100
1788 1049
1245 1469
1566 1536
1767 1499
