1257965185 1593085527
1
sift 62
62 102
50 162
15 87
59 89
16 81
32 55
131 252
22 97
56 99
36 228
263 423
198 298
42 241
156 287
54 363
314 1116
65 305
191 273
73 264
420 903
83 459
183 288
91 516
525 1476
115 377
189 317
101 565
120 421
196 307
116 453
114 506
202 313
111 563
112 558
229 291
128 518
130 599
272 388
149 478
141 610
271 399
140 719
152 1051
298 473
163 796
166 1164
541 910
201 902
185 1388
597 819
190 1286
206 1045
563 977
219 1069
212 1450
760 940
214 1400
231 1594
230 1735
252 1316
255 1726
304 1414
