1259837869 1580303157
1
sift 84
15 5
104 146
264 270
416 224
443 239
647 235
637 263
606 308
941 255
753 319
704 372
797 341
809 378
738 449
803 428
932 358
733 503
781 488
949 362
755 529
613 666
810 550
587 802
984 494
834 609
1050 459
1066 497
1179 495
954 626
840 754
1151 525
1274 492
925 702
1098 587
1052 605
1298 558
1004 739
1400 541
995 906
1210 735
1319 655
1095 998
1244 823
1247 935
1461 745
1454 752
1241 974
1923 595
1130 1137
1196 1054
1539 727
1554 776
1321 981
1438 859
1728 733
1670 766
1356 1063
1581 863
1851 738
1578 881
1957 723
1418 1052
1982 816
1343 1309
1376 1256
1849 924
1949 910
1734 1032
1254 1664
1780 1065
1619 1200
1533 1433
1572 1402
1916 1235
1284 1885
1920 1270
1861 1346
1689 1573
1884 1376
2031 1278
1978 1325
1726 1616
1873 1500
2014 1622
1259837869 1846734614
1
sift 147
1409 1284
13 4
292 254
373 298
16 2
24 14
345 215
371 394
230 259
331 204
541 518
532 316
321 426
375 567
724 639
542 433
545 559
620 411
811 600
928 317
535 609
634 477
682 692
848 677
772 443
614 524
835 730
1191 680
612 553
804 470
1006 799
1176 771
577 634
844 485
850 1003
1122 901
444 883
693 597
1080 845
1189 885
706 591
656 690
1002 969
1246 921
788 630
674 700
1049 974
1218 1095
695 722
730 831
1141 1144
1132 1206
645 976
727 942
1488 1033
1408 1004
1008 713
633 1098
1338 1317
1506 1087
755 981
862 879
1475 1366
1922 1336
716 1076
977 812
1133 1917
1699 1569
710 1293
798 1184
1490 1618
1739 1819
917 1013
885 1185
1588 1556
1654 2088
1055 1007
1098 995
1511 1647
1772 2353
810 1414
1051 1170
1936 1357
1742 2514
826 1606
1066 1205
1837 1806
1083 1285
1058 1333
1788 1850
1065 1345
973 1514
2040 1724
1319 1119
987 1602
2068 1732
1085 1462
1123 1419
1946 1968
1245 1277
1264 1299
1836 2117
1207 1513
1419 1296
2041 1981
1410 1386
1244 1609
2063 2413
1130 1837
1311 1598
1300 1630
1473 1408
1461 1438
1286 1710
1519 1411
1423 1499
1164 1948
1464 1574
1516 1608
1558 1560
1200 2194
1673 1548
1498 1829
1810 1619
1663 1725
1562 1858
1682 1763
1258 2404
1689 1785
1478 2154
1728 1954
1684 2056
1833 1945
1483 2442
1509 2441
1605 2289
1546 2403
1697 2219
1703 2293
1850 2227
1783 2369
1717 2490
1903 2280
1854 2531
1845 2591
2035 2378
1967 2535
1259837869 1887534972
1
sift 82
375 125
553 225
319 436
324 489
444 430
781 300
420 590
445 560
483 529
716 392
810 358
694 420
585 521
954 362
733 484
644 541
1241 338
762 535
697 593
790 552
728 615
796 611
645 690
1014 505
725 718
806 669
672 788
573 939
633 928
1263 550
1617 464
860 854
1088 726
1244 681
1819 599
995 917
920 1008
1477 767
1556 756
1660 815
1693 897
1254 1186
987 1634
1056 1535
1113 1561
1164 1521
1713 1117
1403 1303
2010 1123
1692 1329
1550 1416
1115 1970
1258 1780
1085 2060
1362 1701
1747 1376
1861 1341
1256 1961
1967 1415
1794 1532
1436 1831
1412 1902
2032 1470
1689 1735
1964 1629
1262 2337
1548 2053
1546 2101
1869 1966
1299 2816
1441 2686
1587 2738
1835 2641
2008 2451
1800 2802
1696 2904
1541 3286
1675 3125
2057 2669
1712 3422
1914 3392
1764 3697
