1261438133 1481597607
1
sift 55
1471 1367
328 257
256 364
1606 1271
253 382
367 417
1792 1674
271 705
414 437
397 486
277 866
567 880
492 1375
595 984
619 969
607 1346
1020 714
1126 968
814 1542
985 1357
859 1745
1163 1190
1263 1129
1119 1413
1445 1044
1016 1613
1093 1516
1108 1985
1165 1890
1208 1831
1247 2013
2130 1103
1194 2315
2007 1275
1579 1765
1751 1592
1191 2544
1927 1888
1912 1942
2170 1793
1851 2201
1789 2572
2220 1984
2036 2207
1993 2264
2539 1815
2409 1937
2081 2322
2720 2029
3635 1545
2173 2602
2145 2650
2619 2358
3179 2471
3679 2151
1261438133 1866976262
1
sift 72
844 625
580 429
736 410
982 716
685 472
690 483
1089 982
767 497
776 546
1501 1110
705 870
1186 644
2723 1496
920 806
1283 698
2763 1883
1083 805
1384 742
3205 1920
1662 727
1313 899
3475 1892
1303 1062
1470 981
3943 1914
1596 957
1680 923
1533 998
1558 1148
1721 1126
1971 1022
1942 1101
2056 1051
1950 1124
1718 1308
2174 1302
1842 1472
1714 1609
2622 1197
1964 1451
1856 1549
2315 1362
2580 1402
2451 1485
2855 1505
2808 1564
3334 1434
2814 1735
2885 1711
3170 1618
3127 1644
3134 1762
3360 1697
3579 1620
3347 1757
3207 1903
3403 1842
3690 1819
3317 2053
3627 1936
3591 1952
4021 1881
3727 2029
3647 2071
4065 1964
3699 2091
3876 2047
3816 2069
3995 2110
4058 2112
4241 2088
4629 1995
1261438133 1887534972
1
sift 79
1899 429
278 28
277 72
4472 772
622 68
595 96
3735 869
499 132
1405 148
4329 1286
1163 167
1851 157
3696 1651
1154 223
1216 286
2296 212
2130 234
1191 355
2539 259
2220 288
2034 311
1685 360
2113 336
2619 357
2243 388
2778 349
2074 435
3615 354
2695 414
3697 363
2238 476
2923 415
2678 433
1913 566
3433 423
2920 474
3335 485
2076 644
3383 515
3644 508
2986 580
2665 626
2687 640
3073 603
3229 579
3034 618
3249 602
3254 639
3562 642
2128 868
3270 671
3650 733
4510 661
2052 1056
3386 786
2877 1000
4446 760
4012 821
4068 829
4036 836
3731 891
3670 933
3431 987
4319 873
3842 964
4050 980
4545 920
4541 952
4743 886
4344 999
4193 1042
4636 1019
3391 1271
4477 1193
3639 1368
4359 1284
4202 1354
4260 1412
4309 1574
1261438133 2048594538
1
sift 110
474 1076
56 128
84 80
71 120
189 206
77 171
97 210
536 589
105 254
213 350
435 916
337 398
238 707
1193 2265
278 563
321 494
1473 2377
284 828
262 1008
3309 2138
302 1081
345 932
493 576
370 999
343 1227
582 546
430 1016
436 965
525 740
519 787
537 783
659 624
639 838
822 686
883 618
567 1066
614 1029
809 824
670 1101
834 948
649 1309
813 1070
674 1478
687 1445
1043 835
727 1357
605 1742
662 1650
736 1484
889 1141
784 1429
777 1528
1101 962
893 1363
1580 780
829 1641
1109 1130
1126 1193
1057 1400
945 1625
910 1799
1182 1306
1120 1403
1213 1268
1114 1703
1167 1790
1145 1849
1272 1734
1041 2233
1407 1562
1227 1920
1163 2058
1186 2007
1598 1491
1208 2008
1270 2098
1216 2209
1552 1691
1202 2272
1346 2066
1324 2145
1525 2002
1392 2261
1510 2082
1621 1942
1590 2105
1432 2395
2037 1577
1735 1943
1839 1816
1607 2218
1547 2354
2534 1396
1516 2526
1728 2153
1751 2334
1940 2021
2235 2014
1871 2508
2041 2365
1969 2501
2890 1767
2214 2337
1954 2550
2485 2347
2541 2324
2731 2241
2954 2211
2780 2462
4102 2142
1261438133 2075366909
1
sift 590
1471 928
32 35
397 417
71 80
76 81
414 515
77 88
84 99
519 820
61 166
88 113
594 873
85 125
97 116
567 952
108 126
101 136
558 969
121 139
194 109
820 1435
168 192
185 181
1016 1712
173 228
250 185
1125 1589
179 251
206 238
1445 1684
216 257
257 242
1452 1696
258 244
270 236
1148 2200
244 266
243 308
1573 1872
277 275
256 319
1640 1821
253 346
273 312
1491 2179
313 310
345 313
1601 2364
297 381
351 324
2296 2372
349 347
362 357
1891 2858
371 372
412 336
2093 2919
432 367
466 337
1927 3145
353 475
373 449
2334 2824
394 464
467 403
2173 2964
364 522
431 454
2499 3115
436 434
380 532
2411 3472
447 448
399 542
2627 3566
367 609
389 578
2678 3726
429 547
476 520
2784 3648
522 471
440 607
2972 3500
375 750
529 599
2942 3571
704 439
492 689
3229 3305
489 702
552 579
3679 3033
453 767
540 633
2887 3836
531 722
570 659
2726 4094
496 857
607 652
3129 3525
621 653
520 865
3655 3133
839 531
673 676
3224 3521
549 811
591 749
3262 3481
678 714
557 876
3024 4046
598 807
687 721
3243 3782
614 806
754 709
3115 4332
593 875
662 794
3697 3698
670 867
726 801
3615 4058
565 1021
642 941
3555 4363
761 816
771 812
4402 3870
775 853
689 957
4024 4239
610 1110
681 1020
4076 4246
784 942
828 916
4475 4159
617 1183
944 785
4596 4541
697 1087
850 995
4579 4675
818 1030
871 963
797 1088
862 1042
860 1054
752 1420
859 1195
858 1242
1546 752
990 1071
921 1177
905 1229
1143 1017
878 1313
1130 1049
1056 1145
1481 915
1165 1097
1316 1039
869 1656
977 1402
1713 897
997 1374
963 1445
923 1567
1116 1250
1225 1142
1026 1399
888 1734
1155 1247
1290 1129
1194 1216
953 1588
1154 1280
1257 1184
1215 1273
1946 902
1114 1440
1132 1424
1158 1400
1187 1383
1199 1360
1097 1508
1063 1568
1597 1089
1043 1619
985 1716
1007 1678
1343 1259
966 1813
1029 1687
1109 1562
1631 1105
1123 1573
1169 1512
1396 1234
1152 1564
1252 1457
1288 1414
1145 1610
1131 1668
1360 1369
1174 1620
1192 1582
1436 1319
1057 1825
1208 1602
1103 1758
1305 1491
1031 1874
1197 1642
1378 1454
1223 1651
1474 1375
1327 1532
1191 1708
1181 1812
1329 1621
1178 1824
1393 1544
1161 1877
1005 2114
942 2286
1248 1816
1128 1967
1871 1190
979 2285
1324 1814
2121 1125
2014 1163
981 2380
1298 1859
1729 1429
1629 1536
1090 2144
1458 1709
2017 1218
1333 1887
1401 1836
1648 1605
1569 1682
1632 1637
1822 1447
1443 1838
1634 1658
1094 2295
1919 1394
1763 1546
1904 1419
1495 1849
1525 1830
2106 1299
2532 1154
1425 1938
1506 1883
1141 2401
2341 1225
1800 1624
2677 1141
1835 1616
1346 2156
1408 2072
1537 1955
2537 1245
1693 1853
2025 1522
1419 2101
1536 2002
2679 1254
2394 1418
1655 1974
1547 2110
1684 1961
1688 1981
1747 1922
1539 2177
1759 1936
2150 1661
1754 1979
1719 2022
1563 2251
2526 1515
1614 2228
1906 1926
1699 2147
1727 2139
2364 1679
1847 2027
2846 1478
1543 2502
1751 2193
1734 2232
1757 2245
1520 2633
1789 2260
1643 2535
1516 2748
1735 2415
2053 2032
2817 1681
1696 2572
1890 2266
1995 2145
2834 1729
1821 2428
2051 2153
2900 1723
2845 1761
2156 2091
1686 2715
1924 2366
2474 1951
1913 2398
2243 2095
1903 2460
2122 2249
2111 2268
1845 2594
1888 2547
1909 2503
1806 2689
2758 1908
1782 2729
1958 2461
1559 3125
2489 2048
1928 2543
2057 2399
1880 2634
2039 2454
3315 1715
2363 2160
2152 2367
2455 2128
1820 2812
2071 2525
2224 2393
2361 2293
1969 2677
2097 2592
2497 2270
2078 2640
2107 2637
1945 2820
2450 2363
2242 2526
2287 2488
2322 2495
2996 2038
2155 2660
2080 2752
2200 2657
1893 3031
1973 2903
2066 2831
2074 2822
2694 2307
2414 2551
2238 2702
2373 2624
2493 2580
3530 1933
1867 3224
1827 3355
2717 2475
2443 2717
3060 2256
3100 2219
4054 1880
2687 2588
2058 3158
2695 2608
3456 2112
1902 3494
2823 2585
2196 3069
3553 2100
2716 2670
2582 2794
1997 3381
2557 2842
1967 3448
2829 2628
3427 2194
3300 2283
2568 2869
2856 2641
2562 2888
2747 2744
3339 2319
3746 2126
2835 2738
3611 2205
2630 2913
3722 2197
2660 2932
2013 3728
3485 2375
2502 3117
1940 3988
3378 2483
2136 3626
2354 3368
4008 2204
2401 3357
3819 2308
2235 3679
2547 3306
2772 3061
3567 2506
2340 3555
2764 3094
2963 2943
3762 2439
2246 3800
2437 3530
2248 3840
2820 3134
2320 3754
2684 3291
2659 3324
2878 3096
4222 2333
2123 4167
2271 3929
3583 2649
3023 3023
2743 3312
2725 3326
2860 3192
2268 4026
3993 2486
4272 2387
2251 4168
4270 2485
4675 2242
2138 4507
3270 3009
2819 3513
2837 3496
3011 3295
3037 3302
2698 3731
2925 3441
2762 3655
3062 3328
3354 3085
3110 3351
2931 3608
3516 3071
2665 4185
3108 3489
3351 3259
4334 2722
2512 4446
3367 3255
2952 3781
3218 3420
2498 4498
2613 4375
3419 3283
3492 3221
3030 3746
2853 4082
2910 4002
2789 4202
3071 3770
3447 3343
4012 3000
3017 3918
3266 3533
2953 4043
3073 3865
3130 3794
2788 4350
3013 4011
3473 3437
2993 4111
3650 3329
2948 4205
3715 3309
3425 3565
3052 4120
2934 4317
3150 3981
3034 4191
2708 4595
3448 3596
3190 3942
3251 3858
4681 2810
3265 3857
3734 3442
3319 3861
4011 3273
3521 3645
3288 3943
4453 3027
3664 3547
3463 3778
2991 4451
3202 4127
3276 4031
3078 4340
3120 4271
4729 2818
3997 3379
3201 4177
3383 3980
3015 4488
3561 3837
3955 3503
3235 4261
3199 4313
3809 3633
3843 3603
3613 3927
3925 3610
3971 3602
4405 3322
3450 4200
4387 3339
3441 4241
4709 3050
3607 4130
3973 3801
3706 4081
3614 4197
3374 4431
3106 4655
3254 4547
3919 3938
4195 3697
3901 3983
4279 3616
3705 4201
3532 4389
4311 3653
3933 4035
3588 4377
3695 4297
3951 4091
3666 4376
4045 4112
4197 3976
3989 4171
3759 4378
4420 3779
4096 4145
3823 4385
3824 4402
3899 4351
3957 4330
4128 4226
3677 4613
4359 4097
4699 3611
4078 4390
4005 4429
4696 3695
4373 4186
4280 4410
4543 4181
4080 4583
4616 4139
4470 4345
4369 4457
4389 4445
4260 4555
3389 4692
4172 4615
4077 4652
4531 4430
4399 4542
4477 4496
4667 4295
4275 4639
4714 4232
4447 4620
4612 4597
4666 4589
4755 4255
4732 4673
1261438133 2076392030
1
sift 77
56 280
71 354
84 406
189 513
101 364
106 367
465 745
103 424
105 421
435 1132
165 566
183 611
536 901
213 614
247 584
844 1422
225 673
253 601
982 1386
278 654
262 724
297 649
274 803
265 865
284 809
319 858
277 1081
321 900
302 1073
367 768
397 775
346 936
409 787
414 836
334 1237
389 1076
445 1028
492 912
487 952
519 1019
490 1153
521 1052
525 1055
546 1033
514 1279
579 1062
567 1114
595 1121
684 1024
619 1177
611 1269
587 1436
659 1196
705 1171
710 1217
641 1473
727 1258
736 1372
649 1671
812 1254
810 1296
796 1358
795 1461
841 1365
777 1607
903 1442
895 1558
1108 1233
1024 1523
1126 1498
1148 1459
958 1707
1174 1493
1283 1406
1186 1597
1261 1527
1751 1697
