1387747476 1481597607
1
sift 71
149 731
552 1336
260 288
289 520
263 347
539 2188
205 816
190 1655
287 410
856 1626
341 326
245 795
520 290
332 487
286 758
770 272
428 516
216 2537
336 707
430 541
885 352
433 545
426 593
1035 408
365 818
448 657
355 1745
372 951
467 839
838 744
598 652
417 963
756 1059
399 1269
625 841
424 2472
526 1003
555 965
1167 848
530 1058
579 1008
933 1053
619 976
576 1098
566 1995
1052 755
582 1539
1019 2519
387 2639
747 1393
805 1408
729 1627
948 1283
1024 1196
785 1695
941 1385
824 1671
600 2550
901 1610
938 1552
915 1750
977 1663
1086 1540
897 1959
1187 1506
1068 1678
1065 1728
950 2178
1221 1686
987 2604
1087 2405
1387747476 1718489166
1
sift 56
81 30
129 188
113 111
105 139
185 226
122 138
225 371
506 314
248 347
307 354
397 531
322 377
332 393
872 1020
330 420
296 511
515 369
385 419
529 403
433 469
421 527
525 479
692 425
469 542
701 459
422 593
352 673
498 561
548 572
574 594
545 619
758 552
592 625
747 602
685 650
619 707
1095 570
538 983
827 790
950 704
815 835
877 815
767 911
1052 728
726 970
978 825
625 1193
938 959
949 964
1133 891
977 997
1119 975
1176 1011
770 1611
1220 1213
1045 1478
1387747476 1861925312
1
sift 73
694 67
316 292
50 1040
98 262
205 651
190 172
263 151
341 366
112 606
1176 141
372 341
780 165
307 221
391 459
103 1423
1161 190
428 440
365 256
426 257
248 715
332 313
433 288
576 403
448 350
579 300
447 528
408 421
410 441
442 604
599 363
582 462
469 723
189 1318
740 446
555 701
619 523
475 652
761 627
1088 436
443 700
538 718
585 631
938 555
941 680
1065 537
1093 535
950 684
615 691
747 660
901 798
805 682
453 957
897 910
785 756
1121 646
1127 803
666 936
768 956
600 1123
1014 799
1012 807
1130 945
1133 838
1220 860
734 1266
545 1398
661 1312
824 1219
798 1210
514 1642
893 1291
977 1293
787 1568
1387747476 1866976262
1
sift 52
65 88
113 102
123 110
111 118
122 117
248 285
322 329
287 377
332 357
330 361
385 376
434 401
455 394
448 400
421 412
428 437
469 418
408 453
426 452
379 477
525 422
498 454
353 575
548 457
582 450
443 534
512 521
545 507
574 539
758 479
592 542
784 490
685 563
644 585
619 609
623 676
1119 499
815 615
579 802
827 663
767 765
877 709
977 855
729 1073
901 918
770 1058
1032 1006
805 1305
1045 1013
949 1168
1176 1081
1100 1182
