1392468951 1861925312
1
sift 75
112 175
175 159
122 244
79 1174
188 456
211 256
319 276
205 327
244 312
287 307
277 356
981 193
258 403
383 275
279 528
414 287
268 583
401 302
308 701
360 360
417 627
440 301
346 758
409 618
328 965
539 511
730 524
449 593
499 745
647 462
564 733
926 352
568 772
660 565
566 736
728 615
392 1143
686 648
433 1152
776 720
572 1024
689 798
771 760
1109 632
1513 696
787 776
748 938
846 814
665 1293
1115 709
1011 910
1002 756
997 1107
990 766
1390 945
963 956
958 1261
920 1014
1293 1071
1350 950
1417 1263
886 1299
1336 1093
1299 1109
1217 1416
1611 1023
1450 1219
1570 1069
1285 1482
1659 1099
1212 1362
1556 1383
1385 1669
1254 1361
1338 1556
1392468951 1866976262
1
sift 55
41 112
133 264
255 1890
112 179
130 439
175 212
249 376
176 575
506 594
306 360
225 462
646 600
265 454
286 433
633 746
217 567
381 563
744 622
412 542
477 595
1081 614
358 1028
549 763
674 1110
480 1149
547 1182
789 1194
662 1147
721 1168
1193 796
858 1184
1023 1808
845 1323
800 1412
1217 1712
839 1369
876 1469
1417 1795
863 1534
998 1364
1388 2051
1114 1405
1002 1550
1484 2028
989 1615
890 1950
935 1942
1350 1367
1178 1602
1108 1840
1140 1894
1427 1479
1234 1745
1241 1910
1355 1951
