1474642507 1564394763
1
sift 52
173 165
58 28
262 276
276 291
408 340
212 384
521 531
327 295
1144 507
434 290
1317 748
333 346
1884 829
361 341
1093 1320
560 506
1630 1140
519 554
1473 1421
626 470
1341 1726
692 530
1388 1674
742 573
1195 2161
697 688
1837 1678
1031 577
1731 1865
658 969
1958 2099
969 815
945 849
764 1081
1190 756
1170 813
868 1146
1161 956
995 1127
1062 1135
1375 976
1410 1442
1416 1489
1771 1291
1583 1449
1678 1402
1603 1522
1786 1557
1616 1823
1680 1871
1900 1845
1871 2170
1474642507 1887534972
1
sift 73
123 116
391 189
485 215
337 348
388 586
304 697
708 350
308 876
396 700
600 469
446 680
828 396
550 569
855 470
747 636
620 823
749 759
596 957
763 861
1027 679
1002 719
2010 501
583 1403
652 1365
988 1032
839 1283
625 1803
1339 991
646 1841
665 1826
1836 838
1036 1252
1041 1274
1668 958
805 1683
1240 1176
879 1585
1740 1098
940 1728
1119 1516
1728 1175
1319 1435
946 2006
1688 1423
851 2466
1308 1731
1547 1648
1784 1510
1672 1748
1661 1756
976 2744
1597 1903
1046 2672
1202 2414
1437 2070
1601 2061
1503 2195
990 3398
1168 3184
1747 2388
1267 3136
1097 3634
1396 3120
1373 3173
1714 2840
1820 2807
1856 2809
1512 3362
1762 3048
1674 3510
1530 3807
1438 4000
1996 3829
