1481597607 1499966861
1
sift 57
274 219
295 191
400 720
450 631
245 262
296 268
539 274
533 898
371 753
586 406
528 434
1053 522
542 879
755 803
900 396
633 549
2351 809
663 1145
819 772
577 587
622 666
1345 1704
1571 1370
672 915
1101 523
684 657
2568 1343
1047 919
905 567
1401 540
981 1086
728 762
942 674
1005 1099
1330 583
1067 795
1220 1036
1196 828
1254 1001
1203 1085
1876 829
963 1229
872 1302
1261 1109
972 1250
1185 1157
1642 1105
1291 1104
1406 1064
1746 1195
1162 1231
841 1772
2379 1171
1797 1444
1671 2600
2341 2412
2657 2039
1481597607 1564394763
1
sift 180
41 42
100 55
956 730
202 126
107 73
1670 2189
143 97
408 228
138 142
139 174
407 345
318 147
252 312
708 247
242 355
320 253
480 348
317 313
337 386
572 360
312 430
349 424
726 338
508 339
314 476
795 342
601 324
385 440
710 444
446 401
677 334
883 422
383 488
551 373
917 472
1001 291
812 343
853 545
417 567
600 470
983 653
486 591
442 675
1053 896
464 659
629 610
1241 829
686 583
501 789
1449 858
610 658
1647 370
1654 967
659 655
614 743
1655 1005
550 876
994 552
1826 1304
687 752
1586 446
2644 1426
778 729
756 756
2261 1644
836 703
695 855
2474 1956
775 796
1549 508
968 674
821 833
1157 625
864 800
1609 522
858 869
1493 576
714 996
736 981
1987 505
895 917
959 887
1520 634
1160 784
691 1270
1128 825
694 1357
1009 937
848 1157
997 1017
899 1154
1070 989
1083 991
952 1114
1199 943
1974 638
1527 814
1271 938
1020 1089
1146 1034
996 1244
2376 663
2253 707
1472 968
1434 992
1138 1253
1324 1126
1690 926
1039 1396
1516 1057
2391 771
1531 1076
1588 1072
1087 1504
1628 1050
2394 828
1032 1626
1498 1209
1337 1400
1446 1343
1326 1447
1399 1408
1437 1385
2300 955
1356 1523
1524 1415
1161 1813
1463 1498
1395 1551
1793 1236
1187 1847
1321 1661
1420 1598
1475 1675
1421 1762
1757 1437
1945 1348
1351 1935
1888 1398
1380 1932
1847 1439
1787 1512
1592 1810
2054 1444
1799 1662
1615 1923
2173 1475
1469 2175
1581 2020
1676 1883
1853 1731
1745 1898
1848 1852
1778 1954
2560 1478
2675 1303
2222 1656
1947 1889
1951 1888
2200 1708
2168 1755
1890 2019
2304 1717
2063 1904
2136 1879
2029 1988
1902 2126
2420 1705
1879 2174
2090 2023
2181 2010
2301 1973
2229 2056
2140 2125
2617 1748
2601 1769
2390 2013
2494 2034
2418 2138
2659 2104
1481597607 1567680639
1
sift 372
250 326
25 41
27 22
32 26
360 445
37 49
28 38
31 55
428 461
35 70
58 60
42 63
517 504
40 75
47 74
52 73
897 725
55 103
62 82
67 78
1050 803
63 104
69 81
83 96
1213 937
71 107
82 109
66 123
1494 827
77 148
90 105
78 163
1335 1186
81 154
92 129
96 124
1626 1213
80 170
104 137
106 151
1666 1286
93 171
115 150
101 165
1711 1300
102 168
113 161
125 147
1707 1360
112 175
121 181
108 199
2114 1214
127 187
151 173
150 176
2208 1439
123 218
139 191
133 230
2100 1553
130 240
174 216
141 233
2430 1449
145 252
190 210
153 264
182 272
180 228
353 198
206 269
227 246
214 268
177 316
246 260
192 301
211 287
267 265
204 328
230 318
261 325
236 324
209 365
357 296
194 408
218 363
337 341
272 334
245 387
366 350
279 377
241 480
368 366
283 401
294 415
524 332
322 403
264 506
403 419
319 428
332 431
424 397
347 425
296 468
476 399
287 514
394 444
682 345
409 447
326 532
579 412
396 478
378 509
521 439
414 487
370 556
560 435
462 490
400 560
530 462
539 460
457 534
393 605
410 579
450 585
580 473
446 566
455 582
774 456
466 588
412 639
1027 436
413 638
453 607
508 625
426 628
522 554
640 630
487 622
509 597
904 523
490 637
608 599
853 542
536 692
595 635
1062 614
545 723
620 653
1315 586
577 689
564 724
1124 646
603 696
525 785
1053 672
676 665
528 838
1265 616
519 865
583 749
1348 608
555 790
671 716
1550 574
635 737
604 762
1333 627
634 748
584 798
1152 711
717 694
630 769
1109 742
654 757
623 797
757 1057
652 765
664 760
1322 713
621 810
707 733
1142 792
763 719
796 703
1281 740
719 739
684 801
1298 745
681 808
657 852
1326 735
733 774
639 897
1491 702
813 750
618 973
1369 741
627 962
746 848
1402 756
839 752
782 813
1943 624
672 938
750 873
1859 650
794 829
790 842
1535 746
765 901
792 869
1308 877
787 883
882 781
1392 830
857 826
755 944
1160 980
908 863
931 853
1320 912
817 967
780 1033
1536 847
872 964
950 907
846 1403
819 1045
978 902
1710 775
893 958
816 1068
1636 837
970 922
929 954
1773 772
988 909
827 1074
1775 789
867 1040
1007 932
1829 812
1006 946
1113 890
1366 1073
841 1127
1081 935
1597 978
918 1070
963 1053
1783 893
1003 1029
924 1163
1668 942
972 1106
1098 1038
1654 953
1101 1037
976 1135
2180 795
1090 1050
1251 986
1760 936
1233 1022
1330 955
2165 823
1005 1218
1120 1137
2016 880
1099 1160
1296 1046
1933 911
1253 1085
1304 1058
1734 982
1078 1233
1140 1187
1908 933
1261 1108
1067 1263
1356 1220
1047 1282
1268 1118
1570 1096
1220 1162
1344 1088
1825 994
1589 1000
1283 1174
1826 1014
1246 1217
1201 1252
2042 950
1269 1202
1385 1119
1598 1170
1300 1188
1154 1323
2402 919
1404 1130
1388 1147
2004 1030
1162 1354
1415 1166
2261 997
1456 1155
1185 1376
1865 1129
1198 1370
1401 1206
1841 1139
1229 1405
1202 1437
1900 1121
1352 1314
1539 1178
1723 1198
1697 1093
1374 1333
2067 1111
1503 1239
1422 1337
1995 1156
1291 1459
1557 1274
2247 1077
1623 1295
1728 1279
2255 1097
1746 1298
1750 1320
2296 1092
1749 1355
1801 1380
2423 1083
2568 1061
1686 1523
2217 1177
2320 1165
1960 1387
2072 1275
2663 1048
1624 1588
1703 1528
2071 1331
1774 1559
2581 1134
2183 1290
1843 1533
2474 1181
2277 1259
2018 1446
2605 1140
1850 1505
2031 1442
2149 1342
2351 1250
2269 1383
2344 1261
2595 1245
2453 1444
2359 1367
2633 1247
2058 1586
2580 1335
2558 1371
2476 1490
2256 1534
2523 1486
2639 1538
1481597607 1580303157
1
sift 98
263 177
304 217
330 222
386 267
292 531
495 295
557 263
373 411
364 470
464 423
427 480
650 333
936 297
486 621
886 323
600 488
477 698
437 789
459 775
629 653
1065 415
775 608
1035 448
1218 424
935 550
861 609
756 700
1361 428
797 694
930 601
1040 581
836 720
896 691
785 912
1075 626
773 948
848 805
1039 646
895 887
899 904
1092 752
1108 792
1166 783
2233 479
1183 898
1273 823
1070 1000
1175 955
1444 757
898 1303
1128 1144
880 1634
2345 587
1632 837
2061 659
1714 797
984 1561
1679 909
1975 754
1046 1595
2387 667
2014 790
1204 1411
2166 765
2096 802
2179 803
1674 1063
1256 1560
1262 1544
1660 1098
1883 1052
1531 1433
2049 1149
2108 1163
1807 1346
2134 1221
1736 1484
2532 1111
2238 1260
2154 1309
1993 1413
1853 1630
2176 1377
2066 1504
2076 1522
2325 1380
2577 1278
2435 1383
2229 1617
2390 1573
2510 1469
2311 1676
2467 1596
2170 1860
2415 1700
2384 1726
2342 1802
2665 1698
1481597607 1593085527
1
sift 190
24 17
21 32
76 76
143 186
144 229
187 296
199 312
216 300
242 343
252 378
240 413
318 332
251 447
282 400
314 366
257 443
289 482
302 465
293 487
317 545
356 529
364 598
330 693
417 555
460 525
373 675
418 602
429 627
437 730
504 649
566 580
486 705
561 614
540 689
464 898
441 943
477 924
812 603
644 724
751 696
624 780
576 839
656 768
574 856
724 735
571 885
842 684
735 746
801 713
1013 605
691 800
600 947
551 1113
606 1028
884 758
720 922
974 732
689 993
705 975
870 793
740 985
714 1037
837 882
955 777
866 867
629 1238
843 1003
880 963
775 1142
850 1042
907 954
990 863
1001 868
773 1199
686 1377
848 1099
683 1429
969 964
894 1087
968 1002
1250 824
785 1334
997 1010
1033 995
1121 937
960 1115
984 1132
1206 956
1106 1057
1052 1100
1188 984
928 1261
876 1384
1249 978
1337 927
1145 1093
896 1401
1176 1072
807 1745
1000 1273
903 1475
1380 960
861 1597
895 1543
935 1483
1194 1145
1586 886
1030 1442
1566 971
1102 1352
1187 1266
1225 1258
1351 1221
1149 1439
1128 1538
1244 1391
1580 1095
1327 1285
1550 1125
1438 1205
1332 1318
1248 1431
1177 1519
1353 1312
1594 1139
1139 1639
1287 1445
1262 1536
1306 1466
1321 1453
1357 1427
1712 1111
1284 1547
1434 1359
1355 1473
1190 1703
1360 1504
1468 1378
1103 1790
1381 1560
1768 1179
1859 1168
1375 1647
1753 1229
1558 1457
1634 1367
1611 1393
1516 1539
1288 1778
1472 1593
2052 1155
1737 1321
1448 1717
1346 1784
1653 1469
1820 1314
1700 1471
1587 1681
1761 1479
1783 1494
1791 1491
1692 1599
1677 1632
1802 1561
1861 1531
1787 1585
1613 1782
1879 1576
1767 1704
1915 1590
2056 1497
1898 1619
1745 1755
2137 1484
1888 1677
1966 1624
2105 1608
1907 1759
2086 1667
2023 1753
2260 1627
2382 1606
2237 1714
2217 1736
2212 1741
2196 1760
2273 1788
2381 1775
2651 1638
2508 1776
1481597607 1861925312
1
sift 73
63 20
1142 331
103 48
60 41
211 130
66 56
2351 493
1922 1120
77 61
275 142
127 100
845 1165
142 98
347 151
123 138
192 117
457 156
333 196
218 320
322 209
378 234
363 276
410 240
595 221
297 400
813 251
371 322
466 293
857 287
741 291
545 365
817 307
425 496
719 394
782 386
639 454
581 490
893 421
657 536
794 524
676 544
931 472
621 601
1330 443
755 613
816 651
1404 461
1251 565
746 781
1774 482
1728 537
1254 628
1744 581
1374 627
770 876
1828 585
1393 660
1385 680
2488 639
1005 830
1407 776
2653 844
1686 745
2178 684
1663 1297
1959 733
1202 940
2550 1115
1185 981
1067 1052
2312 908
2379 1175
2485 1572
1481597607 2025875319
1
sift 52
55 84
104 75
63 108
66 132
97 133
80 112
77 162
227 307
93 144
108 172
368 433
123 219
112 306
476 453
194 370
218 417
357 1120
222 763
274 566
539 997
297 541
319 666
1027 555
379 578
347 668
1460 920
363 736
411 624
1997 804
371 740
466 585
392 724
455 618
489 690
426 923
487 760
448 873
584 727
536 933
741 683
528 1050
733 695
581 946
622 1076
657 1021
746 955
782 960
819 900
817 1089
1004 895
872 1153
929 1098
1481597607 2048594538
1
sift 77
282 91
334 279
504 264
293 431
440 329
1122 194
612 272
990 218
1244 239
1353 250
1351 255
705 361
1137 297
1119 304
385 675
1225 296
1446 274
740 434
1085 363
1944 295
1767 324
2106 353
1748 377
1014 549
576 1061
1898 428
848 783
821 825
1700 458
1000 658
2406 384
1903 457
1149 647
1375 577
1692 506
850 925
2401 448
2182 495
825 1148
2389 499
2205 528
2553 519
1904 610
1307 865
968 1193
1360 892
2147 624
2610 565
2460 591
1611 882
1321 1102
2035 773
2025 797
2052 798
1468 1049
1516 1027
1346 1154
1542 1071
2513 729
2032 852
1357 1402
1676 1117
898 2220
1558 1364
1787 1226
2425 956
2003 1119
2070 1191
2213 1142
1745 1950
1592 2334
2457 1524
1831 2008
2120 1876
2315 1807
2452 1811
2540 1943
1481597607 2075366909
1
sift 110
144 79
895 1226
436 514
349 58
263 98
1575 2300
576 467
198 160
89 4269
1756 2560
984 874
188 189
330 110
1882 2532
1044 1684
304 138
557 117
2189 3272
1354 1871
1065 144
495 230
1613 1712
364 319
382 346
1417 2223
599 273
1036 217
2422 2540
464 365
477 361
2091 2918
1444 264
1523 259
2151 3033
1074 335
756 472
2602 2964
850 430
775 484
629 597
836 481
930 452
848 521
814 548
1092 443
1461 382
861 594
1108 499
686 724
1632 398
952 600
896 646
1128 562
1175 555
1191 582
2577 363
1272 642
2179 460
2052 490
1346 652
996 781
1883 556
1660 639
2176 540
1306 770
1248 810
899 1084
1383 879
1367 928
2063 701
2154 691
2510 649
1039 1155
2134 752
2467 713
1824 860
2076 795
1913 977
1395 1253
1807 1051
1993 1027
1890 1097
2384 1004
2415 1000
1745 1195
2226 1079
1529 1480
1680 1396
2325 1153
1516 1721
2229 1220
2003 1328
2315 1216
2420 1186
1831 1602
1853 1646
2434 1443
2311 1542
2403 1500
2439 1624
2222 1805
2120 1859
2544 1708
2343 1952
1658 2662
1525 2958
2627 1942
1504 4465
2659 3172
2585 3635
1481597607 2076392030
1
sift 55
144 242
242 365
251 653
293 649
289 675
382 601
440 529
427 608
540 558
340 935
417 768
624 577
436 838
383 1019
486 775
576 689
612 697
740 646
1014 741
821 968
1033 845
848 1041
1052 841
866 1081
880 1114
767 1432
825 1366
984 1121
969 1177
1431 875
843 1507
1376 911
1420 953
968 1498
1692 883
1360 1173
1321 1288
1357 1337
1346 1376
1468 1398
1904 1186
1966 1162
2025 1212
1913 1305
2147 1196
1635 1613
2066 1263
1592 1697
2052 1327
2003 1415
1787 1602
1952 1595
2545 1275
2123 1629
2519 1692
