1494270653 1795513753
1
sift 51
108 34
1579 982
123 40
318 107
326 118
265 145
317 162
369 209
592 129
424 193
653 196
555 251
404 395
432 384
1007 305
708 403
642 469
539 630
610 627
758 538
1077 428
910 495
858 534
1671 446
1038 583
703 874
720 885
832 787
1837 482
1268 593
1019 736
738 1010
1160 712
1185 849
1336 829
869 1218
1364 913
1378 909
1512 860
1447 953
1971 701
1331 1047
1893 836
1476 1063
1757 1068
1290 1355
1924 1008
1373 1357
1678 1215
1531 1308
1782 1297
1494270653 1816125058
1
sift 151
45 48
46 80
64 95
82 113
86 142
95 128
115 130
108 149
105 164
112 169
123 168
150 158
165 217
176 230
196 229
192 240
193 270
231 281
248 271
243 383
237 412
286 304
266 351
273 358
291 362
324 318
318 332
345 310
310 377
319 374
347 328
316 405
327 391
302 478
329 445
334 495
378 440
369 566
398 548
371 698
403 654
467 535
435 613
449 559
428 635
436 646
437 651
519 520
462 637
465 639
496 619
473 662
471 668
605 586
512 714
593 612
480 805
489 884
559 801
576 763
590 765
762 679
619 827
741 749
647 894
700 830
654 974
640 1015
726 869
732 892
725 947
694 1081
709 1059
661 1219
735 1033
714 1153
781 998
743 1079
818 985
734 1272
802 1091
780 1149
739 1279
871 1001
749 1299
815 1183
883 1062
858 1155
805 1325
817 1315
786 1416
911 1173
890 1232
872 1280
879 1275
910 1215
930 1249
987 1157
836 1522
906 1313
809 1624
942 1303
950 1288
885 1472
927 1376
839 1628
1115 1118
902 1515
917 1511
954 1443
941 1516
957 1474
989 1405
945 1550
984 1440
1056 1318
964 1529
1131 1277
1007 1509
1191 1251
1077 1398
1041 1466
1157 1314
1177 1316
1071 1460
974 1648
1246 1253
1098 1489
1132 1449
1055 1566
1003 1681
1142 1502
1122 1524
1583 1052
1159 1552
1219 1480
1150 1592
1231 1491
1289 1464
1292 1485
1222 1583
1212 1662
1310 1557
1333 1668
1294 1694
1344 1667
1474 1594
1754 1359
1785 1453
1809 1476
1907 1708
1494270653 2121696221
1
sift 138
62 37
73 69
78 68
115 74
95 81
108 87
112 110
138 79
128 91
123 107
150 88
146 120
165 150
169 151
186 176
192 175
220 163
248 181
291 202
237 268
273 256
286 252
266 289
318 261
319 264
323 273
309 296
326 295
364 298
381 323
369 361
426 307
408 367
398 382
449 346
414 395
386 448
462 419
496 430
592 379
480 532
607 427
519 535
615 477
762 414
579 538
568 555
666 513
559 622
613 587
700 531
617 710
1136 480
901 527
708 650
1027 503
717 655
694 697
818 590
870 553
980 566
781 714
864 639
1034 563
709 833
898 658
849 762
858 773
929 756
1056 688
834 883
786 999
817 957
1116 695
1231 667
910 846
1041 781
872 1014
1102 806
989 905
1001 892
1191 785
1077 857
957 984
1035 962
1219 844
902 1197
1174 921
1222 1016
1292 1007
1274 1057
1185 1179
1294 1092
1301 1147
1269 1213
1422 1134
1160 1362
1347 1210
1684 963
1333 1239
1758 935
1500 1129
1485 1173
1414 1256
1425 1246
1251 1397
1244 1411
1615 1103
1482 1221
1345 1350
1159 1571
1354 1378
1293 1443
1281 1461
1178 1627
1489 1281
1321 1464
1476 1331
1509 1303
1378 1472
1447 1421
1507 1342
1691 1208
1531 1457
1411 1680
1589 1435
1933 1189
1443 1679
1479 1696
1654 1561
1495 1768
1887 1403
1700 1636
1747 1585
1782 1619
1839 1687
1705 1802
1882 1773
