1499966861 1861925312
1
sift 64
893 528
591 465
115 90
2366 647
455 340
229 145
951 582
1121 319
225 171
2491 898
674 600
263 150
2243 1119
803 613
317 222
735 715
366 253
1085 941
692 184
874 790
429 247
1108 980
396 302
1005 741
468 269
1157 981
477 281
1131 1052
485 287
1236 1092
451 349
1332 1249
490 326
514 313
2456 1558
523 418
540 478
680 375
638 462
952 309
768 476
809 493
1100 388
929 473
743 610
993 547
885 581
827 824
1079 710
1310 687
1642 633
1410 756
1981 632
894 1163
1393 829
1214 960
948 1302
1725 879
1562 964
1633 979
1650 985
1698 1023
2480 1370
2645 1713
1499966861 1866976262
1
sift 55
625 604
159 88
250 102
828 1763
369 550
190 230
1204 542
493 247
229 260
1644 1810
785 662
347 313
1497 744
753 332
277 729
778 829
2020 177
2041 801
1012 401
396 402
760 996
317 823
2398 1377
883 454
479 620
1002 719
638 450
2243 2028
1134 412
680 436
1930 1015
684 577
1087 438
484 1317
2066 1495
682 730
979 695
468 1759
1713 2141
688 1102
1606 1096
1696 492
2055 1917
774 1153
1463 1570
1207 1054
1495 1103
2210 2064
1347 1501
1372 1534
1642 1364
1410 1817
2001 1425
2409 1305
2667 1254
