1541257274 1718489166
1
sift 225
605 1719
17 7
44 14
36 17
61 26
82 24
60 37
119 38
112 45
99 49
104 65
319 176
144 60
133 69
377 188
126 71
123 80
445 213
117 95
139 96
386 237
131 103
148 104
474 226
152 120
191 99
457 274
248 93
259 125
622 300
206 141
266 123
628 314
198 147
256 132
625 356
193 154
297 139
621 368
312 138
229 163
887 371
294 149
232 194
697 476
310 164
302 193
980 481
327 184
359 174
1000 532
320 201
342 192
1200 654
404 170
293 220
258 271
454 190
345 234
298 259
291 262
419 215
456 208
387 227
314 263
373 235
355 245
372 241
468 219
317 295
365 273
406 281
556 249
493 269
542 256
570 255
450 299
602 275
476 322
479 334
524 311
528 313
460 388
587 351
585 367
742 309
610 365
720 330
750 325
682 341
642 360
683 346
505 446
518 437
733 340
706 355
589 423
559 444
751 369
676 396
787 375
781 395
824 386
822 394
889 374
869 393
655 480
721 439
789 422
882 403
910 397
909 399
829 419
877 418
895 427
1003 415
797 467
782 489
859 458
1057 420
933 447
827 487
914 450
779 515
816 500
1146 434
946 464
940 470
937 472
596 700
815 520
996 471
1022 468
1115 454
984 482
843 521
1072 479
893 510
802 553
757 567
858 524
1138 466
1214 462
763 580
1195 475
1009 504
923 526
704 627
1135 498
1101 519
700 675
755 643
1079 549
1143 538
1317 535
1169 573
817 720
1030 607
943 649
1007 621
738 829
1329 572
809 778
899 695
839 758
1128 613
885 712
1163 637
1034 677
1343 603
1228 639
791 890
954 763
1033 731
1114 702
1268 657
1186 689
1225 679
1026 772
1153 716
1069 787
1038 802
1313 694
1217 754
1222 759
1129 799
1168 821
1156 823
1226 811
671 1280
920 928
1255 808
1208 826
1142 860
1216 841
1304 798
1245 828
1283 825
1274 852
1236 874
1151 898
1336 837
1180 907
983 981
1165 944
1239 935
1264 925
1125 1006
1023 1125
1345 942
1105 1095
1131 1101
1183 1073
1082 1162
1285 1024
1260 1072
1095 1232
1127 1216
1161 1227
1328 1110
1179 1228
1202 1231
1108 1302
1078 1496
1246 1414
1541257274 1795513753
1
sift 157
358 104
16 0
300 133
82 16
753 450
112 28
500 184
104 32
865 537
76 39
1036 518
116 33
736 898
126 34
123 37
125 60
140 76
198 63
158 111
320 77
293 83
278 86
229 96
310 94
315 95
302 107
319 118
234 157
245 159
345 116
292 131
298 145
355 134
350 142
377 135
299 175
362 146
386 141
317 177
365 162
427 147
493 130
445 143
406 169
474 163
439 170
321 242
602 158
457 179
572 164
357 239
587 178
610 174
554 188
491 209
564 194
436 249
683 195
433 286
622 230
392 313
332 419
721 223
625 245
559 261
733 227
621 252
269 686
800 228
628 251
505 292
655 260
619 273
882 237
589 291
779 247
642 287
1072 257
676 321
543 395
757 303
596 372
1057 270
893 279
763 310
1003 277
1197 272
697 351
378 766
1195 284
1214 289
764 357
802 362
535 543
492 584
1351 300
1163 323
593 528
1069 350
1192 337
1329 329
980 368
996 369
1317 347
1000 383
899 405
1007 390
967 413
1153 424
738 557
1128 432
698 569
1336 402
1033 453
1254 428
1143 445
664 627
1165 451
1186 448
1026 486
718 607
1331 456
1283 472
1130 510
1226 485
1038 529
691 681
1208 514
1142 531
1304 494
1074 550
1155 534
1280 522
1180 553
768 700
1082 575
1200 565
969 618
860 692
1261 587
1315 576
920 732
1260 644
1131 687
1121 698
884 885
1328 696
1106 849
1040 874
1246 831
945 959
1017 984
1178 980
1054 1063
1198 1010
1279 1014
1078 1234
1541257274 1816125058
1
sift 229
80 96
36 36
112 126
61 48
114 75
60 52
483 521
68 70
1046 554
93 98
609 1039
82 117
104 114
668 1066
99 130
123 128
131 137
126 149
139 142
148 134
140 160
127 178
150 153
146 165
143 168
164 158
145 191
198 217
168 255
206 240
215 242
230 243
219 282
293 271
210 389
256 310
313 266
298 284
275 305
317 281
306 318
287 338
302 332
388 275
320 362
308 378
319 376
326 387
350 351
316 406
311 414
355 352
345 374
371 337
342 430
312 505
365 404
387 392
407 384
406 391
338 500
390 416
430 401
373 464
436 417
458 415
421 474
429 468
450 445
392 519
427 498
408 526
476 479
582 412
439 561
479 507
462 548
432 594
444 586
398 680
596 478
555 494
491 566
454 651
493 612
554 559
528 644
588 606
535 664
545 662
585 636
594 619
589 654
486 751
624 648
640 624
610 679
619 677
575 737
637 668
725 613
712 635
628 720
544 902
616 757
932 583
689 705
612 844
556 1042
561 1024
632 836
713 769
738 801
762 808
757 830
840 765
721 893
791 827
817 805
682 1008
775 876
758 892
744 946
802 885
902 786
793 947
808 940
789 1001
751 1057
675 1247
800 1013
781 1053
826 983
707 1199
976 875
774 1134
787 1135
897 963
760 1211
766 1224
900 998
989 934
859 1091
885 1060
873 1082
910 1072
843 1194
844 1232
953 1062
967 1078
923 1118
823 1330
1027 1045
1114 1009
1043 1058
870 1286
960 1151
1219 977
1082 1059
899 1248
912 1222
1019 1114
918 1253
890 1348
893 1367
1165 1080
1069 1173
1091 1177
934 1352
1052 1214
829 1620
1155 1155
965 1355
971 1359
1063 1269
1009 1318
1033 1314
1202 1158
1074 1315
1176 1229
1123 1296
926 1569
1129 1302
1236 1231
1034 1476
1068 1453
1007 1538
958 1610
1223 1293
1076 1496
992 1596
946 1665
1141 1402
1185 1364
1151 1395
1263 1313
1180 1413
1299 1288
1179 1443
1201 1414
1336 1242
1059 1618
1181 1479
1237 1404
1217 1430
1254 1398
1153 1521
1207 1474
1226 1454
1225 1467
1228 1480
1260 1464
1163 1593
1264 1491
1324 1381
1315 1416
1222 1558
1285 1488
1261 1529
1216 1589
1213 1594
1267 1531
1239 1583
1268 1572
1328 1563
1278 1636
1347 1568
1274 1706
1358 1716
1541257274 1866976262
1
sift 203
58 27
229 125
298 234
60 41
119 40
587 322
967 551
76 59
99 46
1304 966
738 743
93 55
104 58
1061 829
127 54
157 51
1082 1313
126 62
144 57
165 63
123 82
133 81
164 72
117 103
148 99
219 83
248 94
150 124
259 110
191 122
198 136
297 112
193 144
158 176
256 126
312 117
202 153
404 123
302 158
308 156
327 175
387 169
342 194
293 210
291 221
468 168
456 172
258 288
372 205
454 189
320 247
570 179
317 281
373 230
371 254
426 223
365 282
419 252
398 260
493 220
406 277
314 355
542 231
575 228
544 240
602 229
524 256
504 275
556 261
476 310
450 327
528 307
479 334
683 284
742 287
733 293
285 908
488 385
631 337
720 317
706 331
882 313
1003 306
481 492
721 351
825 336
909 321
425 614
682 372
750 356
800 363
589 475
869 357
829 376
857 368
975 348
789 395
413 905
933 377
787 402
751 415
1057 361
1116 365
781 424
893 393
797 448
940 401
827 444
712 484
676 506
1214 388
895 441
877 452
782 489
843 470
1072 422
779 498
813 486
538 812
1009 458
1135 437
1138 440
763 538
1169 439
926 480
923 481
816 527
756 554
844 510
1146 453
859 513
593 816
757 577
596 838
1079 477
937 502
1007 490
890 530
1329 457
934 521
1128 535
1163 558
1030 587
704 800
1101 594
943 641
1186 593
899 717
1034 682
1033 704
1268 651
885 848
1038 749
1069 738
1156 712
1228 693
1217 706
1225 714
791 1009
1226 739
1129 785
912 897
1245 757
917 911
1152 824
1283 767
1168 822
817 1074
780 1169
1207 825
1252 802
1142 860
1114 880
1336 782
1340 783
1180 887
798 1323
1216 929
928 1104
809 1350
1264 962
1345 914
1151 1094
1239 1076
1265 1054
983 1300
1285 1047
1095 1224
1260 1102
1165 1173
1236 1222
1299 1170
921 1617
1045 1587
1179 1506
1328 1391
1183 1556
1202 1756
1246 1716
1108 1904
1100 1966
1256 2122
1361 2079
1541257274 2076392030
1
sift 81
114 129
76 78
279 284
70 119
141 251
358 633
112 199
341 376
127 218
158 217
753 1151
144 250
535 593
140 260
167 295
143 315
548 575
199 306
228 253
265 237
543 764
219 461
239 299
248 346
804 1284
260 418
299 274
276 310
231 499
237 525
286 399
256 585
261 495
355 408
386 719
326 550
332 572
457 776
414 433
269 1102
406 1060
392 519
384 595
486 742
325 1006
453 576
479 920
413 854
434 771
524 958
567 560
534 817
493 1194
513 973
550 940
602 1261
654 828
773 704
625 1424
660 839
645 921
887 1189
717 824
686 919
688 941
646 1148
612 1521
600 1633
737 1131
746 1123
774 1184
691 1648
841 1304
722 1678
782 1575
795 1530
816 1662
1045 1456
1103 1589
1271 1407
1338 1580
1541257274 2121696221
1
sift 283
80 71
24 13
61 34
60 42
55 56
54 61
64 58
85 51
93 69
99 74
67 105
117 67
91 79
123 81
126 87
133 97
146 91
139 99
148 93
131 112
143 107
130 120
150 118
178 129
187 144
198 150
193 157
172 178
169 188
213 159
176 187
218 171
206 175
232 176
181 210
230 189
256 191
258 196
271 192
293 181
247 215
320 202
266 226
348 199
308 211
298 228
282 237
275 251
273 273
291 259
239 308
302 261
311 274
317 272
312 281
345 264
265 322
262 337
255 362
442 231
270 338
279 323
343 290
350 289
280 343
385 285
372 300
373 303
316 363
330 354
458 282
406 302
438 294
582 268
347 372
528 298
430 348
408 367
393 383
407 371
436 368
450 356
432 395
491 361
396 423
476 374
583 332
554 346
414 425
493 378
506 375
444 412
424 457
479 410
545 388
552 387
627 360
522 403
525 428
460 494
544 429
596 413
704 365
585 420
594 430
589 468
601 456
591 477
619 478
571 513
676 438
637 482
721 445
733 447
578 555
710 484
821 439
548 609
543 630
693 502
600 587
567 632
725 500
683 523
616 605
490 847
661 566
757 531
800 533
817 532
647 655
660 639
789 554
762 572
764 580
688 640
831 550
678 650
1040 515
738 622
807 573
839 561
760 610
827 590
766 628
664 725
654 769
797 629
791 652
803 644
882 606
823 647
910 601
686 783
836 661
768 723
833 684
959 612
801 713
1114 574
972 615
775 755
702 806
893 656
885 673
829 717
717 819
691 861
708 851
884 696
913 703
900 714
795 808
843 779
737 916
1009 688
748 907
899 753
782 915
858 804
1069 705
804 892
969 767
1165 698
943 797
778 1027
1030 786
1146 750
773 1091
918 864
1163 756
1019 803
984 826
1119 776
1155 773
1153 787
1070 823
989 874
945 909
1082 833
1053 846
1060 852
1033 882
1284 763
842 1103
914 986
1022 902
1129 841
1210 812
1038 920
891 1081
1228 844
965 1043
1013 1006
1034 998
1068 976
1240 865
1254 857
912 1116
962 1083
1216 912
1127 967
1183 937
1336 827
1237 906
1181 945
1258 904
1263 899
1217 928
1141 979
1090 1025
1017 1095
870 1246
1121 1022
1261 931
1226 962
1207 984
1283 925
1180 1002
1135 1036
799 1447
1008 1140
1239 1016
1179 1059
991 1202
1307 973
1186 1088
1315 999
1106 1179
1164 1134
1260 1069
1329 1023
1214 1162
1246 1131
1328 1049
916 1399
1223 1153
1267 1122
1160 1212
1342 1073
1270 1173
1322 1111
1201 1211
1054 1331
1128 1275
1319 1157
1126 1295
1354 1085
1048 1380
1236 1235
1101 1360
1103 1458
1076 1510
1345 1253
1235 1417
1198 1446
1324 1333
1056 1682
1300 1397
964 1794
1167 1615
1331 1535
1334 1716
