1564394763 1593085527
1
sift 77
75 219
8 17
27 32
179 426
97 186
131 329
360 931
147 332
312 378
375 848
209 724
313 545
422 915
318 670
343 603
408 1272
365 557
319 892
442 1257
567 555
382 929
457 1297
373 1113
409 984
472 1409
446 886
419 1060
545 1340
389 1208
429 1039
591 705
404 1151
865 658
436 1674
577 1098
511 1334
659 898
503 1489
596 1134
508 1752
610 1238
583 1377
669 1132
589 1405
627 1292
682 1199
605 1478
1109 741
796 1142
685 1620
630 1783
691 1635
996 1037
720 1669
825 1538
1002 1159
1157 1099
917 1543
1400 927
992 1359
898 1695
968 1593
961 1748
1057 1539
1275 1284
1203 1458
1070 1683
1209 1525
1297 1431
1448 1269
1847 1266
1558 1670
1816 1503
1709 1762
1898 1755
1945 1775
1942 1790
1564394763 2075366909
1
sift 96
192 369
245 576
470 272
318 420
382 823
659 365
799 330
429 1139
511 603
703 481
453 1263
756 472
610 597
423 1575
796 484
583 724
595 1312
825 562
1370 442
579 1847
1114 600
1097 643
691 1703
658 1244
1244 781
917 1226
887 1176
1904 701
888 1913
1413 937
1154 1084
732 2284
1464 1051
1076 1479
953 1956
1396 1155
1824 1000
966 1978
1551 1253
1705 1186
1105 1957
1373 1555
1042 2176
905 2684
1503 1614
2056 1220
1045 2344
1831 1396
1896 1482
1379 1949
1731 1646
1218 2198
1338 2023
1649 1775
1051 2550
908 3155
1656 1805
1406 2299
1281 2625
1733 1959
2068 1804
1437 2559
1833 1942
1454 2532
1494 2549
2120 1953
1374 2774
1595 2571
1744 2247
1741 2259
1066 4228
1801 2328
1756 2480
1584 2826
2088 2165
1312 3553
1857 3256
2071 2620
2032 2704
1703 3757
2268 2474
1853 3316
2193 3101
2152 2947
2104 3172
1808 3851
2168 3254
1807 3989
1689 4524
1905 4164
2256 3592
1921 4369
1958 4380
1959 4464
2044 4578
1933 4669
