1567680639 1861925312
1
sift 52
389 224
71 18
168 49
123 56
104 20
124 23
1569 515
148 61
175 46
187 100
232 98
318 93
218 138
252 131
390 142
301 117
362 319
750 251
539 276
570 304
825 288
755 290
636 391
931 300
967 307
628 495
813 384
897 454
810 601
1130 461
944 613
1144 604
1559 482
1279 537
914 698
1421 527
979 667
917 742
1572 555
848 781
1333 627
1586 682
1119 680
1218 830
1377 1297
1163 980
1201 973
1521 913
1436 941
1376 981
1263 1052
1397 1092
1567680639 2025875319
1
sift 80
231 163
179 105
68 52
219 249
103 84
529 507
389 363
104 108
1358 263
137 75
679 535
564 705
125 133
562 742
130 136
960 996
868 682
170 112
1504 1174
173 138
1117 1159
913 916
187 128
199 172
1103 838
175 306
218 219
1321 713
919 95
246 307
253 343
310 276
376 260
379 320
362 418
437 348
408 370
364 460
446 359
399 453
585 483
631 509
460 997
596 579
570 635
522 792
487 976
594 677
789 486
588 697
780 500
628 923
736 709
718 769
673 892
681 873
692 933
798 727
744 817
738 832
968 700
1165 587
813 961
848 955
811 1076
838 1050
958 926
1028 895
1044 899
1226 719
964 1153
1046 1070
1338 774
1550 679
1148 990
1401 811
1122 1119
1297 1006
1246 1102
1349 1190
