1580303157 1846734614
1
sift 51
6 2
563 254
236 159
11 12
18 7
1686 730
551 316
44 34
265 141
686 1275
1496 675
193 289
318 246
1710 974
1859 921
346 259
410 255
217 581
533 300
589 370
323 735
1178 454
423 893
342 1076
1462 470
362 1147
421 1266
587 995
497 1205
749 865
1406 662
693 1256
559 1690
675 1453
837 1380
727 1695
798 1719
739 1943
710 2011
617 2435
830 1880
738 2140
1033 1773
1137 1837
1064 2199
1096 2276
1112 2374
1663 1856
1177 2411
1499 2533
1597 2505
1580303157 2075366909
1
sift 155
166 34
896 823
621 417
183 48
174 58
1045 1703
1561 874
168 68
251 74
1719 1913
177 98
311 76
319 86
221 109
395 88
379 92
263 117
532 101
495 116
710 104
595 113
525 122
362 142
415 144
688 134
295 230
254 270
497 173
478 180
442 220
449 217
727 169
640 178
745 170
494 221
712 181
587 211
693 195
768 203
855 198
795 208
605 234
471 271
617 248
962 212
1269 185
470 319
907 236
659 277
423 365
757 264
739 274
550 329
812 285
928 281
811 300
1032 279
1282 251
961 301
698 361
1629 257
655 406
1424 293
924 345
1404 295
998 328
601 452
973 354
608 484
1328 308
837 398
1334 310
1170 333
756 438
751 442
700 472
1259 336
1503 312
720 481
803 460
1481 324
1256 359
866 455
1278 363
1779 313
609 594
1162 394
851 486
792 499
1245 385
1321 375
1815 323
805 521
1442 376
1351 386
1174 421
991 482
1642 389
691 646
955 555
1616 426
1472 447
1052 556
823 643
1570 454
1732 434
1144 562
927 645
1808 464
1628 509
1490 529
1098 639
1809 492
1590 524
1535 554
1235 632
1755 531
1741 537
1669 566
1036 724
1798 538
1791 543
1309 691
1469 649
1705 635
1221 752
1837 648
1697 685
1733 683
1596 713
673 1176
1197 852
1622 715
918 1015
904 1084
1534 897
1866 835
538 2056
1506 978
1346 1051
1413 1027
1288 1105
1756 986
1700 1000
1726 1004
1380 1153
1869 1005
1617 1220
1579 1377
1433 1479
1676 1542
1630 1646
1787 1614
1807 1698
1347 3230
