1593085527 2030751971
1
sift 52
89 87
457 463
156 116
91 108
1138 1346
157 137
307 271
488 556
233 179
291 485
213 245
387 403
778 953
254 240
880 1005
398 336
977 840
1698 616
442 323
1299 1073
390 393
1392 1018
1137 1130
426 408
1235 1247
527 375
1530 1351
1793 1078
559 493
692 509
611 637
870 501
803 565
892 544
1029 581
771 722
1291 633
1340 712
951 887
907 927
821 1043
1292 751
1193 867
1554 766
1567 811
1756 869
1610 980
1515 1159
1596 1176
1799 1014
1546 1276
1740 1228
1593085527 2048594538
1
sift 79
400 91
296 157
343 208
922 137
807 176
576 272
938 194
649 264
689 320
872 275
1432 216
482 485
487 481
740 341
625 399
1391 239
1312 250
658 405
1103 305
1575 263
941 327
1258 296
663 493
683 480
1753 293
596 684
1704 324
1321 426
1742 382
978 540
1619 428
1484 452
1471 458
1599 506
1072 696
1093 723
968 815
1273 658
1099 783
1646 576
1439 647
1350 735
1042 925
963 1066
1463 790
1160 948
1691 708
1705 736
895 1308
1317 893
1087 1095
1002 1193
1393 882
1624 805
1205 1031
1228 1017
1269 988
1504 892
1222 1087
1786 827
1115 1273
1378 1049
1539 1027
1607 992
1278 1290
1457 1364
1427 1402
1784 1154
1776 1211
1294 1713
1352 1646
1761 1393
1775 1434
1398 1922
1677 1659
1356 2387
1525 2244
1703 2058
1535 2417
1593085527 2075366909
1
sift 60
229 79
670 420
705 417
571 69
342 136
929 823
730 515
693 110
487 381
1039 1139
839 467
598 319
867 275
1134 1311
963 952
1324 271
898 365
1543 1226
1131 873
555 609
924 361
1635 1703
1002 1590
1061 390
1483 329
1326 1719
1042 430
1142 484
986 2223
1155 490
1224 485
1513 1683
1099 521
1237 598
1473 1872
985 703
1028 702
1730 1786
758 905
1334 603
1782 1712
1503 563
1538 562
1303 2364
1597 594
1401 646
1717 2584
1762 578
1377 724
1647 689
1466 770
1431 810
1453 816
1072 1665
1680 1147
1747 1174
1755 1195
1427 1716
1539 1721
1775 1824
1593085527 2076392030
1
sift 69
342 364
1068 333
487 649
481 674
625 584
635 597
689 558
595 672
741 552
596 799
606 809
683 728
663 770
705 775
839 689
730 836
985 646
762 803
852 967
921 905
990 877
732 1384
1100 841
847 1168
1266 804
760 1437
970 1065
885 1217
963 1114
1025 1074
1099 1041
964 1177
895 1453
1132 1121
1599 883
1072 1285
1646 911
1093 1336
1154 1256
1002 1498
1003 1507
1087 1472
1203 1297
1179 1331
1705 988
1218 1329
1269 1253
1115 1527
1222 1389
1424 1178
1504 1173
1346 1346
1762 1076
1453 1288
1624 1162
1427 1337
1378 1398
1463 1339
1539 1271
1262 1583
1205 1683
1294 1608
1317 1585
1350 1595
1562 1505
1748 1366
1694 1486
1585 1602
1784 1376
