1718489166 1795513753
1
sift 499
362 349
24 16
21 12
976 837
109 75
22 15
846 801
35 22
30 23
178 104
36 27
1048 927
45 28
41 26
233 154
50 33
1180 1010
64 46
61 30
292 202
65 32
1174 1225
97 65
71 34
291 232
66 41
1597 1271
144 76
80 37
338 262
87 61
1471 1409
176 118
118 49
483 212
122 57
1736 1289
188 135
100 79
380 274
117 84
213 143
137 73
417 333
147 63
237 141
141 82
424 334
160 91
226 163
171 85
497 359
159 95
274 179
102 128
494 376
201 77
314 251
179 90
436 450
220 83
356 245
181 99
491 440
193 107
368 252
198 115
533 467
169 122
456 294
222 106
600 409
225 114
476 351
234 116
582 474
200 149
481 368
207 139
575 492
197 165
531 382
241 123
605 518
245 134
670 480
271 124
810 442
262 132
711 522
268 129
812 568
254 144
654 565
251 146
840 611
259 145
886 580
230 173
586 879
333 117
791 689
276 152
856 678
275 158
879 662
273 162
904 642
264 172
873 713
281 169
965 744
253 199
882 729
286 176
1010 738
217 248
1020 749
307 164
967 803
295 177
1166 774
247 218
1099 870
270 213
1116 838
244 235
1188 852
303 182
1168 846
344 171
1026 948
365 174
1002 1100
327 193
1189 1013
367 187
1211 1082
346 195
1240 1117
321 214
1283 1097
328 220
1419 996
306 243
1140 1211
340 227
1369 1064
431 190
1430 1027
412 206
1435 1042
324 256
1421 1071
430 210
1342 1342
402 238
1558 1132
439 223
1593 1168
408 249
1523 1163
364 271
1383 1309
360 287
1424 1243
444 261
1515 1381
479 257
1502 1237
515 247
1635 1318
398 309
1534 1221
423 291
1788 1616
396 321
1499 1314
373 338
445 285
1703 1247
446 292
474 283
1644 1355
461 290
502 282
1719 1364
509 280
437 345
1638 1425
527 305
528 314
1857 1285
566 297
567 303
576 307
471 369
512 344
409 443
534 335
580 310
691 276
571 328
535 347
448 411
391 526
554 361
637 323
518 384
591 365
625 356
640 354
656 367
649 373
621 390
787 350
700 372
555 468
714 371
652 395
650 396
560 473
710 378
577 449
617 418
632 413
613 432
646 417
653 421
695 405
663 429
536 544
687 416
814 386
715 425
703 430
754 406
883 379
655 461
689 448
722 434
769 423
837 402
712 441
731 453
728 458
1060 355
738 459
727 471
773 455
774 469
705 497
868 431
806 465
777 477
835 456
884 436
771 487
755 504
790 482
825 472
811 485
796 508
800 510
721 541
877 483
826 514
828 517
849 507
802 529
1066 408
943 452
789 538
852 516
834 521
889 499
863 519
841 533
860 531
673 626
829 557
930 534
894 560
907 553
970 520
1050 488
939 546
1121 481
881 597
878 615
972 562
941 573
742 717
1073 540
933 586
991 566
866 655
954 593
978 591
836 702
1428 476
984 609
971 616
870 703
1107 571
1029 599
1193 564
1013 613
1106 579
1161 574
1130 588
1035 622
1120 594
1218 576
909 737
916 733
1051 637
928 732
1084 631
1378 547
1008 666
1072 644
902 786
1197 602
947 748
1092 656
1207 618
1112 658
988 722
1119 654
981 736
1089 671
983 739
1101 687
1103 690
1110 696
1022 751
924 840
1392 583
1137 695
1111 716
1167 685
1196 674
1134 712
1187 680
932 873
1178 708
1021 805
1158 730
1155 734
1250 688
1279 668
1016 835
1305 665
1127 785
1565 585
1199 759
1148 795
1055 847
986 886
1062 848
1215 763
1242 762
1254 746
1096 849
817 1142
1384 673
1069 867
1063 876
1224 797
1274 753
1031 902
1032 904
1000 924
1393 705
1329 742
1281 779
1273 793
1318 770
1353 766
969 1016
1041 954
1307 804
1356 783
1349 794
1324 802
1287 826
1602 675
1425 752
1308 833
1056 1021
1592 715
1341 844
1372 830
1327 862
893 1255
1358 853
1220 940
827 1376
1414 831
1448 828
1574 776
1407 858
1619 778
1463 851
1294 952
1657 772
1688 768
1494 863
1479 872
1431 894
1476 882
1175 1098
1701 798
1387 934
1437 909
1603 850
1411 922
1340 991
1645 839
1363 985
1528 900
1441 946
1748 823
1485 932
1771 820
1547 908
1376 1018
1582 912
1409 1015
1505 962
1609 914
1511 969
1699 881
1500 978
1085 1311
1591 930
1549 955
1559 956
1397 1076
1651 945
1728 916
1551 1019
1588 1009
1524 1048
1581 1031
1683 992
1718 977
1696 987
1623 1038
1473 1131
1571 1077
1503 1111
1655 1033
1495 1130
1618 1073
1681 1030
1314 1279
1754 1001
1662 1056
1695 1037
1406 1233
1636 1116
1599 1164
1614 1158
1496 1234
1617 1176
1368 1346
1738 1102
1642 1154
1838 1040
1415 1315
1812 1081
1752 1118
1721 1150
1793 1121
1784 1136
1762 1170
1749 1186
1822 1146
1768 1183
1447 1438
1819 1196
1584 1352
1561 1382
1846 1189
1835 1207
1821 1246
1627 1391
1826 1251
1806 1269
1570 1462
1546 1498
1740 1334
1658 1468
1825 1331
1839 1323
1781 1419
1815 1459
1718489166 1816125058
1
sift 67
33 44
373 456
34 95
65 114
58 158
71 149
76 200
100 146
99 172
200 227
138 505
193 332
192 430
253 283
259 284
270 291
282 312
289 349
281 391
244 510
299 445
268 611
290 548
322 479
334 507
333 539
398 458
365 679
448 544
328 902
346 1036
536 665
487 985
515 869
509 1368
720 805
829 801
702 1009
556 1636
616 1251
569 1602
932 772
695 1248
869 946
621 1538
678 1466
731 1314
924 970
716 1521
799 1302
837 1242
988 962
1031 949
811 1454
943 1081
849 1449
1063 1032
841 1589
898 1395
1055 1075
1056 1099
1069 1105
852 1706
925 1491
1109 1282
1218 1416
1537 1616
1718489166 1866976262
1
sift 571
7 10
412 304
210 138
17 13
23 27
1066 720
259 234
28 32
34 35
966 817
290 257
38 40
42 39
1392 1435
352 316
37 41
52 43
1466 1627
534 463
59 45
62 51
553 503
55 61
61 56
617 533
60 57
65 58
632 551
63 59
71 62
789 485
75 66
76 72
661 591
69 81
80 82
663 662
86 75
85 76
774 604
93 94
91 104
755 719
95 103
104 99
829 743
111 102
103 105
863 828
131 95
120 109
939 807
125 110
98 127
916 864
99 122
127 113
934 927
139 112
138 117
987 895
141 119
132 126
1197 843
134 132
142 128
1178 997
159 118
140 139
1137 1117
147 136
148 142
1242 1179
164 133
154 144
1161 1312
170 123
149 162
1411 1131
152 157
153 156
1431 1495
156 153
158 152
1485 1462
160 160
171 166
1437 1532
133 262
193 158
1505 1453
175 176
173 183
1279 1792
183 173
184 175
1330 2010
180 193
190 189
1617 1764
191 195
208 172
1752 1728
219 168
227 169
1721 1889
185 218
234 198
1681 2014
255 179
211 217
1768 1917
220 210
258 188
1751 2067
241 205
275 186
214 253
235 230
228 251
238 248
262 221
268 219
256 231
264 227
199 354
249 261
266 265
239 296
248 299
273 282
271 288
281 277
328 240
295 281
311 256
293 291
284 309
277 325
309 287
263 355
301 303
346 284
299 327
340 293
313 307
321 311
303 333
330 317
329 326
334 334
325 356
354 332
326 374
402 314
342 353
365 340
444 295
377 329
341 372
399 321
386 335
331 399
367 371
392 358
379 368
345 421
349 447
384 391
369 415
375 402
420 361
439 351
419 376
394 407
454 366
395 424
447 377
422 395
450 383
461 387
366 531
418 452
432 431
427 441
463 405
470 401
517 380
396 506
434 453
445 449
423 475
478 423
509 392
466 440
467 448
487 444
530 403
486 451
498 437
527 412
453 484
542 418
504 458
457 512
452 526
472 502
406 612
489 489
539 460
443 571
521 470
459 543
573 439
561 454
525 482
571 456
515 498
528 488
549 477
480 556
500 527
552 479
495 547
858 381
818 404
646 469
519 594
587 529
611 496
621 490
580 538
430 866
619 507
647 492
594 539
567 577
583 573
591 572
613 535
546 647
625 542
566 616
655 534
636 557
650 563
615 587
674 575
705 568
545 789
689 593
606 668
749 565
640 633
649 641
877 517
657 651
707 609
596 756
801 579
687 650
668 670
677 682
975 499
729 642
672 694
660 726
568 921
679 714
627 800
695 717
734 686
676 752
645 795
835 615
807 645
726 693
731 704
790 663
794 665
721 737
753 705
667 816
714 754
773 697
641 869
796 684
738 748
724 760
824 676
737 779
787 738
815 709
700 838
769 761
823 712
716 823
811 739
786 763
802 749
712 848
834 724
702 880
953 621
799 785
828 757
825 767
793 815
713 897
741 877
887 730
727 888
684 948
837 782
630 1034
889 731
885 759
813 850
867 778
826 826
868 786
1053 614
909 744
709 975
897 771
910 764
685 1030
764 938
854 858
860 860
762 960
1238 597
891 836
761 1002
720 1074
841 929
983 788
907 887
776 1054
759 1097
972 818
962 841
765 1112
920 905
912 942
997 855
875 1001
750 1233
942 914
1061 820
890 1009
978 884
849 1090
808 1192
839 1113
859 1084
925 962
831 1144
954 935
894 1036
1085 857
1008 900
1050 878
1043 885
971 947
898 1094
778 1350
930 1020
929 1042
874 1222
992 976
935 1076
917 1155
847 1342
952 1095
1030 1014
941 1161
1084 978
948 1149
1163 934
943 1172
1023 1046
1036 1037
1396 780
1011 1081
950 1204
964 1168
984 1134
973 1151
1360 830
1172 965
982 1165
1089 1060
1009 1167
1098 1065
1072 1102
1121 1043
1106 1087
1200 993
1074 1138
1111 1105
1102 1129
1142 1083
981 1300
1150 1104
1167 1086
1107 1177
1148 1135
922 1454
1155 1130
1164 1114
1068 1258
1075 1244
1473 881
1156 1143
1117 1225
1100 1255
1058 1307
1212 1121
1289 1016
1158 1196
1120 1249
1051 1332
1144 1239
1202 1186
1311 1028
1186 1219
1303 1073
1097 1351
1134 1317
1185 1266
1199 1253
1232 1224
1195 1273
1151 1322
1065 1421
1018 1482
1110 1391
957 1631
1312 1147
1478 1013
1281 1251
1176 1377
1219 1346
1130 1430
1218 1371
1237 1358
1079 1539
1073 1556
1339 1275
1378 1226
1426 1166
1257 1384
1371 1252
1447 1182
1428 1206
1183 1480
1376 1277
1309 1349
1255 1409
1341 1321
1611 1058
1273 1396
1228 1506
1191 1570
1277 1437
1307 1401
1239 1524
1372 1357
1210 1581
1388 1340
1044 1869
1327 1400
1201 1630
1538 1232
1266 1511
1495 1299
1454 1343
1356 1458
1308 1527
1284 1587
1287 1589
1081 1978
1429 1403
1331 1518
1544 1320
1350 1517
1313 1583
1366 1493
1409 1446
1231 1756
1205 1839
1474 1425
1316 1625
1384 1547
1543 1392
1328 1652
1387 1577
1318 1719
1324 1714
1562 1420
1425 1578
1249 1921
1765 1288
1402 1623
1336 1768
1461 1599
1358 1759
1354 1814
1301 1905
1414 1716
1616 1528
1563 1580
1511 1643
1683 1509
1665 1526
1566 1654
1559 1667
1527 1725
1393 1938
1620 1624
1581 1684
1619 1642
1465 1872
1590 1694
1565 1732
1588 1705
1669 1607
1676 1606
1531 1802
1490 1893
1517 1843
1819 1491
1457 1969
1603 1758
1685 1653
1386 2119
1623 1775
1500 1941
1609 1806
1395 2121
1641 1755
1389 2132
1568 1879
1501 1998
1582 1885
1606 1875
1764 1674
1624 1855
1642 1845
1578 2018
1718 1812
1526 2099
1655 1909
1796 1774
1607 2049
1592 2059
1707 1912
1646 2056
1693 2007
1845 1722
1688 2028
1629 2100
1725 2019
1705 2070
1754 2020
1728 2065
1708 2103
1823 2118
1851 2003
1817 2150
1718489166 2076392030
1
sift 77
404 453
15 62
6 37
33 49
24 113
28 47
435 522
35 119
30 100
102 143
50 153
63 78
718 834
45 199
60 250
251 154
64 234
87 136
144 260
93 346
373 437
106 375
200 228
177 373
125 429
536 592
137 350
244 176
188 487
132 585
652 764
139 491
253 311
178 633
159 436
1055 1204
187 438
270 360
226 742
210 537
234 532
282 359
237 719
232 747
258 655
255 754
274 776
409 395
288 784
398 534
371 1189
276 1015
268 1193
448 582
356 1424
281 1060
436 1151
437 1095
424 1369
518 831
577 895
560 1035
489 1575
920 854
783 1345
902 1128
870 1370
1009 1018
932 1240
1150 1067
1032 1290
1041 1380
1063 1361
1069 1408
1053 1480
1057 1543
1284 1456
1718489166 2121696221
1
sift 185
45 76
26 34
37 42
64 173
49 74
71 87
226 407
80 81
104 93
213 443
134 129
118 164
314 498
149 126
147 150
371 1078
142 158
154 157
481 1046
132 191
194 176
748 568
138 281
201 202
531 1067
193 261
271 196
1027 1352
259 228
225 279
1020 1609
252 253
262 259
295 272
281 302
268 379
430 242
344 296
299 356
276 401
290 382
296 398
322 374
326 385
334 410
303 459
342 412
328 429
365 414
367 420
340 447
333 515
396 438
346 523
388 494
423 468
439 445
627 365
445 492
515 473
403 606
700 413
419 717
487 590
427 765
434 750
567 531
484 720
509 657
504 688
580 571
554 644
526 694
468 902
450 986
720 532
521 779
489 915
714 541
702 574
758 561
640 669
632 684
637 756
712 673
616 785
829 622
695 753
649 797
663 852
519 1360
716 787
865 679
731 882
677 998
621 1139
827 800
799 841
814 838
943 697
753 929
837 827
689 1088
613 1275
802 920
672 1163
728 1048
811 962
825 925
841 912
852 933
826 983
823 1011
898 876
849 1003
828 1097
925 975
941 955
790 1310
970 966
874 1235
867 1349
939 1181
942 1253
1110 1049
985 1194
971 1218
889 1453
1216 967
1144 1037
863 1546
948 1291
1191 1010
1152 1056
1218 999
1392 818
1228 1059
1428 878
978 1418
992 1445
1331 1017
1187 1190
877 1793
1155 1239
1111 1347
1039 1486
1106 1398
1134 1362
1355 1100
1156 1345
1201 1292
1159 1350
1087 1505
1243 1313
1122 1501
1470 1070
1148 1473
1414 1131
1529 1045
1247 1424
1390 1243
1387 1371
1307 1516
1409 1400
1574 1262
1372 1521
1316 1620
1308 1652
1479 1425
1437 1472
1551 1370
1341 1675
1377 1661
1503 1484
1354 1746
1505 1603
1651 1498
1688 1502
1549 1723
1722 1696
1701 1725
1609 1798
1778 1684
1752 1773
1848 1790
