1795513753 1816125058
1
sift 57
32 114
338 456
34 149
79 146
35 1577
90 228
83 271
93 414
107 332
149 227
118 376
145 284
142 351
199 283
162 404
213 291
129 611
209 566
235 510
230 629
195 1036
220 902
313 519
251 720
228 1013
273 677
291 654
247 869
411 544
303 830
279 1367
449 675
362 885
543 664
402 1242
405 1248
389 1537
407 1429
428 1398
424 1521
495 1215
592 873
481 1363
534 1155
510 1303
485 1454
506 1450
873 772
722 962
840 970
902 949
847 1075
875 1031
991 914
888 1104
734 1668
1021 1099
1795513753 1866976262
1
sift 214
30 56
90 145
145 234
32 58
34 62
171 346
335 463
37 82
82 119
206 304
361 504
91 160
107 158
249 359
418 533
116 198
123 205
282 397
412 552
158 186
129 219
408 720
429 662
124 288
172 227
520 640
469 604
169 277
177 281
465 794
502 750
220 240
195 284
763 775
557 743
227 293
214 311
751 910
535 839
200 333
237 313
882 951
577 808
223 351
228 363
946 1010
602 843
257 422
279 393
815 1793
587 927
289 388
247 498
1164 1242
733 864
285 449
305 412
878 2054
574 1312
291 475
272 548
1560 1218
708 997
328 456
336 455
1159 1743
694 1118
314 488
340 462
1077 1979
698 1230
275 618
321 506
1207 1798
761 1180
310 538
303 577
1232 1830
922 1131
330 505
323 558
1517 1650
894 1495
297 616
389 491
1500 1800
743 2010
320 702
354 633
1536 1880
909 1532
432 535
350 738
1509 2148
962 1453
461 534
483 517
1060 1478
371 754
416 650
1094 1490
372 838
456 615
1007 1792
406 706
405 717
1118 1728
457 642
401 781
1029 2013
422 762
527 586
1176 1764
455 697
453 704
1149 1890
482 663
424 823
1066 2141
459 748
472 767
1085 2142
499 731
521 724
1183 1917
517 757
510 784
1619 1263
529 749
471 888
1368 2087
541 737
488 878
530 861
451 1173
532 930
553 887
464 1156
476 1206
506 1089
534 1020
591 884
567 976
560 1036
737 744
661 865
616 947
547 1226
598 1014
579 1087
666 900
571 1177
631 978
623 1038
663 1006
594 1249
644 1102
671 1060
685 1086
588 1430
716 1105
637 1332
734 1130
730 1196
755 1153
795 1135
712 1317
759 1253
736 1300
696 1391
779 1251
714 1379
673 1547
793 1396
844 1321
830 1357
804 1401
783 1458
752 1578
862 1400
1311 857
770 1719
826 1589
802 1714
1018 1277
715 2059
831 1716
850 1758
853 1759
768 2028
934 1577
1015 1446
1130 1299
930 1695
956 1667
955 1687
914 1806
911 1884
1008 1704
977 1812
910 2018
916 2065
1038 1775
1099 1653
1196 1491
1001 2020
1133 1876
1154 1845
1180 2039
1373 1657
1263 2016
1499 1640
1507 1779
1532 1902
1795513753 2121696221
1
sift 190
16 62
28 76
34 87
37 81
48 200
58 164
63 150
84 141
82 175
83 181
77 202
90 212
93 274
95 284
124 196
107 261
116 264
105 303
114 279
145 228
131 258
142 289
172 252
177 272
129 379
210 242
169 302
171 296
163 407
143 443
188 346
158 451
193 384
209 361
215 374
243 376
195 523
223 445
227 447
291 356
292 389
247 473
228 533
267 439
251 498
272 452
237 606
273 478
285 492
321 438
293 499
372 413
303 531
279 656
310 571
275 751
371 541
357 580
269 1105
277 1019
323 756
361 644
350 705
316 961
330 883
283 1317
305 1231
328 1024
412 661
405 753
422 714
441 673
437 704
451 698
400 828
424 787
428 857
537 637
557 622
382 1067
360 1367
389 1140
453 882
356 1526
466 886
476 878
472 925
534 773
495 846
510 840
661 594
457 1047
465 1029
508 906
485 962
470 1086
487 1008
533 912
506 1004
529 920
520 966
501 1040
687 645
588 775
627 725
517 1097
560 958
553 1002
482 1310
700 723
554 1087
586 930
456 1535
455 1705
499 1453
697 801
500 1491
637 927
693 839
681 861
885 696
604 1160
621 1121
644 1069
610 1194
483 1793
523 1669
706 971
641 1114
567 1445
696 1049
591 1418
753 1013
562 1666
680 1190
887 834
598 1534
770 1073
791 1118
734 1239
831 1131
649 1541
716 1347
959 909
730 1351
761 1313
901 1045
849 1179
853 1197
755 1518
788 1448
768 1502
795 1473
749 1609
1079 952
823 1414
984 1095
830 1521
829 1606
798 1725
833 1652
934 1371
844 1675
909 1472
953 1421
945 1498
1019 1370
1015 1400
1063 1331
962 1603
955 1723
914 1798
1111 1484
1048 1642
1238 1268
1102 1562
1248 1315
1137 1547
1068 1774
1149 1696
1118 1773
1307 1456
1180 1762
1297 1722
1347 1710
1395 1647
1359 1769
1370 1785
1545 1775
1596 1714
