1816125058 1866976262
1
sift 55
114 58
228 145
284 234
93 68
149 62
1115 532
200 72
282 67
801 743
199 129
332 158
404 282
611 219
507 334
902 240
504 386
836 338
654 475
1182 330
1275 336
998 365
1008 372
1280 360
985 444
1053 424
1367 393
1648 387
1118 481
1194 470
840 601
758 713
1537 491
1348 530
1155 575
1292 584
1248 717
805 1074
1009 880
1572 651
1242 782
1454 739
1554 757
1474 825
1521 823
1080 1173
1491 962
1589 929
1288 1170
1488 1047
1449 1090
1583 1076
1668 1130
1416 1371
1563 1391
1687 1630
1816125058 2121696221
1
sift 198
1066 530
48 34
52 42
1393 675
72 53
67 73
98 69
117 62
130 74
128 81
143 79
134 93
149 87
158 88
142 99
165 91
160 100
137 112
164 109
168 107
169 110
150 116
138 123
173 117
216 149
239 158
205 195
240 175
247 172
243 189
386 147
271 181
228 212
245 207
295 186
310 191
250 236
362 202
284 228
281 272
332 261
374 264
288 318
437 238
296 317
351 289
412 268
414 274
376 295
415 282
391 302
505 281
492 296
499 294
401 348
384 371
383 387
464 340
498 336
644 298
561 319
648 307
508 365
559 346
526 367
566 361
478 413
548 382
507 410
611 379
678 360
694 357
593 394
597 409
631 422
636 420
585 449
619 430
539 515
520 535
751 407
654 468
667 481
677 478
697 450
720 498
902 429
646 594
869 473
767 504
749 517
763 518
805 532
1011 491
830 531
765 560
808 572
757 605
800 621
1013 533
1001 554
827 652
1009 574
983 589
973 682
1033 661
876 755
1151 613
1067 663
894 768
998 714
1004 716
1224 628
1080 698
1118 694
1052 754
1173 705
1367 656
934 874
1317 681
1318 688
1327 690
1155 773
1059 833
1248 753
1182 776
1193 778
1050 870
1455 704
921 1026
1251 785
1259 804
1242 827
1215 846
1620 717
1466 781
1253 864
1302 841
1521 787
1345 848
1279 888
1398 857
1480 844
1115 1085
1325 937
1315 957
1404 906
1280 1014
1244 1037
1346 974
1429 929
1402 979
1454 962
1479 945
1453 976
1416 999
1413 1002
1589 912
1355 1043
1474 984
1491 975
1316 1072
1483 991
1449 1003
1476 998
1564 960
1485 1007
1661 896
1293 1153
1443 1059
1464 1069
1583 1016
1231 1235
1563 1049
1286 1246
1554 1097
1531 1122
1557 1111
1537 1140
1414 1211
1555 1170
1515 1197
1591 1169
1694 1092
1542 1220
1595 1202
1380 1334
1543 1256
1292 1514
1639 1237
1519 1338
1668 1239
1649 1265
1338 1568
1582 1372
1608 1431
1552 1571
1611 1681
