184172299 1101473849
1
sift 54
28 893
489 227
2 496
115 115
167 145
8 445
679 965
177 118
257 176
417 332
132 189
682 1179
151 154
292 183
705 743
149 166
213 175
307 221
701 928
210 199
212 321
225 399
253 322
241 355
285 310
150 897
579 143
255 461
271 324
281 373
326 470
218 516
226 558
405 455
351 389
295 592
386 696
371 443
335 603
450 1007
532 346
383 667
482 1085
415 639
330 1057
413 881
442 828
497 686
434 1047
567 936
525 1065
436 1399
623 949
723 1135
184172299 1387747476
1
sift 70
805 583
18 44
52 105
51 115
54 111
65 122
70 113
74 130
72 180
80 159
89 185
114 277
133 256
137 225
152 313
174 308
164 322
170 330
161 353
202 292
201 332
184 394
190 421
203 422
215 443
222 398
236 372
234 406
254 385
247 428
228 498
239 470
261 442
220 625
242 538
274 433
275 455
243 623
248 592
257 566
295 453
227 770
258 668
269 655
266 686
293 545
272 786
318 547
278 758
329 557
381 404
343 517
301 733
304 729
321 667
326 768
351 619
359 709
324 954
330 1068
435 556
386 877
390 861
433 693
371 1066
429 942
405 1215
537 872
478 1045
562 1096
