1866976262 2076392030
1
sift 54
165 395
138 537
32 47
58 174
86 96
207 784
54 218
57 250
64 187
297 1565
61 235
101 413
66 200
67 295
110 429
84 252
131 128
112 491
94 346
146 297
126 585
242 754
188 655
198 825
258 771
219 1193
256 958
269 738
286 796
277 1060
318 617
478 394
334 920
327 938
317 1414
427 706
342 1678
408 1086
373 1557
411 1371
489 1575
527 1662
656 1207
625 1422
672 1227
614 1480
905 854
698 1406
716 1386
707 1431
1167 1018
1104 1067
1587 1456
1511 1704
1866976262 2121696221
1
sift 131
145 212
234 228
41 42
46 74
446 582
552 661
62 87
72 88
743 622
103 67
82 81
828 1546
101 226
136 150
1531 1471
95 246
126 191
1453 1603
117 281
156 211
1728 1773
158 261
247 202
1890 1696
195 290
230 303
277 302
219 379
240 429
229 451
327 356
293 447
284 523
334 410
374 385
333 459
351 445
313 606
332 597
449 492
475 468
506 438
498 473
376 717
392 657
442 589
838 413
360 1014
459 689
577 531
377 1039
538 571
453 750
441 765
481 694
438 845
454 906
412 1231
489 915
417 1282
633 669
490 1139
880 574
865 594
534 1061
641 797
1074 532
717 753
848 673
469 1540
542 1210
676 857
593 1088
693 844
704 882
567 1265
642 1047
823 787
706 928
782 827
784 840
749 920
739 962
711 1012
767 925
507 1768
825 984
663 1310
636 1427
929 912
617 1569
763 1228
744 1316
1094 876
731 1453
778 1349
1206 878
1017 1031
697 1705
1089 1004
914 1253
947 1218
765 1663
883 1419
1239 1037
1371 999
976 1445
1130 1239
1391 1049
1105 1347
1222 1235
992 1529
1143 1345
1518 1017
1389 1158
1506 1059
1135 1473
1073 1636
1190 1501
1317 1362
1337 1452
1716 1131
1674 1215
1401 1516
1321 1675
1578 1505
1527 1652
1625 1620
1581 1729
1814 1746
1806 1798
