1887534972 2075366909
1
sift 67
44 417
54 514
72 275
112 526
96 874
145 1195
352 548
181 2540
223 1280
228 1359
212 2372
409 562
218 1538
326 3175
332 1611
681 643
311 3768
355 1708
432 1660
336 3279
388 2095
386 2964
363 3698
414 2608
451 2329
354 4058
435 2822
366 4099
433 3726
476 2702
566 2398
447 3835
580 2813
513 3387
579 3305
1125 1132
640 2588
603 3865
671 3009
734 2834
617 4190
626 4185
897 2474
733 3329
821 3000
708 3993
825 3255
951 4511
1072 4092
2136 1792
1042 4492
1284 4097
1193 4496
1230 4483
1421 3639
1370 4176
2042 2798
1412 4555
2824 2001
1900 3388
1892 3938
2038 3859
2438 3350
2776 3863
3212 3202
3383 4161
3358 4417
