1889038201 2025875319
1
sift 169
857 1176
44 46
83 121
57 61
949 1121
62 62
167 199
59 64
69 68
246 197
71 85
76 80
216 252
70 95
89 76
325 247
88 83
104 86
345 438
105 82
100 98
351 563
97 109
102 115
530 964
118 128
126 140
816 941
138 132
144 168
966 1026
151 163
178 172
156 231
174 200
171 220
191 189
187 219
182 244
195 228
189 251
181 284
233 277
209 326
249 287
220 335
257 300
288 295
287 305
290 313
286 352
312 339
341 348
320 398
361 360
377 370
343 418
375 397
370 426
415 432
418 461
430 452
383 526
434 475
400 524
537 421
454 483
521 440
401 571
437 536
431 580
470 541
464 547
499 521
475 557
491 556
487 603
495 591
525 578
456 705
532 618
577 569
507 670
567 585
538 624
422 1024
463 813
533 676
515 719
555 667
573 663
485 837
553 700
587 680
504 854
605 695
610 696
585 778
706 651
622 732
580 836
633 757
612 803
639 775
665 728
647 770
590 912
626 843
638 829
589 942
732 709
728 715
762 694
547 1073
663 826
723 783
796 704
703 817
569 1090
722 808
667 891
630 978
718 855
687 903
757 812
951 660
629 1035
641 1019
599 1129
763 832
679 979
662 1013
754 873
799 822
743 906
740 923
602 1165
813 835
766 894
836 810
690 1045
872 806
778 926
756 969
801 933
823 900
681 1148
737 1081
806 1007
773 1070
873 944
790 1058
745 1114
868 963
826 1018
739 1144
918 930
910 943
817 1076
838 1039
835 1112
849 1101
789 1172
952 984
936 1021
878 1091
877 1155
880 1154
894 1185
