2048594538 2075366909
1
sift 63
171 88
332 199
383 226
368 257
413 492
660 315
720 312
500 429
557 464
593 447
1016 546
977 599
1492 495
1426 520
777 910
853 903
1453 629
1029 806
1478 677
1686 633
1207 780
1445 721
729 1305
1749 688
963 1043
2296 653
1602 865
1429 942
1505 1021
1534 1049
1519 1086
1416 1198
1133 1569
1810 1127
1783 1243
1703 1440
1543 1625
1256 1903
1517 1710
1400 1825
1648 1671
1800 1585
1467 1896
991 2630
1374 2027
1693 1987
1959 1873
2145 1814
1673 2254
1987 2152
2174 2214
1906 2534
2034 2390
2100 2371
2305 2352
2249 2421
2526 2748
1975 3458
2282 3135
2014 3679
2517 3066
1752 4480
2117 4292
2048594538 2076392030
1
sift 233
230 311
26 59
4 18
7 21
195 469
33 79
11 20
28 35
175 564
29 47
34 89
241 738
96 163
98 183
415 534
86 238
105 197
473 582
110 201
108 214
652 1489
111 217
101 239
858 1680
92 271
89 277
1550 1543
118 322
117 353
1796 1408
113 367
128 280
130 285
120 354
141 339
132 366
253 261
152 412
242 297
229 314
208 365
212 368
223 394
209 432
221 423
254 421
206 513
258 444
340 391
251 515
308 478
346 508
329 529
349 496
268 703
320 558
272 697
366 476
286 693
282 751
365 552
395 524
350 614
592 411
374 598
399 584
352 686
389 610
430 596
425 634
434 646
418 673
442 648
390 750
516 612
383 862
485 675
393 859
447 745
480 728
422 889
563 654
555 658
493 770
478 823
549 741
690 653
494 900
452 1009
506 883
568 767
407 1219
408 1259
597 761
558 840
571 878
595 845
576 911
556 966
612 863
683 800
706 819
756 775
642 945
776 810
636 963
761 858
828 809
715 931
1164 641
750 899
633 1093
649 1074
512 1582
736 988
753 952
607 1188
610 1186
606 1215
793 939
774 971
624 1196
740 1055
738 1069
825 968
789 1018
787 1019
581 1480
818 998
711 1130
783 1041
889 902
631 1349
975 854
760 1122
799 1094
629 1447
630 1466
696 1285
960 943
895 1027
805 1162
722 1335
797 1212
918 1024
911 1052
896 1108
798 1327
790 1339
924 1124
916 1132
892 1173
843 1297
826 1367
735 1595
841 1329
979 1112
1081 1073
1004 1156
940 1270
1066 1114
958 1256
698 1710
988 1253
1027 1271
1091 1216
907 1558
893 1585
1254 1087
1009 1358
1014 1399
1130 1234
1102 1288
1161 1229
1049 1398
1458 1033
1087 1389
888 1704
1252 1218
1054 1485
1194 1267
1104 1419
1127 1382
1029 1540
1119 1415
1148 1366
1107 1437
1154 1376
1095 1472
1034 1577
1377 1171
1003 1653
1195 1442
1031 1683
1186 1494
1193 1498
1094 1644
1354 1334
1327 1387
1149 1622
1399 1315
1344 1397
1261 1514
1308 1453
1273 1527
1487 1283
1226 1602
1333 1470
1493 1296
1203 1650
1312 1548
1483 1371
1276 1642
1465 1436
1607 1306
1309 1671
1720 1250
1343 1666
1321 1696
1395 1663
2104 1111
1657 1423
1593 1574
1443 1692
2158 1242
2133 1365
1901 1555
1823 1686
1764 1700
2015 1569
2007 1597
2083 1654
2334 1697
