20630899 436115058
1
sift 74
105 288
331 1177
5 109
18 89
11 98
222 488
346 1306
25 137
30 100
32 141
380 958
383 1462
41 131
44 165
42 230
52 236
56 163
59 342
63 344
73 269
65 311
69 352
78 398
100 360
86 302
85 321
112 304
91 335
130 319
102 422
134 316
107 1210
113 692
129 539
142 418
143 546
137 717
189 651
153 471
154 466
203 532
176 452
171 556
213 1148
161 773
183 1076
293 1059
217 654
227 838
298 1025
225 1143
230 1110
305 1253
231 1087
235 1299
335 1164
237 1324
251 1308
334 1329
248 1369
282 897
386 983
265 1232
303 831
370 1200
389 685
323 1401
418 923
361 1317
381 1373
433 1154
429 1391
469 1433
480 1446
20630899 766245630
1
sift 56
319 411
206 301
153 138
495 427
212 350
86 254
749 337
91 246
775 767
555 925
113 616
1164 1539
248 269
827 1364
589 1074
276 330
1301 1839
277 371
1205 2089
1028 1358
269 473
1173 2431
232 831
928 1681
270 553
309 543
1281 1774
342 551
354 606
462 438
274 933
503 474
402 837
405 1156
560 815
397 1463
686 672
1014 583
606 1367
695 1063
489 2289
618 1866
871 1031
638 2381
796 1590
976 1351
978 1458
933 1910
966 1876
1299 1270
1110 1782
951 2469
1130 1775
1189 1781
1336 2288
1426 2685
20630899 1101473849
1
sift 55
595 297
473 528
112 77
427 249
1018 307
154 106
770 359
103 1193
772 310
1004 620
229 156
825 696
1232 71
957 671
1398 743
236 229
905 1079
309 166
1164 957
288 238
843 1291
393 195
1180 1162
323 256
1445 949
382 216
458 217
657 148
495 236
563 208
407 357
272 854
660 324
540 508
376 972
638 438
833 334
462 1004
740 476
463 1380
756 559
775 545
560 980
551 1147
738 684
1046 415
795 753
939 728
965 828
853 1289
1168 869
1196 886
1108 1048
1194 1150
1424 1255
20630899 1481597607
1
sift 55
140 2653
151 1733
208 2033
206 639
913 120
631 761
309 378
1214 956
269 741
497 324
722 1185
288 684
266 971
482 911
957 1797
299 703
274 901
502 1357
324 594
428 400
489 1426
343 634
359 565
447 1995
272 1539
394 652
630 2548
361 818
401 857
1127 828
503 657
481 1114
1085 2577
540 906
526 981
1484 1235
587 1156
462 2221
1475 2272
584 1374
769 728
833 804
775 1018
661 1552
610 2197
638 1959
721 1422
666 1774
813 1163
695 1744
787 2098
1057 1196
892 2338
1046 1716
1401 2225
20630899 1718489166
1
sift 64
105 159
212 275
12 38
86 112
655 877
206 328
85 125
91 138
762 1061
391 296
162 132
154 279
904 1254
331 346
203 258
225 329
940 1467
346 403
276 325
277 375
473 479
270 425
336 377
717 340
269 489
265 500
524 510
305 420
323 418
604 439
295 472
401 470
555 572
431 519
572 594
499 817
589 625
594 619
825 815
583 704
606 660
913 1030
805 557
721 842
999 1353
835 766
871 831
1263 868
794 1212
796 1252
1146 1685
873 1058
928 964
1030 875
895 1221
1014 1068
1080 1011
1005 1290
1003 1405
1050 1673
1267 1118
1130 1403
1272 1365
1447 1669
20630899 1861925312
1
sift 71
588 718
331 400
153 109
898 1344
428 321
115 156
655 667
957 1205
141 175
381 404
154 172
694 738
1180 1052
107 906
495 509
231 220
274 269
503 536
309 255
323 257
583 684
288 326
272 462
638 733
361 308
359 312
660 753
342 381
408 421
755 736
462 375
601 325
796 776
463 571
509 550
903 827
765 383
766 423
873 1108
661 578
833 510
933 1215
721 618
639 777
1168 1071
700 708
653 799
1021 1261
668 851
658 868
1350 1390
772 755
787 772
685 982
795 860
783 911
977 688
1046 757
881 986
682 1405
919 1202
858 1356
1305 852
1188 996
1235 1295
1192 1371
1246 1460
1320 1383
1236 1713
1469 1488
1424 1594
20630899 1866976262
1
sift 74
105 118
212 186
25 66
968 519
44 57
655 517
331 284
53 94
86 101
473 422
85 110
91 117
524 393
65 192
162 126
604 351
115 276
129 258
555 457
154 185
203 188
825 709
225 326
230 342
905 778
248 338
237 370
913 1014
276 356
335 330
1263 786
305 361
275 445
1146 1653
267 480
269 489
1301 1902
265 527
295 502
323 452
401 401
410 394
408 453
372 525
503 400
431 594
543 479
379 822
594 507
427 868
572 539
589 542
540 617
611 584
606 726
584 877
497 1426
574 1150
638 1127
618 1330
795 1122
780 1364
897 1013
871 1144
832 1305
873 1307
928 1168
812 1950
1014 1258
881 1699
1080 1081
1028 1377
1064 1329
1032 1420
20630899 2076392030
1
sift 71
105 436
54 357
1 28
41 220
15 111
169 591
253 1193
25 200
44 250
28 235
222 1022
40 162
56 255
37 254
58 98
73 192
52 345
60 330
75 461
117 136
65 456
86 413
69 459
88 256
85 429
120 202
95 550
131 491
180 173
102 647
130 514
187 176
115 681
162 585
112 779
128 772
192 416
141 754
143 737
214 355
137 974
152 680
170 958
155 688
153 757
200 454
286 236
163 850
182 964
161 934
176 1096
241 435
193 619
190 747
345 805
188 922
264 360
565 1226
208 1102
217 1313
219 1448
230 1678
224 1702
236 1414
284 1083
282 1227
269 1575
265 1662
301 1342
389 1207
804 582
