215382873 218127765
1
sift 73
27 5
164 37
138 28
146 75
142 53
229 79
248 76
179 80
207 99
230 101
309 147
344 143
303 157
488 214
379 149
246 189
331 177
1025 361
497 166
267 228
444 169
943 375
562 238
551 160
393 260
1062 368
647 333
408 273
630 343
858 401
1028 452
755 327
997 392
1445 507
946 483
1134 389
704 537
1595 536
1274 466
750 521
838 500
1345 593
1117 585
824 540
340 2413
1397 654
1233 620
1266 592
1255 614
1677 669
1284 723
1237 686
1222 756
1474 771
1423 691
1261 888
1326 739
1736 783
1759 817
1545 821
1368 890
1607 1005
1516 933
1547 912
662 2254
1694 1061
1428 1299
1752 1047
1740 1071
1733 1623
1758 1177
1179 2506
1574 2731
215382873 382546242
1
sift 54
71 38
97 51
110 40
113 41
138 39
140 119
248 85
268 168
379 159
421 158
344 175
393 315
562 261
550 327
697 311
647 388
656 465
755 411
943 368
763 442
997 382
688 581
792 531
747 587
1445 397
1028 555
946 594
1274 496
1395 494
1109 682
1117 724
1455 650
1233 738
1284 772
1279 834
1298 843
1183 913
1440 784
1605 768
1261 927
1346 894
1759 764
1516 862
1755 794
1586 873
1545 929
1567 1001
1752 1028
1694 1089
1758 1058
972 1656
1740 1101
1748 1127
1675 1435
215382873 405082748
1
sift 76
196 162
44 98
2 6
119 153
57 156
42 193
163 199
107 186
54 117
258 231
65 168
52 183
215 389
859 1315
71 182
231 285
212 586
97 236
265 287
138 281
395 337
238 525
184 210
142 343
706 911
350 416
140 394
146 351
290 670
164 309
158 339
325 608
190 288
147 460
314 914
174 358
179 382
330 841
180 386
208 310
322 921
181 401
207 483
367 794
228 400
308 280
362 1006
230 419
204 615
389 1036
202 631
227 595
503 814
246 863
401 344
470 1281
326 562
303 734
636 1307
426 519
358 763
694 1182
378 699
343 1069
467 622
534 601
417 1384
488 1059
699 681
550 1374
703 823
674 1470
732 1451
840 1125
1225 1426
1367 1416
215382873 453803718
1
sift 62
71 61
579 400
309 137
97 58
113 66
378 203
138 62
248 116
697 422
207 138
344 219
647 541
444 254
497 225
676 598
562 363
408 506
747 915
550 426
660 536
1117 992
755 566
943 486
1109 1040
622 771
997 522
1183 1226
685 839
792 742
1749 1658
1131 618
905 711
1784 1776
749 950
946 728
1675 2047
1274 626
824 908
1445 583
652 1300
1017 740
750 1058
1028 765
974 965
1341 722
1233 1009
1455 882
1605 838
1222 1095
1056 1289
1326 1050
1284 1125
1044 1423
1229 1401
1441 1181
1516 1219
1759 1089
1545 1543
1694 1629
1740 1665
1758 1768
1557 2298
215382873 577743018
1
sift 232
1220 768
3 2
42 16
1660 1457
57 27
71 32
80 35
63 47
65 55
93 44
97 45
113 53
116 57
136 54
138 65
142 78
140 81
119 99
164 76
159 80
146 88
213 92
184 113
204 107
207 118
250 101
208 122
229 115
248 116
230 131
212 153
268 137
310 130
298 143
290 146
293 145
246 163
311 151
286 166
325 168
303 177
344 164
319 182
329 180
403 161
294 195
433 158
399 167
367 181
378 196
388 204
439 188
415 200
343 231
372 226
362 234
423 233
444 225
430 235
392 245
497 220
448 248
421 285
428 315
556 272
488 303
483 306
540 281
562 280
486 310
544 298
591 292
505 360
461 386
579 352
617 332
611 358
654 347
494 433
534 412
696 354
615 401
647 397
688 382
702 377
689 406
755 383
747 410
1066 361
763 419
712 465
861 426
852 437
792 463
811 467
828 459
838 470
856 464
818 488
931 477
1208 431
898 485
858 517
899 500
700 643
943 503
887 522
875 536
905 519
955 506
706 665
974 516
1019 509
975 532
1005 525
862 586
946 547
997 544
1093 529
927 584
1134 531
1028 557
985 587
1017 596
1131 552
1375 495
1077 591
1051 623
973 658
1192 589
928 676
1245 575
1048 650
959 684
1573 510
1222 604
1186 618
1184 620
999 688
1161 635
1561 527
1575 530
1118 663
1142 653
1368 590
1255 636
1274 632
921 826
1233 675
1160 724
1253 697
1240 705
1395 651
1182 737
1230 730
1378 668
1060 828
1284 720
1074 832
1036 861
1305 728
1261 748
1437 693
1341 723
1543 670
1518 681
1445 710
1326 749
1279 776
1137 862
1732 640
1175 853
1440 726
1098 908
1547 711
1303 809
1133 913
1483 744
1345 802
1455 758
1227 896
1296 867
1497 769
1397 836
1557 780
1530 798
1489 811
1651 767
1406 869
1662 761
1545 814
1334 910
1595 804
1484 847
1608 801
1577 821
1417 888
1431 882
1533 856
1459 884
1385 923
1730 790
1412 935
1516 901
1586 880
1643 865
1631 928
1472 991
1699 925
1410 1045
1567 1001
1433 1052
1444 1059
1361 1121
1607 1037
1694 1009
1759 984
1748 994
1752 1007
1758 1013
1733 1035
1740 1042
1794 1005
1799 998
1663 1126
1691 1131
1641 1165
1612 1261
1735 1173
1565 1324
1773 1293
1409 1626
215382873 798973218
1
sift 82
265 316
10 12
28 75
840 1160
63 117
48 57
691 1264
886 1402
53 93
65 139
81 105
910 1555
89 114
93 311
118 161
138 334
192 394
177 266
147 328
231 295
180 430
200 527
233 397
295 303
254 375
212 613
204 647
285 369
247 487
337 294
203 753
330 523
277 413
228 565
314 563
308 405
236 686
328 632
246 627
350 409
325 731
267 681
294 631
323 786
303 736
345 596
290 1135
452 494
343 857
362 887
344 975
389 985
399 1010
364 1348
458 899
489 841
872 456
511 850
465 1255
531 852
514 1246
507 1752
578 974
505 1384
694 1051
699 946
703 1036
636 1437
674 1108
732 1161
700 1275
659 1714
626 1686
726 1423
823 1157
920 1311
932 1324
1033 1405
1129 1481
1130 1669
1169 1604
1367 1634
215382873 1494270653
1
sift 88
948 1461
27 47
1668 789
42 54
71 86
97 83
138 108
162 123
142 175
208 151
204 156
248 186
179 260
290 251
344 302
311 344
404 286
379 319
343 368
294 433
423 333
417 355
331 445
444 361
406 398
497 341
486 347
408 490
654 428
562 471
615 512
611 563
789 529
617 639
647 644
675 643
631 725
630 731
625 751
656 749
755 709
622 1007
747 796
943 694
858 752
792 830
704 963
973 713
824 894
997 781
1134 741
1131 816
889 972
905 990
1028 917
946 985
1395 786
1274 872
1303 890
1306 912
1445 859
1595 834
1044 1260
1056 1444
1255 1208
1233 1293
1284 1354
1437 1178
1077 1620
1183 1492
1444 1211
1279 1437
1455 1238
1326 1434
1440 1346
1605 1212
1678 1174
1516 1495
1451 1619
1609 1507
1454 1723
1759 1450
1545 1673
1567 1808
1694 1812
1794 1675
1752 1817
1748 1902
215382873 1499966861
1
sift 107
26 17
358 221
71 31
147 59
80 37
399 330
93 47
168 77
140 71
943 723
325 222
227 104
202 119
997 736
379 230
293 116
204 176
1345 1048
755 631
237 158
332 139
1607 1149
946 592
267 168
228 234
1735 1111
900 664
294 199
303 220
1445 1324
1325 624
254 276
311 241
1691 1263
1261 654
331 231
363 219
1057 1847
1184 741
343 258
388 249
1709 1354
1233 803
401 250
550 206
1277 979
350 291
505 354
1567 918
452 425
416 519
1752 1085
651 335
680 380
1758 1131
553 488
744 387
1740 1157
714 397
659 417
1794 1303
630 435
709 436
1586 1717
493 687
773 476
838 465
878 468
772 533
964 490
1142 447
868 527
1292 448
821 561
1113 523
1139 576
1121 587
1201 565
1162 583
1364 549
1210 621
1124 663
1320 613
1022 844
1477 735
770 1196
1522 874
1640 865
1744 827
1169 1143
1442 1001
1007 1473
973 1615
1714 1105
1715 1185
983 1841
1305 1542
1303 1602
1208 1876
1528 1813
1583 1784
1537 1978
1587 2042
1639 2113
1602 2619
1733 2495
1751 2563
