218127765 382546242
1
sift 158
37 36
21 42
46 103
24 32
45 48
28 39
69 90
57 72
79 87
54 88
88 130
76 85
213 288
97 117
107 136
99 124
249 256
115 144
136 155
146 153
450 269
149 159
143 175
158 170
374 367
247 238
169 183
195 206
424 339
244 247
229 209
253 244
392 382
238 261
177 455
271 290
506 398
353 340
268 314
354 278
596 394
370 354
270 373
389 296
481 494
409 451
322 386
327 411
536 507
419 441
397 329
385 500
634 552
472 434
366 581
441 475
895 513
534 445
527 449
503 470
951 570
465 497
482 530
451 556
1007 652
475 584
456 549
438 575
1118 630
555 508
446 748
483 594
1037 889
587 551
624 596
612 560
1156 841
565 625
660 566
576 643
1114 935
665 580
601 641
559 700
1229 876
692 638
641 673
740 611
1276 872
700 653
730 655
619 737
1175 1005
658 686
638 785
733 668
1255 977
794 633
705 750
712 706
1402 985
722 771
678 897
738 803
1545 1242
751 786
725 851
866 690
1760 1350
788 777
920 692
816 765
1815 1312
902 734
745 892
769 863
2036 1427
795 873
613 1106
766 888
2209 1671
867 819
821 929
820 870
2400 1627
881 833
999 768
849 881
957 840
950 1222
933 862
914 901
1096 1158
959 896
990 927
1304 1341
1046 1027
1061 1089
1884 1467
1071 1101
1224 1001
1719 1662
1169 1065
1177 1058
1986 1438
1329 954
1239 1100
1756 1702
1240 1122
1226 1177
2490 1601
1349 1132
1237 1338
1341 1364
1411 1473
1516 1375
1716 1448
2101 1669
218127765 405082748
1
sift 55
37 309
20 222
5 61
74 670
9 117
45 363
22 248
13 158
173 608
24 262
48 398
28 281
35 273
174 780
53 343
57 426
61 352
70 340
237 1270
69 377
84 326
76 392
75 351
73 386
79 486
87 417
80 382
86 615
101 419
99 483
104 580
107 635
200 893
146 599
125 400
109 634
213 1060
149 700
129 654
143 711
158 763
153 715
157 734
189 863
191 1299
188 1525
197 1057
232 1075
236 1069
223 1274
235 1384
231 1468
248 1313
255 1152
260 1208
218127765 453803718
1
sift 257
37 63
21 65
5 26
115 150
54 115
9 18
45 68
24 50
12 27
552 223
146 184
28 62
57 93
61 119
46 110
450 312
149 204
79 108
113 167
76 116
70 124
370 436
173 194
69 132
367 443
99 138
92 107
427 423
195 289
88 158
374 485
166 225
98 147
534 615
353 435
109 139
424 452
244 338
107 186
734 772
366 869
129 174
392 522
238 363
136 193
867 1097
472 603
131 205
434 594
409 618
112 290
957 1024
538 783
143 219
439 601
441 642
138 241
1224 1488
546 1003
140 238
481 582
465 627
162 191
1329 1383
713 963
169 254
506 584
486 640
197 239
1341 2038
695 1247
267 196
595 501
555 630
222 259
678 1410
234 272
536 684
452 765
179 405
881 1070
211 333
842 660
483 728
229 357
745 1533
253 346
951 687
467 791
323 266
959 1087
263 403
777 912
565 723
254 480
990 1389
342 375
944 752
587 710
273 506
1120 1621
285 547
870 1031
576 771
389 441
969 2460
327 566
1007 880
611 738
396 461
1066 1975
340 649
1005 1163
663 883
656 468
1226 1656
503 634
1037 1196
700 829
438 689
1237 2069
544 653
1114 1491
620 1009
454 759
1251 2047
482 743
1175 1403
691 874
420 888
1516 2122
417 949
1255 1498
615 1029
428 902
446 857
1545 1986
665 990
445 914
436 958
1550 2315
733 996
559 924
521 1058
2036 2436
728 1017
572 905
554 997
751 993
531 1103
522 1351
738 1049
493 1476
641 994
685 1170
625 1038
732 911
658 1271
829 812
689 1022
722 1124
638 1181
706 1067
778 1011
653 1191
788 1020
816 1088
756 1095
684 1363
866 1036
725 1269
629 1532
812 1152
836 1045
769 1218
902 1064
999 838
702 1448
795 1326
920 1000
818 1173
820 1301
766 1289
730 1440
933 1219
889 1169
800 1386
955 1188
1154 820
937 1229
1013 1671
645 2018
827 1481
1136 1445
821 1543
865 1466
1057 1597
916 1367
1033 1119
1061 1629
930 1407
871 1619
1071 1665
807 1770
953 1470
1169 1711
1040 1234
1099 1184
1177 1768
918 1641
950 1955
1240 1848
1038 1627
1457 983
1239 1905
910 2417
1168 1673
1448 1960
1096 1877
1238 1563
1684 2121
1174 1704
1104 1922
1428 1287
1624 1101
1014 2428
1334 1684
1148 2309
1595 1446
1259 2260
1262 2314
1729 1514
1433 2133
1584 1873
1307 2621
1606 1879
1578 1927
1958 1487
1524 2115
1556 2084
1867 1731
1494 2395
1638 2167
1698 2057
1552 2375
1928 1763
1862 1938
1991 1753
1617 2406
1736 2277
1745 2371
1807 2290
1800 2535
1719 2634
2069 2071
2372 2216
2457 2449
218127765 577743018
1
sift 263
16 41
24 57
12 23
28 65
37 76
53 78
75 88
61 85
57 120
76 116
69 97
70 108
79 115
87 114
86 107
84 122
101 131
99 118
88 124
129 128
213 302
149 197
123 144
124 150
308 374
158 190
143 164
136 188
361 429
166 220
157 177
153 221
374 504
271 237
169 225
194 195
401 517
238 280
190 204
195 214
392 544
244 293
168 313
231 233
412 563
333 397
236 231
191 324
427 572
350 417
229 265
188 361
439 560
370 436
221 286
223 325
433 579
431 500
263 284
285 298
509 571
409 552
362 255
314 331
481 651
441 526
267 447
332 360
513 688
468 533
327 383
340 392
506 709
451 558
341 410
366 382
464 865
477 550
354 452
306 549
582 724
483 547
385 425
351 530
536 804
473 582
396 476
453 426
593 802
526 562
389 531
398 494
595 829
465 633
394 514
458 449
661 798
516 587
482 462
498 468
654 836
486 628
438 527
403 682
670 812
534 655
503 575
446 652
719 831
607 620
616 536
710 473
765 853
565 722
543 626
559 613
736 896
620 675
623 564
578 637
752 888
587 739
632 592
430 875
764 911
651 712
624 635
601 668
777 907
576 843
694 623
756 604
875 878
664 758
638 727
676 696
809 962
722 721
689 705
659 744
901 910
738 750
890 590
652 766
823 1027
713 787
827 640
728 769
927 990
733 782
767 755
742 779
896 1033
700 864
741 854
744 860
842 1156
751 874
821 814
879 756
1005 1037
812 884
628 1065
898 747
943 1258
794 934
814 900
867 891
951 1253
881 882
829 948
866 918
1037 1094
816 983
1153 658
740 1080
1007 1240
933 901
1033 855
902 997
982 1313
957 981
844 1109
924 1044
1114 1229
914 1160
983 1025
1012 979
935 1518
928 1176
1070 989
1047 1007
1115 1311
1061 1009
1098 996
1071 1042
1127 1359
1120 1020
988 1238
1066 1098
1194 1326
1177 1013
1491 772
1085 1110
1276 1255
1057 1237
1068 1187
1174 1072
1150 1405
1169 1128
1072 1200
1097 1194
1279 1285
1251 1073
1200 1140
1441 931
1103 1537
1240 1103
1168 1226
1092 1300
1347 1347
1237 1188
1238 1145
1239 1190
1385 1407
1270 1164
1271 1199
1147 1333
1531 1470
1362 1289
1374 1153
1316 1265
1403 1676
1404 1281
1754 973
1094 1664
1618 1540
1411 1307
1207 1509
1804 1064
1550 1699
1522 1341
1213 1666
1443 1416
1546 1744
1274 1670
1469 1549
1525 1475
1791 1601
1684 1514
1428 1681
1777 1401
1755 1705
1649 1481
1578 1673
1682 1609
1577 1753
1900 1486
1704 1687
1824 1611
1807 1720
2063 1616
2170 1607
218127765 766245630
1
sift 129
57 72
28 45
46 117
481 521
97 86
79 77
424 362
99 118
69 95
842 427
149 154
107 139
392 422
158 177
109 134
536 814
174 188
267 112
596 345
245 265
143 246
935 714
328 311
169 201
374 531
238 291
176 220
472 452
195 229
506 546
468 495
264 179
410 590
230 254
951 474
609 476
323 213
465 713
253 308
1007 555
867 720
397 418
575 1075
327 599
870 1139
685 886
426 479
738 924
326 830
1037 908
735 852
503 601
658 1073
420 792
1175 1261
881 893
625 637
957 867
754 554
1255 1358
878 950
740 645
849 1005
589 1004
1550 1816
866 996
706 941
959 914
638 1045
1546 1859
928 1130
531 1387
1092 1286
791 968
2036 1774
1057 1063
725 1110
1388 1074
1104 717
1965 1918
1205 1085
932 919
1239 1333
732 1235
795 1909
745 1274
1420 1172
629 1557
1177 1430
785 1321
1516 1887
1099 903
1274 1342
730 1552
2116 2361
821 1373
1240 1510
1012 1116
2247 2512
1928 646
1293 1448
678 2031
1698 818
1716 1551
1429 962
919 1857
1411 2623
1624 904
1058 1832
1424 1350
1024 2149
1578 1378
1893 1252
1615 1492
1890 1323
1589 1619
1268 2260
1524 1767
1262 2473
1740 1867
1938 1650
1822 1826
1991 1719
2372 1520
2333 1775
1833 2596
2490 2086
2118 2633
2395 2631
218127765 965715659
1
sift 58
57 89
24 44
83 31
76 114
97 106
79 93
1876 1072
87 101
143 102
158 229
99 143
211 121
526 557
162 160
227 234
229 300
248 577
2269 1515
398 248
459 268
574 279
503 349
530 503
936 332
818 364
918 379
857 416
744 480
601 602
850 463
1109 537
1142 567
1534 512
1282 622
1479 624
1433 678
1353 721
1360 744
1717 668
1758 690
1784 723
1699 789
1895 727
1978 752
2124 718
2041 745
1256 1131
1326 1079
1622 946
1831 910
2057 856
2183 831
2129 845
2003 889
1850 938
2052 917
2203 913
2326 1013
218127765 1392468951
1
sift 52
58 37
475 180
274 134
374 130
400 319
392 156
468 218
425 188
424 179
421 401
506 176
566 216
456 186
555 225
436 437
634 267
465 307
704 370
587 266
398 720
822 272
794 289
674 538
867 285
916 760
1037 384
902 381
1462 499
1136 443
1143 864
1541 421
1790 665
1577 843
1545 572
1461 975
1531 618
1961 1091
1501 990
1472 705
2069 782
2036 1104
2116 1200
1652 1109
2380 977
1578 1466
2612 1159
2515 1116
2366 1303
2269 1417
2460 1363
2309 1439
2417 1472
218127765 1444320462
1
sift 66
58 71
97 99
357 170
374 565
146 137
158 206
506 648
166 284
396 236
634 886
247 386
459 246
635 825
609 710
340 393
546 1024
327 439
665 1177
503 311
820 1098
601 372
866 1162
918 425
816 1279
624 609
1237 1156
446 910
1179 380
2695 1894
1360 445
920 695
954 683
1426 471
1357 506
1322 540
1433 516
770 1017
745 1065
1174 716
1355 614
1523 558
1213 729
1432 635
821 1475
1717 722
1479 839
1766 744
1778 749
1699 776
1895 758
1784 823
1418 1056
2111 763
1855 920
1524 1095
1756 1037
2003 939
2265 902
1850 1108
2052 1031
1698 1216
1577 1296
2659 1278
1678 1856
2227 1542
2346 1594
218127765 1481597607
1
sift 56
427 244
62 77
70 66
69 81
319 366
720 749
238 219
284 539
327 450
687 2252
1530 1163
451 425
425 455
483 528
1235 1116
692 605
446 770
601 594
1185 1386
620 755
416 1098
722 621
1597 860
685 804
920 545
639 972
1413 1650
1061 913
725 872
1136 976
1339 1857
1046 1202
1058 1220
1071 1185
1447 1794
1177 1067
1068 1390
1239 1005
1520 2412
1274 1089
1697 1131
1293 1215
1691 2077
1270 1540
1418 1728
1462 1686
1660 2220
1716 1685
1566 2178
1971 1406
1782 2278
1790 2392
1649 2059
1807 2058
1885 2600
2029 2550
218127765 1494270653
1
sift 256
37 115
22 73
6 39
5 47
45 123
24 95
9 45
28 108
48 128
53 175
35 94
63 131
57 165
61 183
69 192
84 151
79 196
76 186
92 148
86 156
101 188
97 222
70 199
88 193
200 291
99 231
75 264
80 260
249 464
149 319
95 225
103 217
213 574
174 309
81 294
128 204
374 695
166 341
107 287
118 258
392 781
244 462
129 237
131 266
401 752
238 471
148 236
134 330
424 700
353 706
138 316
143 302
439 826
333 767
153 261
159 242
481 786
369 659
168 276
189 249
506 858
382 739
162 318
176 329
536 834
409 816
169 361
161 391
595 818
441 880
160 423
223 327
593 978
465 873
195 398
177 445
582 1067
451 918
231 333
193 418
634 1077
467 937
203 382
234 354
719 929
475 943
221 378
236 368
897 1041
483 985
228 394
267 345
938 1011
526 907
229 473
263 436
810 1456
534 928
248 499
254 480
951 1219
555 910
253 496
273 490
1037 1700
565 975
264 588
255 854
1114 1705
587 989
342 519
301 708
1156 1719
575 1006
322 653
326 641
1276 1662
612 1003
327 709
354 635
1175 1931
585 1164
343 731
396 618
1255 1814
614 1208
366 817
389 741
1876 1900
665 1060
403 679
394 758
620 1293
385 805
400 751
700 1083
564 563
398 993
734 1091
408 896
420 902
685 1268
428 877
438 881
728 1275
482 831
454 885
722 1353
445 961
456 945
738 1433
503 874
527 841
778 1319
446 1159
519 1126
751 1443
559 1051
532 1195
794 1381
461 1478
553 1111
833 1344
578 1063
569 1152
849 1303
592 1127
491 1601
816 1451
660 1098
757 930
866 1347
625 1272
653 1227
788 1564
623 1376
681 1188
881 1438
638 1345
648 1323
902 1418
689 1215
641 1394
795 1636
686 1255
684 1302
867 1490
696 1318
705 1312
957 1439
740 1240
695 1409
933 1495
629 1616
678 1479
914 1606
900 968
811 1114
922 1591
725 1507
829 1245
899 1886
766 1444
894 1128
1047 1817
797 1360
761 1472
1061 1812
889 1172
824 1331
1169 1926
1033 899
806 1378
1226 1808
813 1387
730 1627
1224 1892
746 1597
827 1428
1329 1837
905 1229
978 1109
920 1333
850 1494
710 1896
886 1475
964 1298
862 1546
999 1212
821 1673
871 1605
984 1364
954 1462
1099 1121
940 1600
1104 1132
808 1946
942 1656
863 1842
1051 1311
953 1711
908 1884
1094 1584
1162 1474
1014 1826
2153 682
1041 1813
1147 1762
1148 1766
1538 1048
1096 1949
1174 1858
1624 1432
1428 1741
1776 1511
1867 1839
218127765 1499966861
1
sift 87
1739 291
54 62
75 54
115 169
74 166
86 176
513 786
158 221
157 220
486 879
173 222
190 249
600 859
328 269
236 258
593 1048
322 369
284 274
875 812
451 617
290 323
927 1074
483 592
332 354
764 1539
546 575
343 406
866 1204
772 711
471 427
1965 851
685 541
571 405
935 2073
888 654
531 537
1195 1575
575 1133
413 692
962 624
702 645
1530 1397
1061 983
657 703
1058 1036
824 649
1481 2502
1047 1085
698 764
1071 1157
323 2422
1177 1131
908 826
1388 914
916 993
1169 1174
1405 809
1239 1099
1208 1139
1240 1235
999 1678
1362 1332
850 2162
1971 1064
759 2665
2200 1742
1083 1728
2101 1452
1433 1372
1445 1390
1628 1276
1331 1658
1496 1505
1999 1272
1757 1574
2088 1395
1518 1981
1646 1974
2253 1568
1816 2088
2296 1634
1974 1889
1963 2231
2631 1802
1745 2660
2366 2373
2653 2521
218127765 1816125058
1
sift 76
37 130
22 98
9 48
21 154
45 168
24 128
46 243
28 149
249 47
54 230
69 240
57 217
79 229
87 264
107 305
99 281
374 1080
115 349
131 351
136 321
392 998
146 361
162 332
149 374
424 830
174 492
176 445
195 548
506 1155
247 597
179 769
212 555
595 985
244 637
229 662
238 668
634 1398
353 885
263 646
254 805
951 1480
333 1033
268 801
274 884
1007 1555
370 896
327 1059
340 1321
419 1082
396 828
366 1315
409 1182
385 1325
563 787
441 1276
420 1515
465 1281
451 1510
417 1629
454 1472
483 1439
503 1244
446 1552
467 1574
456 1550
555 1215
534 1375
518 1640
587 1405
576 1509
624 1549
566 1648
659 1476
706 1714
920 1668
999 1662
218127765 1866976262
1
sift 54
307 375
76 73
176 327
320 552
97 114
506 575
149 118
1324 120
609 733
370 284
374 1173
409 330
425 470
1270 2141
442 336
1037 1073
465 361
625 406
599 400
1530 1705
576 412
689 401
587 455
820 479
829 441
519 703
751 539
436 1076
700 630
933 507
682 868
866 542
902 563
1030 797
685 935
1225 731
1428 594
920 1130
849 1339
1146 979
1169 976
1516 778
1104 1090
1379 1012
1964 1168
1383 1120
1462 1121
2396 822
1765 1225
1970 1127
1704 1725
2075 1465
2366 1654
2076 2120
218127765 2121696221
1
sift 59
45 107
28 87
46 189
58 149
374 698
76 176
195 382
149 264
424 531
247 409
253 430
244 419
392 714
467 802
301 650
320 661
596 588
465 1013
341 660
327 833
506 773
555 846
498 589
740 554
481 999
587 905
518 882
420 1197
536 883
585 1169
446 1571
634 857
951 844
609 1541
625 1002
638 1350
1037 1636
723 1378
704 1414
866 1210
1229 1332
868 1281
920 1239
881 1280
1114 1802
820 1502
2230 486
825 1642
1403 1534
914 1438
1104 1003
849 1776
957 1540
995 1507
1274 1326
1374 1424
1371 1500
1328 1806
1867 1687
