222897565 414432701
1
sift 168
248 60
603 220
1430 1445
313 55
328 66
891 388
2106 1635
351 65
241 119
1299 902
2099 1765
416 83
346 165
373 180
705 148
324 238
359 230
386 215
297 285
438 214
795 164
336 319
532 213
790 169
756 189
654 228
760 241
881 234
570 328
490 369
903 258
862 267
522 360
1047 246
578 351
564 375
509 403
826 300
1178 271
659 373
691 372
585 449
841 341
1288 298
1229 307
710 443
1483 299
827 397
870 390
1256 335
629 534
958 386
906 421
1003 412
1182 382
1790 323
793 525
1170 417
1323 391
1074 454
976 486
940 507
1237 427
703 634
1082 494
1010 518
1506 428
1247 482
787 623
1512 448
1799 430
1796 440
1218 532
1147 547
1554 495
1726 473
1462 512
725 755
717 763
2132 406
1970 505
728 854
1866 520
2091 485
965 711
1615 580
1224 638
1026 727
1025 732
885 835
1940 579
1882 585
1578 630
1443 644
1145 747
1104 782
1924 616
956 873
1461 674
2025 611
792 1019
1200 784
1824 652
1567 712
1236 827
1549 737
2092 656
811 1140
1116 953
1743 754
1754 757
2012 713
1874 750
2058 722
1893 774
1949 798
1451 912
1172 1066
1277 1036
1095 1148
2041 840
1947 867
2033 846
973 1354
1990 904
1575 1001
1881 932
1860 951
1733 1009
1850 1002
1788 1037
1892 1007
1904 1059
1358 1261
1377 1270
1436 1264
1453 1286
1595 1283
1719 1251
1395 1429
1582 1351
1637 1360
1894 1250
1438 1503
2023 1248
761 2449
2131 1196
1508 1596
1439 1644
1821 1532
1673 1637
1669 1640
1347 1857
2046 1479
2044 1511
2080 1496
2045 1639
2112 1607
2082 1655
2006 1746
1484 2023
2030 1798
1543 2158
1656 2173
1758 2143
2000 1986
1680 2272
2064 2612
222897565 485519614
1
sift 53
242 97
309 125
360 124
373 135
490 171
379 220
439 253
577 247
807 209
532 299
480 345
965 237
710 292
559 358
543 368
1236 266
1482 257
939 347
1050 352
956 386
1122 348
737 462
1243 360
953 446
1388 351
1104 432
976 493
1105 465
1224 500
1520 470
1026 632
1089 608
1199 627
1519 586
1547 596
1787 562
1451 631
2012 630
2099 647
1557 859
1461 965
1981 832
1487 1159
1947 981
1916 996
1914 1110
2061 1056
1894 1151
1824 1236
1575 1405
1524 1971
1506 2013
2033 2028
222897565 705256877
1
sift 61
267 140
221 258
301 269
313 390
365 511
351 572
416 799
459 763
599 585
443 1232
749 627
1258 442
532 1251
1228 510
932 684
480 1886
501 1679
862 829
756 987
795 974
1001 792
1176 729
1051 849
654 1612
1016 949
1393 720
992 1035
760 1410
2022 642
1043 1143
1317 930
1878 747
826 1545
750 2029
1629 885
835 1758
1256 1308
1270 1290
779 2256
1014 1644
1002 1771
896 2118
1057 1742
1229 1578
1060 2016
1288 1655
1145 2017
1323 1628
1170 2022
1192 1984
1147 2178
2132 1280
1555 1952
1790 1907
1838 1913
1905 1833
1796 2085
1614 2266
1483 2392
1824 2401
2089 2289
222897565 744178710
1
sift 130
57 20
48 12
539 148
34 24
88 45
46 34
684 151
49 33
97 50
50 44
506 165
56 48
109 51
80 38
766 177
69 64
145 77
72 71
744 203
81 66
141 83
96 69
759 205
99 73
197 103
107 80
944 226
177 72
244 102
143 97
1128 221
128 105
315 112
170 85
1215 231
147 104
376 153
166 107
1077 274
148 133
591 180
160 127
1370 289
240 108
663 185
187 122
1599 303
213 136
679 196
183 155
1720 297
178 164
993 178
235 132
1862 447
249 125
809 232
230 158
1814 475
286 147
905 227
262 160
1919 546
228 188
1004 229
261 187
673 126
935 244
307 223
329 220
690 300
434 201
494 194
1007 246
423 237
414 248
1017 258
485 264
550 311
1097 252
707 288
833 279
1222 240
500 432
1171 270
1407 265
1096 307
1411 268
1212 285
1126 368
1254 295
1265 301
1264 351
1279 305
1276 312
874 435
1250 318
1359 317
1701 313
1168 369
1177 376
1932 363
1416 338
1528 331
1705 388
1408 346
1148 395
1504 426
1659 334
1360 371
1538 444
1815 320
1551 356
1907 438
1679 344
1040 451
1485 541
1690 372
1490 408
1771 510
1731 394
1804 407
2090 584
1696 430
2039 637
1822 709
1805 739
2043 754
2054 939
2139 910
222897565 983357929
1
sift 66
288 46
326 50
848 101
455 133
242 209
475 149
1102 128
737 153
441 198
894 211
1110 192
1274 182
343 411
2095 185
577 309
1687 219
1489 247
1762 245
428 515
1994 259
1057 301
1910 261
1145 349
480 618
953 416
1230 382
1334 367
1730 342
1481 388
1256 439
1418 418
2099 385
1636 432
1095 551
756 724
560 1064
1026 636
2106 467
2049 490
1929 582
760 1146
1743 665
896 1094
1435 757
857 1170
1451 985
1225 1137
1147 1208
1727 925
810 1584
1886 927
1074 1377
2132 874
1894 1058
2025 1124
1218 1596
1015 2050
1554 1494
1464 1845
1519 2151
1796 2072
1557 2446
1461 2703
1980 2395
1549 3364
1860 3369
222897565 1059548076
1
sift 76
373 59
328 74
242 115
820 71
309 116
441 98
386 125
1274 101
577 150
1687 103
1994 132
605 223
439 310
1145 197
433 332
1730 183
1481 190
953 234
572 340
480 392
545 351
2099 207
532 401
564 394
1636 256
654 419
2117 237
2106 241
1095 317
1881 270
1122 356
1026 399
941 427
1743 314
1256 364
2049 305
1199 396
2046 331
1733 363
988 540
2004 400
892 670
2023 442
896 688
760 779
1894 478
1277 624
1225 667
958 828
1886 574
841 922
1015 851
1451 664
779 1080
1147 853
763 1274
1435 850
1002 1200
1892 896
835 1627
826 1765
1219 1390
1464 1260
1555 1294
1218 1535
1519 1352
1042 1811
593 3506
1791 1566
1850 1546
1980 1528
1461 2128
1876 2070
2037 2274
1550 2757
2033 2570
222897565 1114184231
1
sift 284
925 260
53 46
5 5
239 302
17 13
57 51
29 11
250 325
22 17
52 59
30 25
508 424
33 22
88 104
37 24
676 608
44 20
109 121
46 29
48 34
98 154
50 37
56 55
133 168
65 50
62 65
145 171
68 62
75 57
167 197
87 56
81 58
179 238
74 82
96 67
198 213
69 105
99 74
181 253
102 119
149 100
269 310
128 123
120 133
272 393
114 139
168 99
376 411
271 78
108 187
315 528
151 126
147 127
339 617
170 117
185 116
382 564
148 151
164 149
471 499
166 155
169 152
506 546
240 128
175 174
684 492
194 165
154 211
539 591
177 186
160 231
566 682
187 182
178 204
591 666
192 196
211 180
663 656
243 177
249 179
766 738
235 190
262 215
697 881
397 176
261 233
744 821
283 226
228 284
821 798
209 334
286 237
759 872
219 312
329 219
1039 711
341 234
289 252
842 840
375 242
464 209
944 790
377 245
274 315
905 883
256 360
352 263
789 1047
312 328
300 357
901 950
436 271
357 336
809 1044
437 278
307 389
859 990
372 351
368 385
955 925
394 383
533 300
935 967
452 352
389 414
1004 930
486 366
418 485
966 975
429 477
574 379
1077 906
607 400
603 415
1007 985
491 475
485 511
794 1332
495 507
670 433
1018 1022
707 423
693 439
877 1242
655 469
711 440
1067 1033
669 473
722 445
938 1314
519 559
736 456
1097 1089
719 479
500 646
1012 1309
556 603
550 619
1168 1125
1420 368
913 449
1223 1101
733 529
494 772
1148 1248
872 514
878 520
1276 1124
874 539
833 565
1265 1146
946 531
673 742
1215 1321
768 633
788 626
1307 1210
989 567
1112 540
1424 1107
1084 548
731 737
1490 1066
819 649
812 653
1254 1373
1055 595
1096 601
1359 1322
985 648
957 662
1408 1291
1270 569
1056 630
1370 1345
1099 616
1068 629
1411 1333
1648 538
1208 624
1341 1417
1285 605
1076 678
1416 1344
945 771
1227 642
1417 1369
1445 588
1071 740
1360 1489
1701 571
1157 714
1407 1470
1310 710
1431 716
1751 1264
1216 817
1504 727
1613 1420
1523 751
1623 731
1815 1307
1502 778
1664 745
1659 1444
1080 992
1396 819
1599 1498
1724 750
1126 1013
1804 1520
1385 858
1630 794
1932 723
1964 719
1921 759
1688 815
1316 947
1610 846
1907 776
1644 850
1768 822
1390 941
1394 944
1232 1069
1538 909
1356 978
1742 871
1540 938
1766 877
1837 863
1120 1323
1926 853
1752 900
1840 892
1725 920
1977 878
2114 830
1705 969
1721 983
1661 1024
1823 964
1548 1131
1641 1096
2051 931
1847 1073
1899 1078
1873 1093
1626 1243
1797 1174
1972 1100
1625 1351
2119 995
1958 1148
1576 1440
1851 1262
2124 1036
2035 1236
2133 1054
1822 1459
1686 1548
1967 1466
2090 1437
2071 1529
222897565 1216237916
1
sift 229
221 234
236 246
241 245
327 200
281 223
243 268
360 242
309 281
311 286
267 358
386 252
346 289
313 335
373 320
396 309
301 448
413 340
455 375
477 354
496 345
285 773
441 402
437 422
439 430
509 370
416 519
475 408
422 517
443 504
551 384
480 452
516 414
467 496
632 386
602 397
492 493
585 445
561 459
577 518
459 660
589 542
603 546
682 523
446 893
654 584
557 670
440 1030
599 649
570 685
802 515
645 667
796 548
721 600
717 628
737 592
741 605
590 891
576 942
921 560
939 554
866 581
728 716
798 650
1050 551
647 947
807 664
617 1032
763 709
644 1000
973 588
760 770
600 1151
1019 597
723 876
852 711
885 690
756 851
705 1016
1043 639
650 1160
787 822
825 790
912 727
1078 626
1049 652
774 913
1107 658
933 781
954 772
894 839
1116 688
736 1110
965 815
835 973
1060 750
949 841
914 878
634 1626
1132 710
775 1076
946 887
1026 837
1111 760
956 901
987 896
749 1240
1118 800
1422 648
795 1177
941 1033
1151 827
1214 784
1143 834
1191 814
844 1172
1058 954
1332 742
769 1418
1099 943
1580 683
1395 738
810 1389
1095 1047
1564 743
1680 722
742 1769
1145 1029
1016 1147
1200 986
1207 974
927 1330
1034 1190
832 1654
1253 1019
1439 873
1089 1227
1047 1312
1083 1243
1170 1153
1669 863
1014 1498
1348 1060
1453 1015
1687 916
1238 1202
991 1647
968 1698
1006 1659
1243 1234
1596 1009
1086 1534
1176 1361
1308 1225
1274 1298
1178 1469
1271 1321
1871 988
1502 1129
1081 1749
1837 1036
1156 1630
1269 1416
1228 1533
1452 1222
1520 1184
1744 1094
1513 1228
1719 1125
1637 1168
1322 1450
1775 1132
1743 1155
1258 1646
2030 1051
1247 1730
1288 1667
1478 1411
1201 1816
1481 1457
1508 1438
1882 1185
1887 1192
1961 1179
1489 1521
1409 1642
1636 1444
1436 1628
1733 1387
1712 1404
2080 1145
1447 1661
1944 1259
1601 1546
1854 1349
1674 1512
1554 1611
2082 1201
2004 1295
1881 1380
1800 1474
1461 1727
1483 1728
1788 1527
1979 1353
2046 1291
1591 1715
1762 1604
1462 1812
1585 1740
2117 1264
1806 1627
2065 1421
2006 1532
2044 1524
2045 1544
2035 1656
2067 1617
1992 1750
1921 1794
1860 1837
2130 1508
1491 1867
2129 1541
2058 1744
1894 1846
2095 1780
2061 1845
2099 1822
2132 1839
222897565 1261438133
1
sift 83
227 32
288 189
232 36
259 71
1836 1193
309 76
346 77
1866 1899
441 86
386 97
602 88
787 95
548 120
589 121
328 182
807 126
867 135
438 191
618 173
691 168
564 185
1118 140
740 180
965 179
793 216
981 206
1482 184
1596 188
860 244
1436 196
880 258
1243 228
1704 212
939 265
1236 243
956 279
1744 224
1206 257
1104 273
1607 241
948 313
1158 331
1358 307
1818 280
1095 345
1199 352
1277 343
1026 412
1531 349
936 466
2044 337
1224 424
1604 371
1572 382
1715 373
1995 378
2047 366
2023 399
1775 430
1788 431
1733 436
1886 447
1547 503
2095 454
2112 455
1519 522
1524 622
2012 552
2104 565
1892 651
1916 671
1912 677
2030 670
1949 704
1943 730
2073 753
1435 1137
1483 1383
1928 1277
1893 1481
1747 1713
2025 1871
1050 4282
222897565 1481597607
1
sift 55
221 349
301 304
333 390
313 557
580 464
365 936
421 886
705 775
890 610
749 756
467 1362
844 705
459 1729
737 1052
1051 814
756 1075
1176 785
1001 896
1270 768
795 1175
881 1093
1016 1128
557 2281
992 1199
1393 895
856 1520
790 1633
1243 1225
1317 1166
983 1574
750 2061
1150 1375
1180 1383
763 2145
1274 1346
1230 1414
1201 1505
835 2179
1183 1605
826 2294
1014 2250
1841 1395
1383 1891
1288 2063
1178 2481
1555 1993
1351 2368
1513 2176
1687 2052
1647 2164
1462 2510
1790 2325
1796 2415
1483 2665
1940 2384
222897565 1580303157
1
sift 297
171 141
182 143
180 165
221 174
242 183
220 233
267 176
232 242
227 255
248 239
236 270
229 306
263 251
301 217
281 254
313 263
276 317
328 264
311 320
296 338
290 364
364 298
343 319
331 332
317 353
298 392
395 295
337 382
340 387
297 473
354 375
346 395
359 380
373 379
421 323
503 274
443 363
396 436
386 495
438 459
467 429
590 337
520 371
455 457
480 497
469 542
462 562
432 615
532 478
599 441
513 532
579 494
570 529
645 488
687 461
569 583
522 616
734 460
602 595
525 657
872 404
509 688
501 710
481 787
548 675
654 605
769 501
549 723
584 690
564 712
775 504
571 711
559 727
518 809
869 474
767 521
705 608
516 869
686 640
577 857
610 829
675 745
756 626
1037 499
781 610
659 795
927 560
741 655
854 593
750 659
632 901
661 889
691 800
749 700
723 756
735 734
714 841
760 739
653 1031
890 673
713 924
862 708
1087 625
841 776
790 838
881 751
874 767
826 812
835 803
755 941
1001 691
934 747
796 902
787 929
700 1153
795 955
725 1091
1023 742
747 1057
1029 753
1069 713
906 863
820 954
1056 749
779 1032
870 928
866 947
960 866
853 1001
798 1072
728 1249
880 986
1060 811
991 910
951 945
802 1113
806 1116
1047 916
1006 938
807 1156
1002 961
954 1004
1228 785
1170 851
1455 676
1089 927
947 1068
939 1077
1019 1014
1353 746
1317 783
1283 804
1176 912
896 1193
1025 1076
1044 1070
1315 827
1258 896
753 1547
918 1241
1445 778
1016 1144
811 1436
911 1281
1331 892
825 1457
810 1490
1042 1175
1261 969
976 1245
1466 825
1313 934
1057 1171
1237 992
965 1282
793 1629
1182 1065
1536 839
948 1334
1533 846
1649 793
885 1454
1026 1259
1431 903
1373 943
1500 885
1322 981
782 1740
926 1424
1256 1054
975 1362
1147 1174
1064 1287
1043 1337
1101 1254
1391 999
1833 819
956 1489
973 1464
1643 919
1107 1300
1133 1266
917 1674
1844 864
1247 1199
1218 1235
1964 858
1145 1321
988 1621
1878 904
1105 1404
1229 1256
1410 1103
1046 1583
1401 1107
1020 1657
971 1738
1308 1247
1845 976
1104 1503
1236 1328
1296 1280
1529 1128
1890 990
1809 1047
1199 1482
1111 1691
1190 1571
1724 1119
1611 1185
1435 1270
1693 1168
1095 1779
1428 1294
1664 1188
1381 1335
1589 1230
1243 1563
1971 1061
1813 1122
1959 1108
1328 1502
1335 1499
1735 1242
1859 1179
1512 1378
1192 1822
2051 1118
2045 1140
1462 1469
1748 1305
1554 1414
1210 1852
1675 1382
1443 1579
1430 1653
1790 1380
1726 1407
1332 1777
1277 1847
1583 1528
1754 1419
1409 1705
1567 1590
1670 1511
1395 1751
1517 1677
1483 1698
1578 1622
1615 1620
1747 1534
1717 1558
1799 1501
1495 1762
1824 1506
1788 1570
1439 1815
1886 1473
1453 1818
1481 1809
1636 1697
1866 1529
2022 1394
1507 1810
1461 1837
1882 1535
2012 1471
1449 1879
1733 1732
1796 1700
2066 1432
1639 1823
2132 1317
1940 1726
1874 1770
1991 1736
2023 1792
222897565 1969897084
1
sift 52
57 71
50 55
96 70
88 122
114 107
102 143
145 203
143 109
170 100
167 201
147 135
240 121
198 267
257 193
286 208
305 524
312 302
308 393
506 423
550 496
458 634
663 485
833 415
500 607
744 716
1390 421
1096 482
1067 598
800 748
1701 464
859 799
1126 591
1005 677
1128 649
1505 519
955 815
1008 792
1356 592
1569 549
1223 710
1746 531
1233 672
1141 927
1771 620
1385 740
1370 884
1626 701
1851 729
1659 911
1842 806
1898 832
1822 903
222897565 2075366909
1
sift 229
227 35
1258 823
232 43
242 48
1393 1226
263 74
320 65
1315 1311
259 80
330 83
2029 1692
343 86
346 88
373 92
355 99
313 117
386 116
513 101
501 104
301 138
433 122
441 126
602 113
443 141
455 140
509 134
589 139
543 153
572 152
480 173
559 169
627 167
638 166
475 190
532 180
564 181
533 187
675 170
686 178
577 197
691 192
696 196
579 221
659 208
710 203
603 223
422 290
561 232
618 228
522 247
654 234
645 272
858 229
726 267
880 244
793 257
981 238
820 258
750 277
760 274
738 289
965 251
860 266
779 279
826 285
870 281
892 287
926 293
1022 291
713 345
1123 282
757 335
1105 295
1002 301
1060 300
948 310
827 332
952 316
848 350
1314 297
936 337
1095 313
1104 312
1026 336
1236 308
958 353
1057 334
895 370
1074 331
940 360
791 398
763 409
844 397
1199 325
891 392
705 484
976 385
829 428
998 387
749 472
1439 323
1391 327
1239 357
1145 375
1229 359
1143 390
1010 426
1531 347
960 455
1110 418
1147 421
810 529
1604 372
1034 479
1496 380
795 555
1015 487
1219 425
1102 459
1041 498
1170 486
1588 407
1237 483
1163 500
1051 548
1016 562
1557 437
1743 429
1733 434
1519 471
1715 449
1481 492
1788 454
1082 586
1886 448
1949 439
1464 508
1687 490
1001 646
991 655
1791 496
1089 645
1582 520
1483 533
1567 524
1489 563
1955 505
1218 632
1710 551
1334 617
1775 546
1549 575
1150 689
1274 652
1882 554
1807 572
1881 567
1409 635
2023 542
1323 662
1509 627
2004 559
1288 701
1461 648
1462 649
1876 592
1730 618
2012 579
1447 670
1636 685
2117 615
1901 664
1981 653
1578 715
1487 737
1180 879
1894 696
1247 851
1914 700
2049 674
1763 728
1428 829
2074 707
1991 719
1575 827
1287 937
1946 753
1556 858
2077 729
2047 743
1850 796
1762 845
2046 780
2095 766
1754 889
1747 897
1990 843
1875 885
2058 819
1050 1168
1800 912
2030 867
1893 915
2099 880
1861 945
1929 938
1523 1031
1555 1027
2033 922
1824 978
1796 1000
1909 982
1994 977
2106 951
1940 1004
2100 973
1681 1092
2061 1015
2036 1036
2092 1013
1878 1084
2104 1021
1790 1153
2129 1069
1443 1377
1841 1253
2025 1190
2131 1559
1333 2574
