265695382 404557507
1
sift 88
243 1026
264 450
82 537
97 432
388 1080
421 581
127 521
119 622
432 1886
515 648
130 563
192 555
634 1616
537 1101
183 769
185 745
620 1952
740 1376
194 695
163 1040
708 2512
826 1334
234 660
223 941
999 1897
2262 2166
245 1068
284 974
849 2424
2997 2458
250 1253
299 979
282 1149
292 1094
271 1359
285 1267
317 1157
296 1314
300 1302
332 1642
340 1598
368 1426
374 1540
392 1365
408 1490
400 1637
367 2058
397 1755
485 1213
418 1768
424 1790
446 1714
530 1316
486 1508
435 1950
472 1720
498 1610
529 1617
551 1521
546 1602
532 1652
501 1960
564 1696
541 1855
525 2143
516 2226
534 2148
568 2107
549 2277
590 2001
571 2224
630 2011
639 1980
642 2104
560 2645
676 2024
700 2183
693 2425
739 2195
730 2326
751 2333
737 2665
761 2615
788 2604
879 2530
850 2681
1230 1716
1032 2595
265695382 414432701
1
sift 118
2317 1555
112 45
234 697
103 82
133 209
628 1138
119 306
241 363
2400 4082
813 131
302 419
459 530
332 927
590 651
825 724
812 874
613 1625
800 1158
1173 906
1402 978
1248 1115
737 2645
886 2248
928 2245
1626 1255
1389 1495
979 2262
1512 1482
1406 1663
1275 1900
1965 1166
1701 1438
1821 1383
1469 1740
1107 2616
1553 1748
2009 1307
1310 2156
1146 2757
1648 1817
1612 1949
1555 2017
1451 2195
1447 2523
1439 2611
2840 1329
2029 1812
1866 2055
1357 3072
1516 2798
1851 2216
2170 1932
1667 2720
2064 2079
1392 3397
2851 1589
1363 3643
1897 2446
2003 2287
2487 1887
2000 2448
1944 2562
1343 4160
1843 2850
1807 3041
1506 3722
2747 2110
2306 2451
2200 2574
2276 2533
3086 1973
1997 3089
3367 1831
2016 3134
2257 2753
2137 3106
2345 2868
2053 3333
2903 2430
2145 3246
1839 4100
2389 2985
2794 2658
2986 2516
3424 2166
2466 3060
3076 2496
3640 2213
3695 2240
2376 3595
2432 3564
2448 3535
2407 3918
2812 3361
2072 4614
2248 4286
2535 3838
3650 2610
2660 3897
3022 3469
2831 3834
2808 3878
2845 3931
3052 3647
2924 3903
2636 4539
2894 4215
3228 3787
4393 2889
3484 3616
3216 4021
3208 4097
3977 3279
3451 3932
4047 3662
4089 3743
4442 3479
4145 4096
265695382 485519614
1
sift 119
625 156
184 249
180 256
594 247
275 285
262 462
1077 253
311 456
223 891
840 310
205 1417
234 1108
1110 287
454 582
373 1321
1030 330
567 574
423 1055
1401 291
387 1873
397 1736
1100 471
446 1414
551 1048
967 543
440 1852
559 1509
1535 388
561 1679
821 823
1104 615
719 1250
650 1671
1418 497
613 1908
630 1827
1677 496
666 1682
812 1112
1470 638
788 1260
651 2071
1653 632
663 2178
698 1964
1690 704
761 1895
832 1603
2289 513
1001 1504
862 1944
1699 738
1282 1066
786 2351
2091 592
1085 1577
1129 1479
2101 627
957 1979
1039 1768
1979 747
1112 1583
825 2367
2358 634
1119 2023
2420 631
2102 767
1203 1857
2040 797
2154 841
1221 2137
1742 1246
2210 944
1833 1292
1498 1728
2317 928
1442 1954
1624 1707
2435 953
1530 1985
1726 1624
2125 1151
1616 1935
2864 819
2617 984
1943 1456
3028 826
2312 1447
1762 1840
1578 2253
2471 1450
1863 1770
1797 2121
2629 1652
1781 2177
1788 2206
3900 1028
2011 2035
2028 1998
3039 1573
2319 1649
2456 1718
2513 2050
2186 2185
2106 2352
2564 2036
2285 2268
2343 2204
3911 1343
3532 1498
3425 1669
3115 2073
3113 2199
4158 1619
4368 1742
3870 2120
4504 1714
4035 2149
4315 2116
265695382 704502137
1
sift 999
1104 1515
68 70
184 286
921 1000
77 94
966 1930
83 76
275 409
1034 1239
82 110
1386 1490
116 134
454 705
1240 1429
97 177
1690 1955
127 121
1129 1525
1592 2025
119 139
1494 2416
130 145
1341 1428
1863 2125
133 147
1798 2243
138 181
1283 1631
1777 2390
141 173
2626 2755
146 186
1328 1562
2184 2477
145 197
2312 3178
157 171
1203 1925
2259 3441
137 216
2513 3550
164 222
1616 1799
2870 3116
163 232
3039 3584
242 187
1624 1868
2854 3374
168 282
3115 3704
205 275
1726 2314
2585 3765
199 310
3113 4036
233 250
1797 2326
2974 3340
203 306
4591 4830
192 387
1850 2240
3784 3598
230 297
223 314
2199 1907
4243 3838
241 339
285 298
1788 2443
3671 4645
284 304
266 328
1943 2235
296 312
331 290
2011 2226
339 280
302 325
1762 2674
260 390
316 344
1530 3180
268 392
262 415
2752 1755
321 371
234 483
2301 2149
370 343
281 439
2042 2606
317 431
297 451
2112 2538
396 362
299 466
1964 2867
342 421
349 414
2545 2544
340 430
498 299
2343 2899
453 340
320 504
2680 2698
415 391
332 484
2522 2930
365 443
307 566
2285 3260
374 480
401 449
2319 3225
350 513
377 482
2327 3358
347 531
373 512
2913 2848
358 567
394 510
2729 3107
500 419
408 525
2566 3549
392 568
379 602
2622 3649
481 441
387 588
2772 3532
435 508
407 553
2632 3754
476 454
424 562
2653 3816
456 505
457 516
2520 4051
440 573
411 639
2719 4075
444 596
516 492
3475 3548
519 511
419 685
3274 4207
446 634
474 610
3422 3991
502 575
520 572
3388 4077
489 618
553 545
3419 4137
513 608
529 609
3534 4046
530 631
478 682
3479 4129
499 680
532 656
3400 4350
579 635
602 620
3557 4091
656 601
680 580
3571 4241
575 691
486 774
3284 4710
549 716
561 731
3587 4578
606 695
463 921
3604 4601
547 771
660 701
4020 4171
589 778
583 786
3736 4573
725 646
698 686
3994 4342
526 919
559 866
3883 4553
654 753
622 783
4026 4550
586 855
924 563
4146 4423
818 625
610 839
3579 4971
649 787
573 963
4257 4695
564 983
706 745
4169 4827
628 860
655 815
4136 4862
666 813
600 947
4568 4169
629 907
603 972
4579 4400
485 1241
671 888
630 965
657 944
635 1001
675 918
742 789
638 1022
641 1020
693 908
760 792
1090 637
730 853
687 1011
761 841
745 891
832 794
1067 700
692 1039
652 1132
865 816
853 829
746 1012
873 850
744 1028
800 952
897 847
788 990
952 833
910 882
737 1142
891 978
811 1069
862 1040
912 973
1019 890
719 1233
753 1185
854 1081
766 1166
804 1128
907 1027
1050 906
763 1191
886 1101
986 1008
906 1079
750 1291
1706 640
673 1589
930 1060
867 1135
913 1098
889 1140
973 1066
743 1379
987 1074
928 1121
969 1093
806 1299
933 1138
871 1234
984 1114
995 1119
1016 1112
831 1332
1005 1148
1059 1115
979 1172
1062 1126
905 1292
863 1361
1199 1005
1017 1174
1024 1171
983 1220
990 1214
1370 884
1002 1223
1162 1090
981 1276
1122 1141
1164 1105
1026 1275
1172 1108
895 1447
1101 1222
1082 1248
997 1352
1103 1257
1169 1158
1040 1343
959 1425
1022 1388
1093 1317
976 1451
1405 1042
1484 986
964 1486
1020 1440
765 2003
1443 1032
1181 1221
945 1594
1008 1479
1013 1478
1114 1354
1217 1218
1109 1401
1601 984
900 1776
1119 1413
1070 1494
1063 1511
1256 1237
1078 1503
1193 1327
1088 1560
1107 1524
1221 1333
1268 1338
1279 1325
1298 1303
1226 1387
1238 1368
1326 1306
1145 1566
944 1950
1188 1456
1369 1282
1137 1643
1094 1756
1066 1823
1319 1376
996 1969
1197 1572
1416 1330
1146 1733
1422 1334
1098 1897
1275 1509
1046 2012
1195 1669
1292 1502
1357 1454
1342 1499
1632 1258
1715 1196
1189 1841
1281 1709
1381 1553
1384 1569
1310 1685
1500 1419
1312 1702
1294 1737
1315 1714
1324 1716
1058 2261
1413 1604
1466 1522
1542 1448
1439 1588
1293 1810
1290 1818
1329 1790
1469 1610
1222 1980
1490 1575
1376 1761
1909 1231
1346 1812
1278 1921
1363 1809
1274 1966
1516 1618
1302 1924
1445 1745
1501 1663
1509 1660
1289 1985
1472 1734
1650 1527
1325 1964
1296 2018
1365 1912
1658 1576
1361 1948
1659 1602
1555 1719
1304 2057
1580 1700
1527 1764
1447 1870
1703 1582
1371 2015
1595 1722
1604 1718
1633 1692
1510 1816
1317 2112
1669 1703
1708 1657
1339 2142
1660 1725
1502 1891
1617 1783
1584 1829
1713 1680
1518 1903
1866 1513
1442 2046
1507 1941
1457 2042
1569 1879
1612 1842
1210 2484
1427 2095
1843 1595
1615 1859
1849 1587
1550 1943
1959 1472
1424 2136
1473 2066
1705 1775
1702 1788
2111 1370
1397 2201
1521 2021
1496 2059
1608 1937
1392 2246
1448 2159
1667 1902
1688 1875
1547 2052
1823 1771
1597 2054
1775 1846
1691 1942
1598 2080
1772 1858
1905 1721
1543 2166
1761 1914
1574 2162
1672 2053
1682 2074
1855 1851
1857 1871
1630 2164
1525 2317
1356 2671
1796 1981
1689 2102
1768 2045
1462 2480
2181 1603
1718 2146
1488 2494
1802 2055
1559 2415
1878 1998
1517 2473
2071 1774
1733 2184
1839 2063
1732 2206
1807 2105
1721 2224
1519 2526
1954 1947
1609 2439
1916 2041
1982 1959
1471 2721
1662 2413
2842 1391
1590 2559
1846 2168
1875 2128
2371 1695
2004 2016
2016 1993
2504 1622
2360 1711
1748 2367
2017 2023
1671 2536
1825 2312
1579 2716
1944 2160
1782 2410
1764 2421
1859 2279
1918 2211
2100 2007
1993 2145
2295 1865
1803 2468
1879 2355
1652 2770
1700 2675
2163 2043
2598 1750
1755 2596
1684 2749
2515 1798
1930 2335
1907 2369
2260 1967
2001 2257
2482 1849
1874 2462
1780 2650
2189 2069
1795 2619
2437 1900
1885 2492
1845 2566
1872 2554
2145 2180
2010 2340
1880 2577
2137 2209
2024 2332
2470 1951
1784 2802
1919 2581
1931 2592
1789 2862
1722 3040
2095 2356
1929 2633
2082 2384
2062 2428
2582 2004
2053 2451
2288 2217
2133 2381
2322 2190
2247 2249
1817 2959
1915 2758
2068 2511
2138 2441
2135 2458
1961 2769
1997 2744
1847 3061
1985 2786
1948 2872
1757 3308
1958 2887
2219 2487
2142 2600
2205 2523
2508 2263
2351 2388
2131 2663
2302 2431
1887 3155
2481 2319
1989 2938
2121 2706
2254 2545
2342 2467
2404 2424
2088 2806
2879 2108
1893 3256
1860 3342
2432 2433
2150 2738
1984 3088
2165 2733
2120 2824
2174 2728
2287 2610
2465 2461
2220 2701
2161 2816
2073 2975
2164 2822
2838 2229
2375 2586
1973 3288
2621 2426
1960 3333
2363 2668
2226 2804
2012 3232
2116 3054
2517 2572
2735 2404
2025 3245
2379 2735
2273 2857
2501 2625
2264 2885
2771 2429
2256 2908
2294 2868
2421 2734
2400 2756
2703 2501
2202 3020
2364 2813
2194 3041
2127 3200
2477 2708
2269 2971
2109 3251
2313 2931
2162 3177
2182 3145
2085 3322
2815 2465
2354 2923
2750 2552
2536 2722
2097 3336
2067 3393
2227 3101
2624 2682
2502 2795
2221 3141
3033 2371
2386 2947
2503 2834
2558 2774
2810 2565
2240 3174
2339 3055
2359 3027
2541 2829
2588 2788
2525 2913
2666 2762
2417 3063
2056 3635
2038 3686
3150 2407
2390 3142
2640 2859
2660 2846
2270 3329
2442 3127
2495 3058
2396 3203
2298 3335
2492 3109
2336 3301
2848 2726
2412 3227
2603 3011
2476 3179
2692 2916
2258 3434
2686 2956
2445 3241
2454 3240
2328 3399
2478 3230
2583 3126
2611 3092
2962 2725
2911 2783
2813 2884
2419 3331
3130 2591
2819 2905
2459 3314
2020 4122
2820 2933
2279 3560
3025 2739
2397 3432
3320 2463
2917 2875
2449 3398
3567 2324
2850 2965
2524 3332
2443 3412
2519 3348
2922 2907
2784 3032
3045 2798
2709 3138
2296 3640
2218 3766
2291 3685
2827 3065
3218 2651
3480 2440
2620 3334
2789 3137
2293 3735
2078 4220
2852 3091
3474 2457
2808 3168
2402 3638
2401 3652
2497 3527
2409 3674
2394 3732
3123 2903
2667 3402
2910 3154
2587 3524
2697 3390
3003 3086
2759 3350
3409 2634
2932 3183
3915 2331
2989 3112
2528 3619
2650 3483
2177 4235
3247 2803
2472 3751
3090 3039
2780 3395
2689 3491
2847 3341
2418 3850
2785 3408
2831 3381
2593 3660
2985 3217
2316 4078
3146 3078
2638 3669
2844 3427
3179 3028
2490 3859
3022 3255
2829 3461
2949 3362
2863 3442
3653 2642
2849 3473
2711 3627
2263 4355
2966 3366
2857 3488
2845 3503
3068 3293
2118 4787
2889 3512
2644 3804
2552 3940
2853 3575
2753 3703
2648 3845
2914 3530
3180 3213
2685 3791
3161 3257
3069 3385
3509 2876
3233 3172
2516 4107
2444 4256
2708 3818
3009 3485
3683 2767
2678 3867
2607 3990
2654 3916
2909 3633
3547 2897
2728 3849
2674 3927
3248 3233
2963 3610
2803 3798
2614 4124
2613 4136
2690 4037
2886 3790
2993 3705
3095 3577
3428 3176
3175 3490
3160 3525
2901 3857
2965 3785
3084 3656
2945 3826
3172 3534
2679 4271
3070 3707
2716 4181
2868 3973
2921 3958
3101 3740
2824 4138
3005 3944
3522 3292
2804 4279
3753 3117
3569 3247
2826 4259
2894 4147
3018 3992
2744 4490
2961 4118
3322 3578
3881 3114
3165 3829
2935 4253
3011 4102
3007 4111
3077 4004
3594 3363
2897 4346
3201 3822
3385 3605
3032 4154
3710 3319
3020 4182
3572 3426
2713 4711
2797 4614
2835 4562
3366 3692
3731 3369
2701 4809
2927 4488
3108 4146
3699 3411
3610 3487
3401 3728
2775 4769
2683 4887
3609 3566
3235 4027
3296 3933
3656 3547
3362 3875
3221 4092
3834 3435
3239 4064
3913 3373
3875 3415
3298 3998
4381 3022
3389 3903
2973 4661
3649 3647
3169 4361
4167 3266
3216 4268
3375 4025
3457 3896
3396 4035
3176 4439
4173 3324
3313 4211
3407 4073
3506 3963
3262 4384
3323 4311
3877 3663
3286 4388
3431 4196
3560 4057
3670 3946
3471 4175
3691 3921
3303 4507
3371 4414
3412 4354
3451 4308
3513 4189
3398 4407
4080 3644
3351 4509
4366 3423
3505 4280
3528 4274
3256 4688
3886 3868
3316 4646
3249 4781
3646 4186
3429 4504
4547 3278
3652 4249
3491 4455
3452 4547
3378 4686
3251 4894
3846 4139
4040 3929
3589 4464
4033 3957
4013 4010
3633 4445
4371 3679
3854 4230
3651 4459
4163 3873
3783 4341
3839 4283
3582 4597
3802 4353
3524 4668
3810 4365
3848 4345
3712 4511
3879 4335
4156 4019
3825 4426
3762 4513
3796 4465
3916 4330
3942 4303
3608 4713
3872 4410
3416 4931
3593 4763
3737 4627
4186 4072
3779 4592
3938 4381
3600 4793
3288 5004
4189 4113
3935 4404
3990 4440
3852 4649
4301 4145
3843 4697
3977 4556
4291 4176
3971 4586
3944 4625
4124 4432
3974 4750
3912 4839
3785 4938
3761 4946
4343 4378
4555 3934
4000 4802
3910 4888
4306 4530
3907 4912
4076 4852
4388 4536
3995 4927
4549 4170
4248 4761
4085 4905
4133 4863
3909 4995
4468 4560
3932 4988
4485 4559
4378 4777
4359 4815
4488 4628
3765 5034
4523 4617
4527 4642
4260 4965
4506 4692
4507 4759
4471 4914
4484 4916
4569 4920
265695382 705256877
1
sift 64
43 348
68 346
77 531
87 628
119 574
133 526
146 904
164 666
157 897
163 846
153 1537
174 1405
192 1216
197 1119
185 1574
257 631
182 2019
203 1569
223 1312
201 2043
265 1016
209 2185
245 1869
260 1633
395 729
285 1452
284 1660
256 2115
303 1523
473 747
332 1768
320 2161
323 2246
340 1830
341 1880
498 792
344 2364
415 2226
718 767
544 1505
474 2218
702 930
813 769
585 1825
680 1471
789 1178
613 2291
714 1852
1142 989
833 1863
861 1841
932 1604
1091 1347
764 2405
901 2208
927 2189
1037 1924
1067 2018
1436 1207
1284 1510
1594 2267
1621 2206
1881 2040
2416 1986
265695382 798973218
1
sift 95
7 48
264 987
13 68
309 1437
17 97
162 811
328 1326
23 370
41 343
232 757
416 1113
44 389
43 931
204 904
421 1146
59 457
54 639
243 813
515 1319
45 1006
51 1017
227 912
537 1577
71 558
60 789
235 881
68 674
92 357
272 848
77 648
93 522
388 1096
76 969
90 582
409 1305
95 716
79 1733
437 1576
91 947
108 682
552 1463
122 571
89 1515
540 1740
147 590
119 917
625 1649
129 797
130 835
648 1629
133 915
113 1713
127 996
121 1411
155 977
184 885
192 898
194 997
173 1281
196 1034
163 1476
185 1480
205 1143
230 1286
253 1045
241 1196
222 1447
234 1251
223 1501
262 1080
247 1204
257 1177
259 1235
250 1334
322 1052
273 1279
246 1678
245 1719
271 1518
280 1767
291 1737
330 1665
939 481
376 1388
341 1701
340 1755
373 1567
397 1413
440 1533
418 1739
449 1656
454 1721
561 1416
521 1687
588 1594
265695382 983357929
1
sift 382
348 279
328 813
93 112
192 118
625 255
1605 1169
176 134
205 123
594 309
1858 2160
196 155
262 153
780 323
174 229
230 199
1242 488
307 228
271 268
1408 583
446 182
397 203
1418 660
350 237
376 238
1307 711
257 294
279 300
1690 654
273 316
499 204
1677 1038
403 264
454 247
1505 1152
332 321
628 212
1798 1031
444 318
418 404
2060 943
567 301
536 311
2125 1058
610 288
580 326
1853 1344
750 281
459 446
2233 1092
533 428
520 516
2289 1218
578 477
599 479
2090 1507
821 367
630 485
2565 1307
831 373
719 426
2312 1445
649 501
745 454
2317 1443
738 480
1132 364
2617 1339
748 503
788 499
2513 1394
1129 422
862 522
2507 1519
852 556
961 507
2206 1832
1119 469
918 559
2077 2012
997 554
825 657
2581 1738
861 700
794 764
2494 2095
850 720
1028 622
3041 1776
1013 689
1034 677
2777 1984
1114 644
1226 594
2589 2151
1107 686
1442 533
2673 2083
863 891
1066 713
3113 1883
1046 743
1341 582
3327 1821
1282 602
1222 726
3071 2288
1397 662
1088 907
3805 1820
1289 737
1448 682
3900 1890
1329 740
1221 838
3518 2171
940 1247
1363 790
3532 2354
1199 931
1291 919
3044 2918
1238 1016
1279 990
3425 2509
1550 794
1710 714
4504 2008
1427 923
1574 843
4315 2282
1579 858
1624 837
3309 3138
1267 1151
1566 894
4369 2412
1549 932
1726 852
3963 3325
1874 777
1295 1201
4400 3494
1173 1388
1764 855
1544 1024
1696 895
1547 1090
1633 1053
1469 1168
1788 960
1781 977
1490 1204
1875 917
1700 1061
1395 1317
1496 1223
1584 1225
1880 1026
1687 1158
1515 1306
1542 1296
1670 1199
1715 1157
1540 1321
1814 1099
1772 1136
1825 1109
1251 1692
1406 1487
1762 1159
1647 1340
1789 1220
1736 1260
2114 1025
1863 1195
2062 1086
2097 1079
1472 1691
2319 1037
2080 1162
1758 1453
2048 1211
2194 1139
1821 1446
2199 1143
2012 1277
1761 1521
1989 1343
1961 1367
2042 1303
2770 1040
1518 1975
1935 1468
2425 1164
2138 1346
2701 1117
2313 1271
2256 1305
2073 1461
1985 1581
2184 1412
1995 1601
2290 1382
1852 1783
1819 1849
1800 1928
2165 1516
1754 2074
2926 1183
2296 1474
2067 1678
1965 1837
2075 1700
2640 1375
2186 1612
2423 1470
2279 1572
2164 1671
2342 1539
2251 1603
1682 2456
2275 1632
2537 1503
1944 2135
2402 1623
2011 2013
2044 1997
2772 1473
2445 1654
2473 1657
2638 1579
2519 1644
2298 1785
2490 1661
2622 1624
2508 1737
2522 1747
2240 2028
2614 1765
2760 1698
2469 1905
2449 1927
2123 2296
2838 1707
2421 2034
2202 2241
2631 1964
2870 1816
2288 2269
2282 2275
2660 1990
2744 1940
2913 1824
2932 1896
2994 1871
2826 2027
3256 1705
2758 2128
2689 2179
2953 1978
3297 1719
3160 1833
2306 2521
3021 1970
2200 2765
2493 2447
2854 2195
2593 2399
2610 2419
2363 2741
3271 1982
2531 2648
3063 2197
2840 2379
2276 3139
3310 2102
3400 2046
2404 3039
3347 2118
2448 3036
2774 2701
3244 2247
3511 2070
2644 2868
2659 2853
2812 2750
3401 2202
3883 1920
3175 2389
3284 2291
2808 2776
3168 2428
3359 2270
3396 2263
2915 2773
3161 2527
3112 2601
3055 2686
2851 2930
2747 3076
3366 2367
3431 2320
2972 2850
4031 2082
3077 2818
3062 2867
2960 3017
3702 2276
3972 2157
3843 2231
3317 2609
3962 2192
3763 2313
3351 2620
3623 2405
3694 2390
3524 2525
3667 2437
3197 2927
3427 2724
3787 2470
3880 2410
3190 3059
3272 2944
3867 2432
3497 2697
3178 3105
3368 2893
3753 2596
3444 2887
3592 2782
4186 2388
3374 3075
3994 2582
4385 2331
4048 2573
3321 3233
3841 2752
3839 2781
3785 2866
3251 3406
3434 3217
3644 3022
3872 2875
4257 2587
4482 2423
3479 3328
3707 3142
3451 3355
4034 2886
4331 2668
3910 3054
4517 2536
4509 2556
4237 2836
3695 3312
4324 2786
3981 3089
4128 2961
3893 3163
4213 2941
4170 2976
4210 3029
3986 3244
4428 2885
4307 3007
4376 2949
4326 3042
3932 3347
4227 3143
4305 3103
4266 3134
4154 3245
4579 2756
4357 3236
3873 3478
4244 3401
4484 3262
4425 3409
4243 3473
4508 3330
4576 3342
265695382 1059548076
1
sift 247
780 160
93 77
307 99
1408 327
446 101
257 211
1418 363
273 202
411 143
1677 442
387 188
347 269
2125 478
628 192
610 225
2629 1058
459 407
750 299
2584 1130
520 536
603 457
3113 1309
547 557
1194 271
3870 1369
1119 296
852 386
3425 1649
719 504
1085 333
4369 1590
869 463
1226 328
1442 293
773 535
794 555
981 472
1050 439
1008 524
1304 518
1249 537
1107 618
1146 600
825 824
812 885
912 770
1448 511
979 747
1222 597
1365 566
1122 783
1574 579
1624 590
1566 642
939 1135
1559 684
1173 986
1514 732
1547 767
1580 764
1181 1107
1696 758
1900 676
1247 1088
1550 875
1684 806
1700 796
1880 730
1402 1027
1238 1182
1764 858
1943 760
1814 852
1816 854
1875 878
1617 1059
1506 1120
1929 927
1789 1023
2067 866
1406 1357
1933 989
1662 1234
1821 1170
1608 1380
1451 1534
1612 1488
1843 1252
1626 1501
1439 1744
1871 1289
2097 1110
1553 1676
1648 1600
1847 1391
2360 1069
1389 2058
1796 1555
2120 1251
2275 1153
2342 1133
2082 1293
1773 1625
1995 1412
2194 1265
2397 1183
2133 1478
2044 1538
1751 1893
1917 1713
2073 1547
2524 1269
2690 1196
2750 1192
2473 1408
2833 1268
2638 1388
2490 1471
2913 1287
2519 1531
1944 2076
2328 1653
2537 1536
2402 1637
2121 1855
2003 2067
2419 1680
2063 2007
2273 1806
2145 1951
2614 1619
2622 1622
2713 1559
2248 1846
2290 1820
2219 1927
3021 1495
2016 2294
3160 1428
3400 1312
2282 2015
2503 1936
2932 1697
2953 1688
2709 1809
2825 1753
2784 1780
2593 1948
2286 2214
2636 1930
2660 1899
2364 2174
3343 1560
2571 2135
3251 1664
3065 1791
2516 2234
2379 2363
3558 1562
3296 1717
3235 1782
3256 1783
3702 1583
3511 1665
3084 1949
2780 2184
2306 2669
2659 2335
3310 1833
3271 1864
2376 2720
2966 2173
4031 1578
2744 2458
3125 2137
3175 2091
3366 1944
3347 1988
3992 1714
3526 1973
3112 2375
3508 2047
2276 3390
2084 3903
2797 2780
2829 2770
3011 2637
2458 3276
3444 2263
3351 2351
4020 1940
3226 2498
3431 2356
3497 2337
3867 2168
2794 3156
3972 2155
3763 2466
4236 2170
4230 2200
4279 2211
4342 2194
4140 2362
3086 3424
4378 2286
3712 2750
4091 2529
2986 3727
4411 2429
4266 2539
4213 2594
4331 2548
3677 3004
3408 3320
3775 3034
3932 2966
4235 2767
4568 2388
3811 3111
3203 3950
3568 3479
4508 2662
3119 4335
4227 2958
3770 3446
3213 4244
4361 2987
3515 3936
3953 3597
3872 3706
4436 3162
4326 3285
4579 2885
4165 3591
4563 3031
4272 3530
3449 4438
4357 3458
4154 3708
4495 3500
4576 3400
4530 3698
4133 4321
4328 4188
4426 4283
4226 4476
4584 3875
265695382 1081171077
1
sift 595
312 241
133 54
3143 2174
130 55
776 559
167 77
164 90
1844 1155
199 87
174 106
2052 1685
241 84
322 81
3183 2093
223 104
257 134
3929 2179
273 140
367 110
283 139
373 120
265 148
440 113
295 155
317 176
407 156
444 154
561 132
342 191
332 212
396 175
359 201
417 188
559 157
424 211
519 173
358 252
349 273
650 166
546 207
401 283
663 177
526 226
630 208
513 258
549 247
530 265
852 170
607 233
533 284
575 263
788 215
480 355
649 292
687 274
675 290
804 231
692 276
666 311
698 286
622 321
693 313
868 248
748 294
737 303
589 383
532 443
766 310
605 407
763 316
641 396
761 320
811 315
453 616
751 350
773 346
651 441
745 392
744 402
862 344
994 323
981 326
746 423
961 331
886 364
871 384
928 359
983 348
850 413
896 420
825 448
795 471
861 456
1078 371
1050 389
965 418
968 419
1028 401
1066 386
927 433
863 473
1008 425
988 432
859 489
1040 431
974 458
889 502
764 569
1107 436
1046 463
1092 453
976 496
1086 464
906 532
1038 493
979 510
854 564
905 545
1094 485
907 549
1022 518
891 588
940 566
1146 495
1017 550
1020 554
1221 488
902 625
944 613
1073 571
1325 487
1365 481
865 693
1074 595
1070 608
1296 519
1275 529
1082 622
1016 653
1579 475
1324 540
973 698
1329 547
1371 537
1083 660
1290 562
1199 605
1145 651
1342 572
1103 687
1247 607
1319 600
1101 712
1540 539
1295 617
1062 750
1181 673
1346 611
1173 679
1447 582
1263 652
1363 632
1357 644
1134 763
1310 665
1019 837
1550 596
1392 649
1339 684
1311 697
1522 633
1163 795
1543 640
1278 741
1189 787
1684 615
1580 658
1162 845
1506 689
1093 909
1880 590
1472 706
1361 768
1687 657
1514 707
1469 730
1662 671
1584 701
1377 779
1402 777
1733 669
1466 759
1555 744
1625 734
1248 885
1708 726
1670 737
1473 804
1516 797
1796 719
1748 743
1715 753
1847 716
1692 773
1754 761
1608 819
1873 727
1659 824
1771 790
1510 904
1875 776
1666 849
1292 1072
1871 783
1763 831
1983 770
1803 827
2004 755
1989 778
1807 840
1732 880
1931 815
1782 876
2120 760
2194 739
2072 792
1773 917
1528 1056
1960 847
2137 794
1800 923
1885 882
1598 1044
1866 894
1502 1104
1821 943
2138 814
1651 1045
1859 926
1721 1006
1851 935
1757 984
2236 806
1857 965
1512 1169
1672 1091
2025 884
1995 928
2481 796
1915 977
1604 1173
1729 1094
2409 825
1761 1086
1381 1391
1689 1149
2419 832
1923 1018
1744 1126
1525 1278
2053 951
1917 1038
1897 1071
2010 1009
2442 855
2068 978
2298 892
1975 1048
2342 889
1701 1220
2035 1013
2024 1035
2296 924
2165 979
2412 907
1971 1118
1846 1187
2491 906
1751 1272
2095 1054
2220 999
2328 967
2009 1119
1935 1164
2029 1108
1928 1181
1780 1292
2497 942
2339 995
2170 1067
1958 1203
2142 1099
2524 975
2689 925
2402 1015
2273 1057
2082 1150
2445 1012
1948 1252
2294 1065
2247 1105
1930 1303
1843 1385
2110 1179
2221 1148
2133 1189
2254 1142
1965 1324
1997 1309
2078 1250
2473 1082
2780 1001
2476 1088
2189 1205
2478 1102
2389 1145
2443 1133
2202 1222
2518 1116
2226 1217
2123 1291
2838 1033
2263 1225
2825 1062
2364 1206
2468 1165
2797 1070
2379 1200
2932 1041
2256 1269
2470 1192
2784 1111
2269 1293
2257 1307
2541 1204
2484 1232
2487 1226
2293 1338
2516 1242
2611 1213
3112 1059
2753 1163
2258 1361
2826 1151
3020 1112
2744 1186
2396 1340
2182 1435
3272 1043
2427 1348
2375 1368
3256 1058
2709 1243
2610 1286
2417 1373
2831 1214
2270 1436
3025 1171
3064 1158
3160 1130
2282 1443
2845 1259
3026 1193
2200 1512
2829 1281
2921 1255
2306 1476
3011 1224
3377 1114
2495 1427
2750 1350
2691 1371
2477 1453
2849 1333
2621 1415
2401 1492
2894 1323
2493 1464
3131 1233
2454 1489
2660 1416
2785 1375
2118 1649
2609 1438
2264 1579
3063 1295
2857 1395
3022 1328
2227 1610
3175 1274
3139 1287
2503 1526
2889 1400
3180 1277
3084 1329
3323 1219
2903 1410
3032 1377
2711 1483
2370 1607
3288 1267
2303 1644
2336 1637
2840 1457
2671 1539
2844 1474
2363 1654
2354 1661
3251 1317
2322 1689
2458 1626
3148 1399
2852 1499
3366 1299
2853 1533
4211 1128
2945 1518
2966 1511
3770 1238
3226 1412
2387 1742
3138 1455
2807 1571
2459 1732
2815 1590
4124 1180
3055 1524
2692 1647
2960 1567
3656 1345
2808 1630
2636 1718
2868 1625
3079 1559
3005 1594
2525 1818
2985 1618
2655 1775
3253 1531
3981 1320
3374 1501
2924 1701
2851 1735
3247 1584
2659 1874
2747 1844
3190 1621
3179 1632
3178 1646
2965 1752
3086 1717
3785 1470
2972 1768
4217 1376
3316 1603
3076 1747
2588 2026
2789 1925
3863 1502
2908 1890
3321 1655
2812 1944
3172 1773
3198 1760
3408 1668
3176 1790
4186 1490
3607 1640
2415 2315
2934 2019
3451 1719
4230 1516
2951 2035
3207 1884
3484 1739
3118 1963
3102 1977
3062 2007
4376 1509
3650 1711
3298 1879
3707 1699
3514 1762
3852 1660
4048 1601
4333 1545
3825 1674
3146 2010
4053 1629
3935 1666
3378 1912
3640 1782
3853 1721
3712 1765
4034 1672
3429 1899
3574 1836
3524 1859
3735 1784
3562 1849
3317 1979
3505 1897
4436 1580
3582 1851
3412 1950
3203 2091
4484 1581
3872 1774
3952 1756
4563 1541
3733 1871
4428 1651
3568 1969
3855 1863
4100 1767
3677 1939
4456 1669
3340 2145
4040 1830
3633 1992
3986 1862
3611 2015
3449 2107
4134 1819
3921 1904
3958 1898
3695 1999
4270 1787
4165 1825
4378 1753
3569 2113
3202 2341
4094 1902
3547 2139
4307 1822
4141 1900
3842 2012
3775 2053
3424 2199
3389 2260
3717 2094
3258 2344
4513 1777
4292 1920
3977 2055
3364 2350
4471 1873
4096 2059
3920 2141
4509 1887
4052 2103
4154 2069
4430 1989
3974 2188
4274 2076
3909 2228
4189 2123
4527 1947
4216 2128
3887 2285
4324 2098
4099 2216
4227 2198
4148 2240
3752 2427
4249 2221
3995 2334
4420 2170
4357 2195
4392 2208
4224 2291
3605 2601
4468 2189
3593 2616
3903 2452
4485 2190
4336 2310
4393 2289
4475 2265
4200 2400
4511 2242
4184 2494
4145 2541
4047 2700
4088 2687
4372 2546
4424 2608
4524 2510
4153 2863
4286 2775
4483 2705
4458 2749
4304 2935
4433 2842
4540 2665
265695382 1261438133
1
sift 331
2101 352
68 328
356 1023
103 166
2564 1200
87 253
415 3252
82 519
3425 1152
112 284
1005 2472
130 256
2626 1969
129 302
1279 3893
100 669
3870 1495
119 414
1251 4472
133 397
4369 1324
155 274
1515 3735
194 277
230 271
1518 3761
262 311
205 489
1571 3806
283 446
241 537
1819 4357
271 487
223 595
2219 4329
185 1126
183 1344
440 389
418 499
318 820
423 587
373 761
364 781
446 607
261 1406
397 812
281 1451
332 1163
300 1573
533 667
263 2026
407 1016
439 981
285 2007
410 1109
519 814
654 641
317 2130
320 2261
561 859
474 1214
520 1119
385 1927
399 2093
478 1518
408 2170
590 1203
341 3283
526 1498
615 1277
547 1579
424 2539
630 1247
666 1165
486 1851
651 1222
628 1298
448 2409
530 1912
698 1208
748 1073
812 1002
1034 832
857 1033
761 1191
859 1086
788 1194
719 1396
744 1360
560 2296
862 1154
961 1015
606 2192
525 2976
764 1453
586 2506
571 2726
657 2080
927 1250
750 1759
638 2500
704 1940
629 2646
673 2496
786 1787
825 1708
974 1436
642 2941
852 1795
1206 1135
742 2244
675 2927
763 2145
800 2036
766 2191
811 2034
1040 1619
987 1789
871 2173
912 1993
848 2330
746 2923
745 2972
928 2113
660 4199
1078 1902
997 2078
737 3262
1247 1570
1833 980
1266 1566
1028 2097
979 2238
1548 1216
1095 2045
867 2904
1328 1621
1008 2520
792 3467
1574 1432
1943 1120
982 2870
1181 2165
1864 1227
1632 1508
1107 2640
983 3053
1013 3024
886 3697
1050 2950
1101 2793
1319 1978
1462 1800
1086 2887
1617 1685
1275 2243
1146 2784
1046 3224
996 3605
843 4590
1289 2354
1566 1845
1469 1968
935 4130
1490 1967
1398 2188
1238 2719
1797 1694
1448 2207
1201 2967
1379 2427
1496 2155
1027 4114
1584 2074
1346 2665
960 4562
1263 2973
1025 4403
1365 2766
1324 2920
1038 4594
1447 2695
1821 1951
1406 2907
1271 3357
1357 3073
1294 3248
1270 3434
1687 2283
1466 2833
1625 2511
1560 2678
1778 2258
1995 1913
1743 2397
1777 2368
1547 2913
1559 2929
1144 4670
1506 3034
1648 2781
1733 2577
1874 2293
1866 2311
1445 3335
1780 2602
1579 3072
1701 2783
1521 3197
1514 3326
2011 2196
1332 4203
1329 4215
1371 4024
1751 2840
1516 3562
1975 2513
1659 3212
2269 1987
1688 3142
1472 4063
1580 3644
2327 2066
2067 2471
2029 2569
1662 3522
1684 3555
1667 3626
2309 2201
1464 4423
2473 2129
1564 4206
2082 2687
2164 2603
1644 4076
1555 4446
1544 4500
2686 2052
1612 4319
2631 2135
1615 4344
1931 3270
1681 4253
1700 4124
1696 4156
1903 3432
2772 2122
2240 2743
1642 4506
1857 3702
1796 3997
1985 3383
1843 3842
2138 3062
2035 3254
2205 2986
2010 3386
2313 2835
1789 4331
2640 2706
2339 3128
2955 2468
1973 4144
1795 4686
2257 3280
1847 4623
1859 4605
2194 3766
2004 4510
2201 3872
3062 2709
2915 2877
2345 3681
2770 3068
2532 3367
2832 3052
2247 3951
2392 3741
2449 3650
2165 4351
2587 3472
2374 3909
2133 4546
2025 4712
2389 4012
2121 4650
2306 4235
2402 4056
3344 2703
2607 3729
2448 4099
2691 3640
2593 3857
2491 4093
2502 4142
3235 3005
2610 4175
3784 2671
2364 4663
3135 3431
3190 3392
2760 4195
2294 4743
2903 3980
2926 3945
2932 4036
3422 3190
3077 3903
3419 3265
3063 4193
3208 3921
3168 4107
3079 4309
3055 4477
3787 3305
3247 4202
3025 4636
3026 4659
3377 4050
3322 4260
3408 4415
3403 4496
3976 3957
3534 4538
3139 4757
3843 4533
4033 4359
3984 4593
4083 4700
4443 4433
4568 4428
265695382 1481597607
1
sift 160
27 143
44 316
68 257
77 385
82 383
87 382
104 351
97 429
116 313
130 364
119 437
133 486
125 501
138 442
143 427
136 553
137 561
145 767
164 596
163 696
180 624
153 880
167 740
168 832
250 419
188 826
205 606
192 850
194 866
182 1000
185 968
210 809
230 705
246 610
241 848
223 984
203 1287
201 1417
209 1516
234 1256
262 1052
338 711
302 898
247 1338
245 1434
321 940
354 803
270 1332
256 1448
367 825
285 1275
317 1103
280 1357
274 1499
395 785
340 1044
300 1355
380 895
307 1360
332 1190
299 1414
297 1559
347 1129
396 925
364 1177
268 2140
350 1307
281 2181
373 1321
403 1191
371 1472
352 1588
473 899
498 896
374 1799
446 1346
407 1613
358 2173
385 1888
444 1478
392 1994
408 1793
424 1815
399 2092
411 1985
756 698
520 1413
448 1937
434 2111
584 1204
477 1682
519 1542
457 2026
450 2223
727 914
471 2101
664 1184
513 1839
462 2279
486 2201
530 1942
546 1824
561 1745
702 1166
579 1902
587 1842
718 1248
600 1761
549 2215
813 1070
592 2228
630 2013
666 1890
628 2120
649 1984
610 2293
613 2308
637 2331
673 2094
698 1831
658 2322
675 2411
924 1395
693 2358
687 2504
993 1421
878 1756
1142 1271
932 1674
1056 1505
800 2207
788 2315
761 2544
763 2650
1037 1882
912 2264
1067 1853
1014 2022
871 2602
895 2575
965 2319
1017 2254
944 2635
987 2572
1400 1467
1589 1270
1167 1972
1350 1751
1436 1720
1484 2131
1841 1673
1467 2442
1620 2171
1770 1910
1610 2332
1679 2240
1881 2414
2015 2512
2107 2627
2211 2590
265695382 1593085527
1
sift 100
17 78
515 1399
13 62
57 404
75 393
71 413
92 373
115 441
104 351
93 416
162 734
90 428
97 627
204 791
112 606
147 439
228 723
130 598
119 730
232 782
137 614
133 705
243 803
125 895
131 1010
235 894
138 941
155 762
277 1107
153 963
184 741
272 1265
180 780
176 968
388 1046
185 1002
192 1042
431 1024
212 861
201 986
409 1207
188 1326
205 1028
437 1250
230 975
223 1132
552 1380
203 1445
257 879
540 1521
241 1099
209 1539
625 1511
253 997
229 1436
598 1688
262 1100
271 1089
646 1579
259 1198
299 949
667 1763
245 1359
275 1159
767 1718
311 1016
279 1224
919 1724
270 1318
295 1154
260 1458
254 1513
280 1427
256 1717
291 1535
300 1473
307 1504
296 1630
317 1790
332 1703
351 1466
373 1453
364 1519
397 1270
353 1681
371 1593
418 1283
367 1748
385 1677
423 1406
387 1730
407 1782
454 1503
440 1762
446 1784
533 1556
544 1657
561 1755
719 1680
1057 1506
265695382 1887534972
1
sift 378
421 407
133 44
223 96
444 112
260 148
302 150
418 132
365 147
519 126
317 234
561 145
360 206
614 160
560 212
575 250
513 276
549 270
862 223
649 288
673 281
692 278
961 228
1001 219
861 244
637 351
850 273
693 357
811 311
641 401
984 290
761 355
749 366
415 694
1017 312
983 326
928 336
886 363
746 415
871 386
1221 332
1548 286
863 468
905 492
968 462
1275 388
979 476
1087 448
1122 439
1022 523
1063 509
976 571
1181 475
1082 540
1447 414
1005 607
1687 400
1324 474
626 1022
1540 432
1560 433
1020 651
1584 435
1522 446
1363 511
1444 486
1278 579
907 766
906 769
1092 672
1290 597
1342 576
1715 451
1295 602
1670 479
1580 508
1357 603
1473 601
1424 614
944 916
1506 618
1310 684
1985 515
1871 544
1516 642
1251 772
1200 841
1385 742
1995 566
1472 709
1608 708
1339 832
1678 691
1708 689
2205 580
1555 760
1748 711
1664 743
1659 747
1807 699
2082 640
1931 671
1439 890
2004 661
1515 869
1667 834
2251 644
1612 873
1754 817
1780 849
1533 974
1575 973
2068 752
1565 996
1917 840
2010 786
1983 813
1859 880
2009 814
1803 927
1849 898
1935 870
2412 716
1682 1027
2449 733
1732 1010
1843 964
1164 1540
2123 862
2360 797
2029 923
2421 790
2263 839
1869 1012
2072 910
1885 1017
2390 822
2133 906
1392 1358
2053 948
1666 1174
1761 1113
2497 827
2532 825
2294 886
1744 1165
2473 867
1893 1090
1928 1094
2442 935
2932 836
2024 1121
2248 1072
1277 1890
2189 1120
2516 1041
2709 976
1369 1840
2016 1262
2085 1246
1650 1605
3112 932
2493 1088
2784 1016
2354 1148
2915 1000
1819 1500
2254 1194
1298 2094
2815 1049
1306 2118
2001 1382
3025 1019
3135 987
2219 1286
2503 1170
2481 1191
2287 1268
3063 1042
2226 1299
2142 1352
2972 1064
2145 1361
2417 1249
1353 2239
2288 1314
3377 980
2676 1178
2478 1285
2364 1323
2863 1189
3209 1078
2840 1215
2785 1239
2021 1617
1713 1997
3055 1193
2660 1325
1919 1792
2221 1525
2396 1449
2447 1444
2889 1289
2750 1337
2852 1311
2960 1287
2496 1445
2691 1367
2659 1400
3022 1296
2432 1520
3125 1275
3226 1230
2332 1600
2404 1577
2609 1478
2258 1653
3190 1270
3323 1223
2541 1572
2967 1395
2857 1447
2636 1559
2753 1505
3005 1406
3032 1404
2851 1503
3148 1371
2921 1472
3656 1207
2363 1758
3247 1354
2940 1494
3250 1355
2824 1542
2868 1536
2853 1555
2536 1718
2949 1556
3464 1339
2531 1769
3374 1370
3321 1413
4376 1163
3079 1574
4186 1221
2747 1753
4033 1284
3313 1491
2844 1747
3216 1551
2483 1974
4117 1313
3811 1390
4030 1347
3352 1581
3180 1681
3045 1759
3825 1421
4333 1300
2986 1790
3434 1573
3818 1459
3707 1498
3756 1496
3412 1613
3086 1812
3131 1781
2644 2048
2454 2189
2941 1894
2671 2073
3508 1633
3677 1607
3176 1916
4484 1430
4387 1475
4456 1455
2322 2575
3334 1864
4200 1553
3316 1878
3178 1995
3753 1740
3582 1789
3298 1921
3935 1677
3119 2068
3424 1893
3852 1777
4270 1639
3239 2092
4344 1644
4094 1739
2528 2670
4509 1604
3669 1930
3524 2018
3097 2305
3799 1895
3695 1980
4099 1833
2163 3262
4096 1869
3803 2014
3872 2005
3981 1954
3952 1976
3068 2545
3958 2012
4276 1877
3303 2348
3842 2080
3731 2146
3633 2207
3429 2330
4225 2003
2917 2821
3853 2158
3913 2157
4062 2114
3751 2256
3282 2568
4549 1853
2351 3605
2789 3051
3779 2397
4274 2156
4513 2028
3975 2308
4119 2244
4468 2077
4471 2074
3967 2332
4098 2264
3562 2576
4184 2250
3574 2598
3985 2368
3908 2469
3783 2601
3233 2967
3158 3082
2962 3427
2862 3587
3909 2624
2827 3644
3123 3263
4100 2538
3611 2848
4328 2474
4000 2683
3506 2971
3201 3337
4396 2515
4224 2634
3855 2838
4462 2496
4491 2460
4518 2442
4485 2491
3364 3230
3804 2921
4340 2646
4527 2550
4084 2877
3995 2935
4275 2806
4584 2392
4416 2753
4392 2829
3146 3980
3569 3596
4088 3224
4424 3049
3428 4086
4261 3611
4450 3551
3802 4104
265695382 2075366909
1
sift 179
1418 434
87 346
1037 2532
82 820
130 319
2125 696
119 515
133 417
230 397
2317 721
241 521
223 874
205 702
3532 1089
279 485
185 1590
567 334
2629 1570
403 582
254 1683
440 578
3041 1424
350 769
318 1435
373 816
2584 1840
446 652
282 1695
551 620
3425 1564
367 1173
300 1872
546 860
3113 2446
256 2584
387 1786
473 1084
580 913
407 1712
410 1562
561 1195
560 2372
666 1097
439 2380
549 2780
719 1147
680 1479
639 3115
628 1859
788 1216
571 4094
744 1369
698 1602
622 3527
862 1280
761 1708
643 3571
1282 946
974 1319
737 3481
961 1359
1129 1126
745 3500
750 1936
657 2752
871 2964
1113 1534
1067 1646
749 4099
1327 1286
1120 1787
739 4230
1226 1561
845 2492
928 3279
831 2628
987 2260
983 3175
1462 1624
997 2640
886 3698
1028 2592
979 2702
1012 3285
1542 1622
1397 1835
896 4219
1540 1660
815 3588
1046 3521
1275 2095
1864 1489
1013 4046
1726 1675
1017 3243
1086 3836
1618 1961
1816 1783
1146 3648
1078 3494
1788 1900
1296 3684
1447 2608
1496 2660
1371 4239
1566 2594
1715 2329
1560 3726
1601 2620
1579 2671
1684 4363
1441 2972
2259 1841
1929 4666
1584 2822
2006 2170
1379 3600
1357 3865
2600 1862
1995 2398
1825 2838
1807 2990
2082 2588
2042 2648
1662 3644
1506 4191
1931 3009
1608 3993
1547 4221
1796 3379
2011 3069
2772 2249
2199 2803
2205 2813
1814 3750
2313 2738
2327 2831
2913 2363
1803 4373
2138 3328
2389 3000
1985 3980
2240 3312
2285 3317
2449 3329
2653 3085
2855 2913
2838 2935
2532 3255
2622 3290
2035 4547
2248 4092
2194 4465
2758 3476
2515 3921
2760 3697
2409 4420
2926 3573
2445 4594
2832 4120
2680 4388
3359 3336
3498 3399
2537 4684
3055 4496
3063 4492
3374 4176
3825 3639
3235 4475
3475 4141
3400 4305
3322 4555
3536 4294
3526 4351
4020 4039
4033 4097
3976 4330
3603 4642
3962 4449
