382546242 453803718
1
sift 472
24 38
66 83
88 115
32 50
36 63
86 97
117 137
39 62
43 54
121 125
126 148
41 66
48 68
144 150
153 184
50 72
55 69
139 169
159 204
56 74
71 92
156 177
188 228
81 100
108 86
226 255
206 289
87 108
85 116
270 311
210 305
103 110
90 132
303 351
311 422
124 138
112 188
294 400
314 420
130 158
122 174
332 423
348 425
133 162
131 191
323 440
436 396
143 155
136 186
384 415
386 542
146 178
150 192
352 437
376 558
155 193
166 198
366 434
499 478
158 213
164 214
355 482
437 568
172 221
175 219
374 551
431 598
183 254
215 235
379 540
434 603
248 211
190 279
682 845
479 580
201 277
193 295
840 1024
547 620
199 293
241 273
819 1097
545 779
308 248
239 318
828 1308
616 782
250 327
249 329
923 1227
581 869
246 339
244 346
965 1263
587 915
237 373
258 332
986 1248
724 992
268 345
274 342
954 1383
761 962
261 363
286 380
924 1493
759 1041
287 389
318 335
1001 1488
812 1079
255 459
256 494
1149 1364
833 1070
300 403
296 441
1130 1538
896 1087
322 411
327 426
1218 1539
836 1335
364 397
316 457
1113 1795
890 1247
320 443
312 489
1142 1761
887 1272
339 452
328 461
1290 1566
912 1225
367 485
416 438
1095 2101
885 1381
405 456
429 448
1270 1825
897 1410
333 612
394 500
1364 2038
933 1314
382 522
380 533
1481 2066
892 1533
378 547
389 555
1579 2148
945 1420
372 596
402 559
1726 2423
1041 1606
406 550
397 583
1112 1589
411 566
454 502
1115 1591
430 553
426 595
1129 1584
481 508
441 605
1191 1547
451 618
458 611
1405 1235
482 574
504 549
1177 1656
448 649
447 661
941 2318
494 582
491 591
1259 1528
469 633
475 642
1179 1720
487 619
472 647
1255 1637
502 602
557 545
1214 1775
582 514
496 626
1206 1874
508 630
465 714
1313 1751
614 539
521 660
1326 1976
509 674
507 684
1203 2408
554 639
532 677
1604 1594
536 678
513 717
1220 2387
490 762
488 780
1338 2069
516 736
538 708
1399 1943
455 943
570 687
1375 2122
530 743
550 711
1363 2219
575 689
548 726
1435 2047
559 738
549 757
1370 2334
563 748
565 750
1479 2405
555 765
501 879
1539 2499
566 761
578 734
1561 2508
594 728
569 791
1695 2462
666 669
541 864
1672 2606
625 723
574 817
1710 2529
599 777
611 781
669 703
639 753
657 744
643 771
596 840
641 778
601 839
609 831
628 805
583 922
619 865
620 872
580 990
637 874
603 977
649 883
652 880
613 984
660 876
648 934
608 1008
696 856
668 996
704 898
748 857
673 994
801 811
700 924
681 975
675 997
768 838
701 929
714 969
665 1103
684 1048
766 933
689 1037
799 903
778 953
685 1095
712 1033
752 998
738 1009
727 1029
739 1023
822 938
796 981
829 930
786 993
734 1064
722 1100
749 1067
776 1021
697 1169
854 910
764 1089
743 1129
802 1050
686 1271
789 1081
775 1094
771 1124
782 1118
769 1170
916 964
784 1180
809 1167
830 1174
821 1204
745 1351
826 1209
770 1320
787 1299
806 1284
869 1127
705 1465
907 1086
795 1336
827 1280
925 1077
841 1252
861 1220
853 1238
863 1218
889 1196
851 1269
773 1440
867 1245
858 1266
917 1157
899 1195
876 1276
797 1476
870 1301
1007 1062
903 1262
873 1326
888 1289
973 1159
971 1161
1014 1111
942 1242
866 1406
839 1536
1036 1134
1043 1121
928 1372
932 1360
882 1480
872 1521
984 1348
902 1532
964 1430
935 1491
846 1728
1005 1403
929 1543
999 1419
995 1422
977 1498
1003 1447
1092 1283
1105 1267
1030 1479
1073 1394
1140 1304
1244 1164
1045 1484
1004 1593
1049 1502
960 1713
990 1682
1040 1597
1131 1526
1089 1629
968 1959
1065 1711
1101 1665
1102 1671
1068 1726
1058 1768
1085 1735
1060 1814
1194 1612
805 2661
1168 1679
1074 1871
1147 1762
1100 1905
1122 1848
1125 1866
1051 2078
1198 1750
1186 1785
1229 1707
1158 1877
1251 1709
1182 1895
1261 1739
1138 2052
1308 1721
1223 1919
1225 1939
1323 1746
1079 2399
1124 2305
1265 1950
1277 1978
1380 1770
1183 2309
1276 2074
1444 1740
1267 2207
1307 2117
1254 2317
1296 2195
1304 2178
1305 2220
1383 2048
1471 1922
1487 1881
1410 2037
1287 2428
1321 2359
1392 2150
1388 2171
1332 2393
1422 2156
1300 2496
1430 2264
1350 2475
1385 2363
1378 2385
1320 2547
1420 2298
1511 2105
1341 2551
1315 2614
1312 2627
1427 2436
1419 2457
1548 2198
1550 2224
1394 2565
1633 2068
1551 2330
1607 2257
1540 2427
1564 2378
1526 2469
1549 2483
1555 2500
1624 2417
1650 2414
1568 2573
1674 2390
1498 2648
1713 2468
1701 2505
1662 2634
1718 2623
1767 2542
1757 2611
1730 2644
382546242 577743018
1
sift 144
38 32
1589 1593
41 53
52 46
39 65
36 76
88 77
71 119
90 97
119 81
85 116
103 100
81 167
124 118
131 184
170 145
155 188
175 164
159 197
209 166
183 225
158 285
238 196
290 237
246 292
261 280
314 245
244 320
288 302
281 318
250 428
323 329
386 345
358 373
451 331
411 383
352 435
379 417
401 437
367 504
332 572
581 382
382 544
498 426
414 560
530 462
474 525
517 486
616 443
397 710
443 654
441 664
395 829
575 527
496 632
555 557
594 547
587 559
579 588
584 596
458 794
596 635
507 804
685 604
700 613
787 580
625 722
768 622
748 652
691 705
761 663
738 675
897 585
514 1033
643 843
890 624
653 864
771 721
784 726
706 788
882 677
802 749
689 917
672 956
912 737
851 800
603 1169
927 748
819 891
833 882
863 850
933 777
734 997
764 984
873 880
861 902
652 1240
840 981
858 978
794 1198
889 1094
945 1043
1016 1028
1028 1007
887 1167
908 1149
901 1160
1058 1013
871 1256
841 1306
1089 1009
1115 1021
935 1229
1101 1042
876 1343
1126 1050
1142 1057
1065 1128
1122 1103
1330 960
1192 1073
1100 1190
1355 999
1119 1251
1177 1206
870 1672
940 1519
1342 1163
1233 1319
984 1676
1522 1161
1090 1632
1468 1296
1398 1424
1448 1421
1606 1365
1243 1744
1375 1587
1338 1661
1436 1579
1463 1561
1674 1407
1601 1664
1672 1628
382546242 766245630
1
sift 210
24 31
55 42
32 43
36 34
39 45
43 46
48 47
38 53
50 52
158 170
40 54
54 66
71 73
274 198
81 75
67 83
87 77
322 332
117 86
84 80
90 95
428 329
124 118
103 117
131 127
402 366
161 121
136 139
139 144
355 407
159 154
122 176
170 177
366 478
246 265
168 185
150 205
522 399
294 323
183 201
190 212
521 427
339 362
175 246
206 229
458 524
382 422
363 159
194 280
494 521
367 531
249 272
244 308
507 814
434 452
261 291
217 564
922 488
398 546
394 345
243 812
631 711
508 490
320 426
314 461
939 714
451 589
328 417
406 364
916 787
550 642
389 387
316 687
1105 691
496 712
386 499
448 528
876 1013
532 739
482 492
411 599
996 1155
643 864
570 474
469 602
1555 1540
626 885
554 509
536 540
1394 1955
653 861
505 627
566 562
819 720
490 656
578 606
689 997
652 555
488 737
672 1065
541 693
611 645
840 867
629 636
702 596
833 893
596 761
500 878
802 925
744 663
549 880
686 1073
907 583
616 848
776 965
673 835
713 793
738 1010
692 837
545 1088
889 908
480 1296
832 840
786 1016
755 931
749 941
896 914
601 1242
685 1069
881 1005
827 930
858 886
862 1079
714 1039
681 1116
887 1062
675 1134
784 1046
870 1160
772 1099
506 1844
979 1283
665 1387
851 1110
977 1358
770 1258
885 1094
1130 1186
859 1138
812 1284
1100 1333
873 1168
787 1375
1065 1496
969 1154
892 1274
1142 1637
882 1303
811 1427
1461 1280
745 1559
831 1418
1275 1584
773 1552
989 1263
1293 1681
903 1478
951 1405
1132 1975
994 1365
902 1557
1243 1859
1112 1349
1058 1430
1427 1774
1292 1239
1019 1674
1375 1887
1049 1628
1179 1449
1622 2142
1122 1510
1126 1522
1728 2665
897 2031
1119 1551
1160 1549
1188 1717
1281 1565
1090 2045
1222 1852
1399 1573
1310 1767
1183 2076
1356 1876
1779 1330
1553 1794
1467 2006
1509 2062
1341 2412
1355 2462
1367 2415
1662 1989
1601 2086
1540 2187
1463 2345
1542 2227
1702 2269
1765 2267
1768 2631
382546242 1481597607
1
sift 51
1423 205
119 80
261 219
1031 100
1764 763
377 245
388 297
1669 366
328 378
411 450
1017 1053
549 370
565 400
1315 878
555 426
470 636
1273 1286
594 528
717 448
913 2548
641 594
638 605
1484 1397
1007 396
1022 397
728 648
771 621
488 1391
694 765
738 755
748 770
606 1130
873 816
819 1078
888 981
1132 728
1089 913
1010 1155
1058 1067
1100 1005
1027 1202
763 2338
1101 1185
1188 1393
1119 1624
1404 1140
1310 1408
1437 1394
1268 1728
1430 1627
1448 1685
382546242 1494270653
1
sift 251
20 54
24 73
32 95
38 86
36 115
39 108
43 105
51 113
48 123
50 128
55 150
67 149
71 166
69 169
81 189
85 186
88 176
87 196
90 192
112 187
105 206
130 193
121 213
117 222
124 231
122 237
141 223
131 318
150 243
133 298
135 286
157 251
158 291
159 319
164 334
175 302
190 313
196 328
183 361
217 312
193 363
201 371
206 398
226 449
250 435
246 463
255 453
256 464
244 496
260 473
261 471
300 436
281 513
327 422
274 593
288 574
294 590
314 559
323 539
322 577
350 536
296 741
355 566
329 619
304 838
374 601
352 648
332 726
339 700
340 706
415 565
325 762
380 639
372 677
366 684
378 661
386 653
358 732
367 695
376 733
379 739
400 715
411 709
382 781
394 820
402 792
422 780
397 859
432 767
634 550
414 826
426 823
406 871
465 749
390 1056
441 849
449 841
493 758
494 786
463 861
458 911
500 805
469 875
474 879
666 616
507 834
582 729
496 872
530 831
482 950
472 978
508 910
486 987
516 907
477 1050
581 817
505 972
541 930
616 809
509 1011
575 881
555 917
488 1123
549 945
512 1041
563 941
564 949
550 990
522 1116
584 943
560 1003
578 957
538 1071
527 1157
521 1191
552 1077
543 1141
594 985
613 964
566 1098
554 1142
562 1131
580 1060
536 1231
625 975
797 756
592 1104
570 1219
643 1007
607 1130
589 1278
653 1083
611 1240
599 1289
799 854
637 1241
631 1294
639 1310
700 1051
669 1234
672 1236
574 1642
657 1386
685 1235
691 1215
787 1029
683 1292
748 1159
673 1394
761 1150
739 1216
690 1347
782 1144
768 1212
738 1293
812 1178
750 1312
734 1418
771 1353
784 1346
917 1053
847 1213
764 1450
713 1566
786 1443
802 1434
853 1248
833 1438
881 1303
701 1730
791 1549
840 1439
932 1189
819 1490
964 1166
896 1340
789 1609
885 1379
890 1409
882 1427
696 1900
851 1507
888 1444
861 1496
744 1809
897 1479
794 1779
832 1723
873 1636
841 1719
893 1597
871 1663
969 1452
901 1606
900 1611
902 1616
889 1700
868 1752
1190 1117
929 1673
923 1714
935 1705
1048 1484
1045 1567
954 1837
977 1814
999 1777
1049 1676
1069 1620
1062 1652
1019 1816
994 1873
1001 1892
1028 1817
1303 1296
1005 1931
1151 1692
1089 1812
1064 1916
1065 1926
1255 1595
1183 1766
1479 1279
1179 1882
1482 1396
1301 1703
1287 1826
1380 1945
1705 1872
1647 1965
1732 1968
382546242 1541257274
1
sift 82
24 93
32 123
39 126
38 139
41 150
48 143
50 146
54 152
55 164
72 198
67 258
90 206
85 232
103 230
119 313
124 317
126 298
131 302
136 275
133 327
158 320
159 345
157 388
170 372
168 430
209 267
175 596
206 462
217 693
246 585
244 594
274 493
261 637
250 725
243 972
298 610
376 602
300 963
328 792
339 757
386 837
394 828
382 900
428 800
367 1165
432 836
398 1155
441 873
516 707
451 878
411 1082
449 1038
458 1069
448 1126
496 1058
542 899
508 1053
505 1133
500 1183
482 1299
518 1163
494 1315
550 1237
552 1254
619 1022
570 1228
578 1207
567 1285
580 1249
599 1260
613 1261
691 940
694 984
744 1034
712 1186
777 1072
770 1127
769 1160
759 1351
945 970
836 1281
1686 750
382546242 1718489166
1
sift 101
331 579
55 58
169 176
39 71
56 99
264 314
54 120
131 193
1111 1116
159 159
126 259
1134 1502
166 200
161 210
1425 1797
144 289
215 253
206 290
241 282
274 269
220 344
429 244
495 246
308 398
451 378
394 488
416 448
389 505
496 421
314 829
532 474
364 760
397 673
557 490
433 617
629 463
481 577
653 461
508 593
550 561
641 511
367 944
507 612
643 527
521 616
1114 390
570 639
493 789
580 655
763 539
630 657
552 843
690 625
786 594
734 650
861 618
494 1218
823 722
672 909
957 818
827 948
1185 638
1105 729
832 1034
854 988
972 924
876 1098
907 1068
979 1061
945 1138
1022 1063
1306 872
1092 1056
1542 761
1085 1109
885 1438
1293 964
1198 1087
1310 989
916 1581
870 1688
989 1503
996 1609
1780 877
1361 1282
1330 1478
1179 1752
1323 1537
1394 1425
1456 1387
1292 1701
1399 1617
1779 1204
1732 1353
1791 1225
1555 1591
1726 1442
1649 1560
1568 1739
1729 1567
1713 1831
382546242 1795513753
1
sift 84
211 262
39 34
1615 982
46 41
100 80
1783 994
131 107
126 145
169 118
166 149
274 130
215 199
264 251
286 256
440 201
332 247
429 235
308 309
345 306
318 338
446 346
314 557
367 451
416 411
323 630
499 395
398 534
481 449
552 428
490 510
508 495
493 538
550 508
494 576
607 542
614 543
823 434
497 753
1004 567
785 731
985 599
854 722
878 764
870 768
822 847
961 747
959 801
796 991
972 840
886 909
1015 867
1022 893
1111 838
681 1395
1312 740
1361 780
1394 752
989 1111
893 1244
1092 1021
861 1359
1150 1061
1179 1118
1193 1103
1356 967
1043 1289
1122 1219
1227 1135
1134 1237
1555 930
1281 1256
1604 1010
1726 947
1399 1176
1300 1360
1540 1162
1585 1257
1707 1170
1750 1193
1448 1597
1510 1562
1551 1548
1618 1529
1721 1498
382546242 1816125058
1
sift 228
225 347
68 273
13 59
341 345
23 107
18 55
483 1481
272 670
24 98
31 108
28 82
468 764
32 128
44 126
36 130
528 1044
38 142
115 148
39 149
849 1132
40 155
113 410
43 164
1591 657
48 168
160 461
55 158
50 165
318 456
51 170
56 172
71 216
100 147
87 229
88 230
90 240
112 205
105 236
103 243
119 266
125 253
124 281
130 270
126 284
131 332
122 412
135 304
166 227
157 275
144 349
142 370
155 321
153 361
150 383
158 362
159 374
168 401
172 439
215 283
164 495
175 478
204 379
241 312
248 335
199 541
201 534
216 477
206 548
220 492
258 382
226 559
224 573
268 408
238 597
237 643
244 619
250 613
246 636
256 631
249 678
274 612
261 668
300 646
363 505
298 679
294 765
296 749
429 510
416 544
314 801
325 744
316 847
491 518
322 808
312 989
320 839
328 828
454 616
307 1180
339 830
327 890
332 869
585 523
352 895
355 893
358 892
481 675
333 1217
366 1041
386 973
382 998
394 984
367 1080
380 1016
406 1001
614 664
378 1219
397 1154
411 1059
400 1152
428 1013
379 1279
389 1319
421 1151
439 1067
431 1115
441 1082
437 1137
699 656
466 1051
451 1182
458 1173
477 1113
448 1321
810 676
469 1245
465 1299
479 1233
474 1275
480 1254
482 1288
522 1119
490 1303
496 1280
508 1215
500 1325
521 1251
666 859
494 1416
498 1415
517 1313
488 1525
527 1314
541 1249
532 1310
837 730
530 1347
512 1466
566 1253
562 1277
518 1593
538 1460
552 1398
536 1491
550 1404
581 1315
554 1502
555 1511
549 1550
570 1480
548 1566
563 1516
568 1573
594 1439
546 1667
564 1621
611 1402
599 1464
796 914
560 1681
596 1549
628 1413
919 798
613 1529
583 1637
609 1582
643 1509
616 1624
639 1557
620 1639
625 1649
854 962
652 1555
822 1075
631 1694
644 1687
683 1485
702 1554
744 1476
972 970
1038 880
692 1668
748 1552
761 1592
1022 1032
768 1662
1080 955
749 1714
1135 911
1033 1104
1213 907
1137 1004
1152 1006
1092 1099
914 1654
1073 1266
1085 1282
1231 1108
1194 1411
1205 1423
1324 1383
1216 1671
1395 1447
1323 1616
1458 1406
1614 1345
1391 1701
1660 1428
382546242 1861925312
1
sift 82
1629 1312
67 479
1355 65
421 222
262 320
328 234
516 221
442 253
488 268
368 363
475 281
444 400
641 256
638 264
564 392
739 288
579 377
566 394
605 402
609 419
555 495
337 1074
435 641
631 528
759 512
606 598
737 612
580 632
888 482
771 601
297 1644
858 600
873 651
1310 473
761 723
887 758
1268 537
764 846
748 876
831 799
1010 701
1100 830
1265 618
1701 530
1027 940
952 844
890 928
1673 648
1606 606
1158 757
1089 980
1114 793
1437 661
1101 981
1737 646
1457 747
1058 1052
1441 800
1315 906
1065 1095
1171 1024
1686 750
1119 1085
1672 901
1122 1093
1601 1016
1783 805
1603 947
1304 1171
1287 1103
959 1635
1426 1247
1471 1135
1628 1133
1643 1206
1060 1620
1415 1250
1553 1261
1477 1444
1729 1370
1791 1567
1796 1553
382546242 1866976262
1
sift 71
39 62
220 346
126 234
36 98
85 73
314 743
56 122
159 118
386 550
131 158
274 220
431 532
451 330
517 331
493 485
496 360
389 459
945 718
587 375
398 575
885 1531
653 387
628 406
1179 1728
550 454
566 453
1399 1764
643 412
691 401
1672 1495
725 392
463 599
1710 1916
580 534
763 460
626 568
957 404
690 542
870 479
734 563
601 694
786 539
862 507
712 593
455 1206
1686 356
672 744
494 1371
1005 609
1206 579
979 820
1115 731
827 1149
889 1073
1780 517
907 1258
1064 1048
1375 778
916 1684
1330 1013
1310 1114
1293 1168
996 1806
1542 1002
1362 1251
1394 1578
1456 1577
1737 1395
1555 1695
1729 1655
1732 1937
382546242 2121696221
1
sift 129
24 69
36 74
32 81
39 87
38 99
43 109
50 91
48 107
51 111
57 117
69 151
71 149
85 176
103 189
126 228
122 268
131 261
158 202
135 252
159 264
170 300
150 387
168 348
194 298
175 413
249 360
238 409
269 340
217 502
246 420
274 378
244 430
256 422
262 481
260 541
296 517
294 560
287 611
300 594
314 622
339 531
322 572
344 550
394 588
407 553
367 698
389 689
421 613
382 714
410 669
414 678
398 773
411 833
451 776
447 800
536 667
522 695
449 920
512 781
431 1085
437 1084
490 840
542 753
521 785
508 846
507 883
469 1038
500 937
496 1014
552 857
570 844
448 1295
530 973
550 906
581 957
578 984
549 1101
611 979
580 1061
599 1069
657 929
545 1294
639 1111
683 1007
594 1309
652 1170
744 998
770 967
673 1236
690 1210
672 1316
692 1239
764 1271
749 1388
722 1444
738 1443
784 1351
819 1282
772 1378
681 1647
827 1291
833 1280
748 1571
851 1342
876 1332
786 1679
812 1627
840 1540
870 1502
885 1471
928 1398
802 1785
924 1461
889 1636
912 1641
897 1696
954 1521
861 1769
1004 1445
881 1776
984 1534
990 1654
1002 1666
935 1802
1198 1505
1100 1724
1179 1773
1177 1807
1355 1720
