404557507 405082748
1
sift 54
83 73
97 197
85 271
124 184
183 295
154 410
166 446
159 490
237 613
216 730
249 545
243 647
238 718
248 801
326 575
364 549
307 735
321 761
282 948
299 928
314 888
333 868
413 628
461 561
475 655
432 825
445 882
429 953
401 1098
665 639
395 1378
415 1223
537 900
446 1147
469 1102
563 885
621 997
520 1397
581 1119
608 1088
521 1466
613 1225
695 1027
838 907
678 1153
648 1285
956 979
658 1499
742 1310
765 1385
951 1347
1000 1257
929 1481
1040 1348
404557507 485519614
1
sift 63
153 206
232 428
249 568
332 667
326 948
563 419
365 885
364 1009
695 435
401 1350
956 462
566 890
531 1288
690 840
1000 694
774 901
660 1108
2258 360
2101 400
1383 582
2378 394
557 1922
942 892
699 1552
2309 455
894 1306
1032 1248
1158 1037
2107 575
1007 1493
878 1975
873 2095
1521 1048
1285 1321
2563 647
1364 1273
1779 1082
1710 1204
1600 1333
1947 1116
2401 916
1714 1414
1387 1905
2108 1188
2596 1032
2098 1345
1840 1557
1755 1736
1681 1923
2676 1174
2066 1635
1777 2101
2011 1827
2674 1355
2465 1533
2254 1739
2265 1753
2452 1631
2205 2142
2131 2310
2615 1895
2344 2181
2531 2069
404557507 734492105
1
sift 60
356 445
217 333
195 237
265 257
438 505
344 438
369 296
352 334
444 605
727 667
416 320
388 340
570 682
842 798
458 342
451 349
716 787
1607 782
420 365
512 351
821 814
739 328
473 464
641 443
670 432
1022 386
898 433
1089 392
801 470
1029 421
1090 473
1340 439
924 535
1056 515
701 650
1074 529
833 658
1459 518
1474 591
1673 554
1706 569
1604 608
2179 581
1707 673
2290 627
2381 680
1503 948
2026 778
1476 1070
2608 711
1665 1006
2059 852
2424 807
2369 833
2261 967
1965 1074
2188 1071
2516 1108
2618 1098
2275 1251
404557507 771224007
1
sift 88
67 52
107 119
90 151
217 231
151 140
448 325
183 149
250 233
634 626
333 376
705 631
295 475
840 1142
627 757
439 359
842 679
446 434
1722 800
666 879
978 365
849 856
398 688
1782 1300
1147 660
946 395
993 1105
563 624
1119 2363
958 1162
352 1717
1608 907
648 703
1403 1919
1527 1446
784 637
1543 1128
599 979
1856 1763
1626 1484
765 869
1662 1725
768 878
2367 2096
2288 2290
931 739
2568 2258
672 1030
901 834
745 1159
982 960
1176 783
899 1248
966 1187
981 1356
1110 1169
1357 1026
1335 1043
1206 1206
1131 1362
1092 1483
1421 1143
1404 1201
1376 1251
1307 1315
1558 1220
1213 1731
1087 2068
1542 1499
1430 1709
1358 1799
1517 1695
1401 1892
1961 1460
1494 1930
1464 1973
1553 2040
1345 2420
1642 2018
2082 1610
1995 2027
1792 2357
2684 1639
1897 2355
2064 2382
2197 2332
2163 2498
2446 2308
2468 2427
404557507 798973218
1
sift 192
184 223
0 5
402 418
90 177
5 10
9 14
840 1357
11 23
15 26
1152 1223
16 30
17 35
1942 1209
24 63
31 120
1856 1328
55 98
59 150
64 257
84 156
85 255
103 241
107 267
116 314
128 374
99 639
153 395
145 461
183 357
165 416
163 457
166 453
137 595
247 342
156 617
224 476
207 571
216 590
324 389
231 566
255 558
248 635
295 689
307 704
326 667
314 710
559 415
333 683
485 462
364 655
359 717
413 605
575 489
291 986
445 626
374 769
316 1017
493 642
475 682
461 757
1326 405
403 859
506 752
386 1005
442 876
375 1156
430 958
665 650
450 987
507 865
433 1098
502 902
563 835
489 973
466 1052
555 898
521 996
496 1129
520 1093
593 966
698 828
609 964
428 1735
549 1147
490 1376
617 1022
606 1078
581 1146
710 937
531 1378
631 1072
692 977
695 997
597 1273
753 1007
550 1697
915 931
660 1251
648 1319
868 992
687 1276
742 1187
586 1733
1300 789
850 1126
750 1296
678 1475
725 1374
765 1305
956 1080
894 1140
790 1347
964 1110
658 1711
969 1118
745 1480
837 1257
768 1463
740 1523
770 1450
951 1196
776 1558
1370 882
919 1265
1080 1096
829 1441
739 1709
873 1387
1188 998
908 1341
1379 908
929 1308
878 1490
901 1443
1007 1262
798 1706
818 1666
706 1771
1458 927
839 1656
852 1664
861 1661
941 1501
1000 1400
995 1403
1031 1352
914 1617
971 1603
961 1630
887 1749
1040 1476
998 1722
1028 1663
1235 1279
1034 1731
1117 1594
1191 1435
1158 1532
1068 1719
1132 1606
1047 1758
1265 1442
1197 1597
1165 1701
1213 1647
1285 1567
1251 1653
1359 1518
1413 1584
1672 1304
1454 1639
1396 1691
1550 1533
1475 1624
1382 1720
1561 1561
1330 1767
1832 1325
1701 1512
1653 1595
1699 1602
1598 1755
1885 1485
1723 1694
1768 1739
2390 1284
2048 1555
1933 1707
1964 1718
1947 1741
2291 1590
2373 1727
404557507 1261438133
1
sift 159
153 102
228 346
249 278
159 736
321 329
364 297
333 367
326 428
563 256
262 841
695 277
360 530
349 727
445 567
537 519
401 710
566 558
350 1377
489 810
775 578
660 735
483 1148
430 1429
406 1774
447 1640
577 1491
967 868
744 1125
1285 761
725 1261
957 975
687 1439
1183 869
769 1344
873 1174
981 1087
975 1093
1007 1131
778 1494
913 1405
919 1417
1755 812
1330 985
1797 814
816 1714
1396 1123
1473 1109
1395 1178
1148 1452
810 2141
747 2417
672 2759
1744 1016
1132 1601
802 2423
1472 1272
819 2391
1642 1163
737 2813
899 2240
1302 1573
1207 1752
822 2902
1598 1445
916 2720
2204 1094
2265 1090
1157 2130
1316 1912
1017 2752
998 2826
1267 2007
674 4595
847 3591
1508 1851
1189 2411
1219 2399
1098 2809
990 3223
2615 1191
1489 2171
1578 2070
1467 2260
1155 2988
1143 3058
2531 1408
1637 2094
1337 2673
1484 2458
1113 3369
2082 1759
1842 1927
1165 3283
1609 2334
2094 1795
1289 3063
2062 1940
1432 3061
1553 2848
2432 1825
1107 4385
1790 2539
2169 2140
1548 3208
1344 3782
1980 2499
2503 1979
1444 3679
1465 3624
1590 3340
2426 2080
1615 3281
1963 2628
1894 2778
2617 1985
1764 3071
1577 3575
1611 3515
2069 2635
1666 3370
1523 3886
2267 2547
2338 2505
2522 2343
1519 4285
2224 2726
2645 2296
2104 2941
2143 2976
2208 2922
1582 4416
2403 2789
2620 2585
2030 3263
2163 3115
1627 4439
2521 2790
1928 3615
1760 4249
2211 3285
2037 3655
2326 3322
1905 4250
2546 3165
2597 3106
1838 4434
2461 3351
2610 3243
2389 3622
2056 4283
2664 3261
2010 4508
2500 3691
2433 3846
2624 3605
2528 4055
2245 4580
2473 4256
2672 4444
404557507 1481597607
1
sift 54
1108 1160
402 2625
107 144
166 252
2054 1356
333 417
295 561
315 687
563 364
375 644
446 695
520 598
389 1181
398 1289
555 850
745 968
766 1188
691 1323
746 1533
901 1327
1047 1133
681 2009
878 1634
1092 1332
1068 1434
1054 1527
931 1821
1267 1275
1734 938
916 2029
832 2339
1039 1847
959 2089
1358 1472
1189 2060
1127 2267
1316 1942
1105 2515
1262 2140
1490 1793
1107 2601
1540 1799
1444 2151
1395 2381
1508 2201
1790 1815
1514 2394
1664 2452
1775 2419
1990 2494
2442 2021
2520 2052
2068 2635
2615 2544
404557507 1564394763
1
sift 61
421 401
2375 1664
55 67
195 179
37 654
759 426
375 209
352 269
294 353
869 751
295 365
397 323
377 333
1327 575
416 360
458 342
549 319
1108 784
363 642
473 545
946 386
1146 876
580 471
501 698
1180 389
1162 1133
739 576
1408 507
674 816
2054 1523
1101 634
833 895
1122 629
1392 594
1074 758
955 870
1002 891
1707 1005
1089 832
1509 688
1665 1332
1514 828
1702 899
1965 1136
1474 1212
1441 1261
1503 1644
1915 1173
2004 1137
1821 1417
1560 1759
1476 1956
2275 1698
2185 1358
2381 1487
2027 1895
2290 1679
2119 1888
2439 1869
2728 1575
2331 2175
404557507 1593085527
1
sift 145
1058 1578
60 90
85 186
107 229
89 326
126 272
145 312
143 366
153 343
165 332
166 378
216 439
220 454
255 413
267 481
273 683
333 555
326 597
485 398
575 390
374 663
433 603
506 514
375 724
432 627
425 765
493 684
563 598
461 782
445 963
452 1174
541 895
639 737
692 762
555 1042
679 780
582 978
538 1178
698 807
649 905
689 860
695 867
604 1087
606 1094
617 1072
602 1203
726 988
738 1025
745 1002
766 984
725 1115
828 983
857 964
1026 803
776 1098
750 1160
648 1399
1050 833
894 990
939 948
840 1073
765 1207
964 956
979 949
995 939
839 1145
731 1350
768 1380
850 1222
951 1099
956 1100
941 1132
797 1397
1080 1046
760 1606
901 1285
852 1378
866 1357
1253 890
878 1367
915 1319
1190 986
929 1352
818 1607
961 1317
1856 710
831 1616
913 1458
868 1637
969 1442
1258 1053
1127 1233
975 1539
1068 1359
1092 1318
1032 1464
1180 1208
1132 1303
1359 1089
1186 1275
1192 1313
1117 1507
1485 1154
1028 1761
1178 1471
1183 1585
1285 1453
1302 1473
1197 1624
1330 1427
1361 1406
1541 1250
1266 1560
1218 1639
1387 1439
1251 1632
1379 1488
1383 1503
1176 1776
1157 1790
1314 1630
1358 1593
1396 1561
1364 1600
1321 1717
1610 1401
1768 1283
1644 1412
1699 1366
1399 1755
1494 1681
1395 1775
1454 1753
1672 1499
1670 1533
1600 1647
1550 1762
1642 1703
1643 1778
1714 1784
1933 1657
2148 1555
2057 1747
2340 1686
2142 1779
404557507 2030751971
1
sift 118
869 954
184 148
14 11
19 15
1162 1170
217 323
61 141
94 158
268 339
146 207
157 206
284 502
169 215
174 227
344 581
300 187
195 408
367 613
316 291
322 354
491 727
330 383
301 451
536 728
265 559
439 365
634 842
340 515
411 431
600 937
346 573
357 637
666 856
370 653
420 623
727 1027
388 693
498 555
842 980
451 632
416 686
849 986
549 544
397 758
812 1234
646 528
629 549
958 1090
473 712
585 601
820 1249
597 595
512 677
1607 1203
476 742
693 615
1437 1422
501 835
875 578
1527 1399
871 596
787 655
1414 1500
528 943
903 638
1608 1428
580 1017
565 1050
898 751
1269 618
757 879
806 870
552 1270
1301 639
1175 685
670 1056
777 951
701 1033
653 1182
1022 869
933 940
940 948
1064 864
628 1412
801 1201
1015 995
1083 939
833 1198
1122 1014
1090 1054
1074 1085
1536 827
1307 918
1629 871
1389 1035
1428 1111
1401 1132
1236 1265
1579 1087
1503 1124
1459 1231
1474 1253
1859 1191
1679 1404
2120 1140
2026 1217
1707 1445
1620 1501
2162 1200
1815 1391
2260 1220
2060 1485
2044 1489
2290 1403
2474 1425
2594 1397
2670 1349
2440 1481
404557507 2048594538
1
sift 121
132 308
204 584
698 176
273 480
359 375
311 559
374 493
326 683
1000 336
297 1607
582 540
507 751
424 1031
617 696
721 592
454 1270
602 843
738 649
731 735
487 1343
465 1653
1573 449
604 1095
914 826
2108 428
625 1382
1031 790
494 2081
818 992
623 1454
952 896
961 893
852 1049
497 2383
667 1431
850 1087
1887 530
1085 881
1121 860
1197 805
975 1027
873 1187
1709 611
1862 564
1898 566
1034 1051
573 2327
1653 708
2186 575
1561 794
1413 887
1341 917
907 1508
1161 1151
2273 622
808 1852
1028 1393
947 1589
954 1593
1176 1211
929 1646
1145 1395
2066 779
1221 1323
1901 849
1422 1221
1968 872
1001 1881
2376 764
1479 1191
832 2441
905 2253
1880 956
1681 1104
2150 878
1895 991
2499 834
1038 2168
1766 1201
1268 1775
1777 1245
1694 1325
1810 1202
1516 1632
2233 1090
1472 1734
1630 1572
1347 1947
1601 1635
1273 2114
1260 2157
1708 1611
1753 1560
1715 1701
1692 1747
1984 1462
1278 2494
1833 1623
1823 1644
1738 1802
2682 1188
1849 1766
1356 2540
1730 2166
1794 2153
2478 1601
1925 2006
1685 2471
2382 1831
2084 2122
1877 2416
2091 2135
2003 2258
1798 2539
2033 2493
2252 2399
2416 2320
2671 2195
2720 2050
2651 2351
2663 2355
404557507 2075366909
1
sift 107
204 803
441 466
364 381
327 519
611 514
333 609
563 319
445 952
555 430
537 820
660 732
951 521
566 969
447 1821
1521 620
941 874
406 2377
1285 816
483 2200
744 1589
497 2288
1602 860
577 2179
873 1620
967 1643
747 2183
975 1721
1387 1169
1148 1696
573 2998
901 2000
981 2312
1802 1097
1183 1656
1529 1615
2674 929
1664 1314
1302 1872
1473 1562
1330 1716
1598 1684
2057 1174
1132 2364
1190 2223
1207 2192
1744 1712
675 4541
2604 1216
1755 1874
1115 2931
2094 1644
982 3311
1321 2584
905 3912
2470 1753
1490 2843
1601 2497
2082 1936
1189 3472
2615 1708
1444 3033
1609 2824
1591 2887
2265 2144
1218 3923
2299 2206
1637 2918
1463 3426
2249 2492
1303 4163
1484 3658
1362 4382
1553 3643
2654 2281
2638 2380
2645 2372
1842 3145
1523 4293
2124 2853
2169 2856
2426 2752
2335 2711
2277 2780
1764 3770
1980 3115
2389 2755
1849 3952
2037 3133
1963 3567
2267 3306
1860 3956
2105 3571
2062 3988
1928 4058
2069 3965
1961 4178
2320 3535
2143 4050
2403 4202
2224 4094
2194 4229
2597 4655
2163 4332
2665 3481
2610 3782
2245 4676
2625 4459
404557507 2076392030
1
sift 56
74 304
129 417
153 365
143 415
132 478
155 602
160 1371
208 939
228 936
267 674
273 728
359 597
364 649
312 840
326 800
374 770
297 1306
315 1251
349 1258
445 1114
396 1460
537 1019
484 1458
538 1332
519 1468
487 1666
541 1453
602 1297
617 1285
606 1335
894 877
738 1074
604 1472
837 988
691 1267
711 1455
725 1527
745 1498
952 1108
731 1595
850 1389
852 1398
873 1493
975 1271
1031 1339
954 1574
961 1585
1197 1162
1473 1234
1183 1602
1145 1663
1207 1698
1709 1187
1681 1419
2097 1196
2520 1327
