405082748 577743018
1
sift 91
153 99
37 4
182 32
20 751
74 14
162 111
133 26
217 35
525 105
156 27
199 133
190 42
235 46
397 323
240 39
231 183
98 59
262 57
1084 309
200 55
298 228
218 79
281 65
1476 316
313 70
337 277
527 134
309 76
1190 796
342 77
445 441
468 148
362 80
1288 846
352 85
759 612
670 146
394 81
1379 1191
210 113
911 665
586 153
377 97
417 114
608 168
425 119
615 107
794 181
486 115
483 118
914 178
419 131
408 150
783 191
573 147
863 163
722 198
758 166
734 177
814 209
992 173
763 190
797 211
699 196
982 203
920 216
715 221
398 288
1036 208
896 225
1433 214
1006 234
1069 231
1468 233
873 256
1208 246
871 258
1199 249
893 271
841 304
1518 308
1059 303
601 412
1270 329
1525 361
1188 351
1360 388
834 451
1043 507
745 773
1037 873
405082748 771224007
1
sift 103
1379 1484
19 17
34 26
97 37
100 38
91 48
142 92
271 133
295 149
311 165
431 175
420 178
410 213
450 224
391 249
574 219
300 395
588 245
549 262
672 257
506 309
741 275
590 314
802 278
566 343
561 349
723 329
776 351
744 373
868 376
647 439
1294 356
731 448
882 414
760 459
1030 397
822 447
897 465
891 476
861 494
1017 450
838 553
953 511
1142 454
697 641
639 706
965 550
1098 502
1155 482
1114 515
1184 500
937 600
885 624
1161 523
1177 531
1094 560
900 629
903 634
1276 537
1015 620
1358 551
1455 532
1392 565
997 666
1257 619
1131 653
1150 668
1104 698
1063 740
986 811
1258 663
1422 657
1285 703
1126 767
843 1061
1346 691
1397 689
1491 656
1180 797
1173 820
1170 825
1347 769
1295 799
1351 771
1019 1016
1481 736
1348 801
1357 806
1225 884
1332 838
1440 790
1453 793
1407 843
1385 869
1429 865
1339 937
1135 1096
1243 1172
1300 1217
1435 1194
1501 1354
1463 1410
1482 1506
405082748 798973218
1
sift 243
133 123
3 0
156 142
16 15
234 303
20 22
191 159
21 30
523 290
32 29
217 232
34 48
576 604
57 59
222 228
75 57
586 613
62 72
236 275
87 92
841 523
91 97
248 276
110 93
608 731
102 133
262 286
160 95
794 659
221 151
281 334
239 161
722 726
224 202
342 332
316 180
670 1135
261 211
417 315
269 235
1006 887
288 230
362 376
271 255
899 1145
265 267
382 364
273 385
1036 985
369 277
424 393
319 314
1182 1051
295 357
404 447
311 389
1518 899
457 304
363 544
460 328
1307 1437
344 403
483 454
413 354
391 383
473 516
350 432
444 374
534 470
410 396
341 462
486 557
386 430
464 398
485 721
530 350
446 453
573 649
399 490
400 565
708 670
476 511
621 426
819 633
565 500
749 423
689 732
564 550
647 506
699 829
536 611
577 568
763 831
596 576
598 581
815 1030
685 533
549 655
896 1028
543 691
566 636
628 605
574 668
465 931
615 647
731 558
697 587
639 650
640 656
561 757
730 590
590 752
655 682
758 603
837 580
649 722
631 754
1049 539
580 825
738 660
801 635
642 778
760 674
822 648
863 627
735 704
882 626
734 736
970 614
868 683
672 797
1053 594
1058 597
888 710
850 756
787 796
804 801
741 860
957 761
1156 671
892 803
766 895
728 944
747 930
1035 749
711 975
812 888
885 835
785 928
861 915
862 911
744 1082
936 898
903 936
1217 776
965 904
866 998
644 1442
1374 764
798 1119
776 1140
838 1073
998 917
848 1068
1069 857
881 1052
1024 890
1038 907
960 1034
1019 964
1174 886
1027 997
979 1080
1485 808
985 1116
1369 869
764 1516
1119 987
1015 1113
1114 1048
1446 880
1362 923
1135 1043
1309 1007
1071 1212
1150 1144
1483 962
1122 1169
1496 971
1142 1166
1300 1097
1466 996
1240 1147
1375 1106
1397 1093
1048 1372
1117 1269
1002 1588
1013 1571
1310 1187
1254 1244
1347 1196
1252 1250
1210 1300
1332 1233
1451 1161
1439 1181
1285 1319
1295 1326
1462 1177
1081 1639
1326 1345
1394 1287
1257 1400
1128 1579
1385 1305
1493 1197
1412 1303
1352 1365
1200 1522
1356 1386
1508 1217
1248 1503
1475 1247
1452 1307
1457 1279
1108 1726
1218 1565
1481 1308
1348 1476
1501 1286
1329 1552
1246 1649
1185 1725
1422 1492
1392 1560
1448 1505
1515 1512
1482 1575
1528 1537
1534 1577
1533 1624
1510 1718
405082748 1593085527
1
sift 55
586 73
32 24
328 180
91 78
841 363
136 234
424 306
271 186
670 1127
265 229
738 488
460 255
1182 1069
530 259
734 747
410 342
391 393
1069 653
399 391
549 487
730 439
760 443
574 596
801 471
868 555
850 583
825 627
885 598
776 695
861 705
1126 574
741 835
998 730
965 791
1039 771
1027 867
936 1042
1098 885
798 1440
1430 882
1462 879
1443 907
1346 1037
1347 1099
1094 1432
1429 1155
1385 1207
1313 1351
1285 1399
1482 1249
1246 1511
1440 1321
1158 1647
1481 1352
1294 1608
405082748 2030751971
1
sift 70
162 195
37 38
23 42
241 173
86 56
285 399
375 444
177 89
343 331
142 125
337 337
722 574
173 100
654 605
191 95
911 924
874 586
245 137
579 725
217 175
795 682
210 238
599 749
368 159
921 671
329 191
711 697
424 248
1307 627
460 239
734 733
478 299
1006 736
530 312
1181 738
399 392
1518 784
606 303
1057 1025
565 323
630 314
1165 1194
300 673
860 335
837 425
800 493
804 495
681 540
823 517
738 556
876 571
850 664
1240 544
701 793
729 788
1100 628
1328 615
758 851
1236 659
1038 723
1313 698
1489 708
1220 857
1125 954
1443 927
1289 992
1351 973
1416 988
1425 1170
1469 1465
405082748 2096417223
1
sift 66
153 116
670 793
53 40
111 84
162 190
1213 1002
117 86
158 100
199 197
105 136
217 187
231 186
236 223
262 259
287 231
273 243
270 248
285 271
310 221
281 265
623 373
309 279
329 281
368 296
344 317
362 330
400 315
351 368
382 360
343 390
478 335
352 422
425 378
394 411
417 401
486 397
615 369
476 495
565 454
556 484
635 473
606 514
517 601
596 533
563 564
711 503
573 573
408 858
562 664
538 740
700 656
770 639
654 714
763 683
758 697
804 708
1100 624
816 748
1274 627
809 821
958 802
749 1088
1054 898
1212 1056
1322 1027
1313 1201
