414432701 485519614
1
sift 111
107 398
375 260
531 248
442 291
203 1097
556 287
506 348
404 510
486 493
382 804
316 1314
470 696
396 1107
670 503
585 837
572 923
713 630
727 632
712 677
474 1446
428 2013
771 723
956 583
674 965
482 1911
1037 561
722 899
652 1236
815 951
867 981
616 1851
1385 624
628 2042
614 2155
871 1281
1256 805
1212 844
779 1663
974 1210
853 1581
904 1491
1176 1004
774 1978
1167 1065
1846 634
1001 1405
883 1780
1394 957
846 2028
775 2276
950 1650
1555 928
1061 1724
1883 806
1082 1690
1530 1079
1825 883
1541 1119
1606 1110
1547 1175
1315 1469
1079 2102
1262 1673
1707 1124
1278 1701
1508 1409
1896 1049
1597 1351
2301 820
1422 1684
1090 2341
1738 1303
1181 2270
2538 809
1407 1970
2255 983
1598 1686
1544 1879
2146 1169
2053 1255
1406 2289
1779 1643
1610 2015
1828 1711
2254 1302
1713 2016
1723 2034
2609 1122
2308 1343
1893 1890
3211 988
2447 1416
2123 1761
2712 1459
2659 1498
2226 2010
2853 1572
3738 1266
3885 1216
2478 2291
2696 2120
3303 1597
3329 1751
2898 2312
4205 1471
3367 1965
3883 1651
4373 1714
4011 2110
4090 2149
3888 2326
414432701 704502137
1
sift 155
1499 1291
96 536
182 529
3912 1503
363 339
349 372
4082 2756
280 579
203 885
223 1083
216 1117
298 851
312 928
270 1205
316 1036
591 649
295 1461
440 960
322 1369
318 1612
432 1353
479 1228
551 1544
583 1504
611 1418
878 1086
598 1728
505 2163
485 2558
560 2150
461 2861
1182 973
633 1940
595 2205
676 1838
672 1884
536 2791
728 2070
791 1894
628 2730
702 2418
658 2622
870 1970
824 2088
730 2392
945 1878
768 2348
862 2133
668 2936
669 2934
1088 1688
765 2521
930 2151
844 2455
1053 1938
830 2584
731 2988
770 3070
955 2434
841 2890
774 3190
2245 1121
885 2924
740 3665
1647 1584
994 2617
975 2691
879 3133
1740 1610
1015 2712
1900 1509
931 3521
2682 1234
1103 3017
966 3602
1005 3449
990 3558
1222 2889
2156 1685
944 4174
1081 3672
2616 1524
1265 3268
1436 2843
2458 1699
2284 1952
996 4891
2523 1870
1247 3911
1218 4310
2720 1902
1163 4677
1510 3585
3014 1834
1318 4494
1268 4694
1365 4482
1801 3323
2925 2081
1678 3613
1512 4093
1665 3746
2140 2837
1388 4715
1260 4986
1518 4297
3041 2105
1662 3935
1759 3756
1582 4294
1717 3951
1620 4391
3246 2180
2041 3468
1776 4105
1786 4142
1874 4013
2006 3680
1557 4939
1731 4727
1733 4798
1999 4150
3333 2451
1845 4768
3089 2744
1994 4505
3560 2468
2198 4095
4075 2266
2460 3690
2048 4618
3595 2585
2504 3782
2321 4245
3853 2650
2333 4386
3240 3257
2249 4820
2350 4684
3897 2846
3469 3255
2561 4698
3878 3168
4516 2736
4128 3138
3834 3381
3931 3503
2982 4772
2844 5013
3932 4308
4021 4268
4454 4087
3678 4958
3510 5022
4668 4317
414432701 705256877
1
sift 75
155 1694
55 390
67 402
1097 1157
47 797
65 572
947 2063
98 624
107 760
1043 2046
121 675
131 769
1579 1662
145 706
156 644
1734 1898
160 988
209 526
2266 2306
185 974
167 1351
188 986
178 1297
196 1028
306 574
198 1348
212 1212
182 1794
203 1360
246 1310
223 1699
241 1410
228 1612
235 1644
239 1665
229 1979
242 1874
280 1447
277 1510
300 1545
272 2111
298 1655
335 1308
307 1578
284 2079
288 2122
316 1634
322 1555
308 1947
312 1937
334 1702
323 1907
299 2392
318 2077
406 1280
364 1602
337 2061
391 1628
352 2214
370 2269
412 1770
417 2022
440 2085
448 2174
496 1952
576 1893
563 2094
762 1312
608 2232
652 2401
671 2406
747 2017
927 1768
806 2393
1054 2405
414432701 771224007
1
sift 92
176 212
66 641
175 261
508 376
124 443
209 494
947 367
172 741
218 849
703 465
305 666
363 769
1514 431
419 962
310 1862
1186 677
544 843
568 1320
1968 515
591 1602
1219 685
900 1051
557 1830
1124 828
1433 860
675 1728
762 1525
1670 736
651 2077
2266 615
1139 1106
778 1807
1272 1062
1210 1215
964 1627
1233 1186
1253 1181
758 2408
1346 1197
1507 1083
927 2018
1691 1001
2131 834
1500 1603
2340 851
1601 1417
1137 2200
1499 1610
1792 1424
1288 1916
2424 1036
2396 1047
1244 2294
1955 1339
1505 1766
1402 2478
2090 1374
1490 2063
1625 2387
2719 1121
2031 1558
1990 1599
2087 1590
1977 1701
2344 1597
2638 1440
3821 1053
2730 1529
3849 1081
2583 1644
2956 1490
4198 1114
2894 1671
2858 1809
2692 1988
2607 2079
3686 1534
2382 2453
4017 1460
2593 2318
2810 2360
3948 1650
3169 2057
4491 1528
3759 1789
3488 2088
3366 2444
4581 1761
4024 2156
4611 1943
4055 2548
4542 2474
414432701 983357929
1
sift 144
1499 281
84 154
172 253
2711 726
189 724
335 439
3681 638
182 1032
233 1119
4074 854
204 1438
529 447
4263 858
334 809
387 732
4592 1083
406 874
471 925
4654 1474
724 657
433 1480
608 1066
643 978
440 1972
571 1555
1795 485
584 1606
874 914
957 868
563 1894
2071 501
587 1955
1022 1022
978 1098
746 1532
605 2233
733 1653
840 1457
905 1387
1054 1181
654 2378
764 1983
831 1848
685 2528
1034 1510
895 1908
1439 1132
1132 1458
671 3026
729 2591
862 2174
959 2007
1115 1688
1647 1157
1257 1588
1740 1168
802 2953
1166 1837
805 3072
1187 1928
1788 1360
926 2906
1663 1487
870 3363
2649 956
1307 2059
1204 2244
2149 1397
1329 2379
1371 2381
3451 920
1563 2161
1817 1864
3050 1127
4209 847
3440 1056
1992 1814
1812 2090
1982 1919
2055 1840
1537 2692
1409 3066
2216 1782
1932 2166
2792 1496
2152 2030
1589 2930
4236 1080
1807 2510
2078 2239
2720 1687
2444 1939
4421 1139
2753 1772
2187 2255
1728 3111
1713 3173
1971 2629
1851 2897
2535 2032
3353 1581
2562 2135
2429 2318
4266 1362
2225 2638
3841 1499
1831 3410
2338 2523
2985 2049
2037 3113
2451 2521
2110 3076
2264 2853
3696 1721
2742 2419
2039 3454
2279 3107
2098 3430
2574 2765
2077 3469
2240 3312
4075 1774
2274 3380
2389 3311
4420 1725
2533 3139
3897 1990
3359 2368
3240 2527
3376 2643
3361 2750
3563 2586
4454 2286
3535 3036
3362 3194
3878 2776
3822 3266
4186 3007
4021 3130
3839 3333
3932 3355
4143 3259
4475 3214
4607 3265
414432701 1059548076
1
sift 199
3681 529
2330 280
66 74
84 141
4004 514
350 150
310 179
4412 639
188 625
747 197
4137 806
335 364
379 438
4074 859
530 407
436 554
4678 852
976 270
387 689
4567 1081
727 399
520 690
2102 237
300 1765
639 668
1173 421
704 739
1250 478
724 824
1795 378
608 1163
2538 334
874 885
1193 633
579 1678
584 1650
1158 678
957 892
905 987
1182 770
1022 950
1054 935
978 1027
605 2033
733 1689
2724 501
3738 384
746 1837
840 1638
764 1852
831 1738
2884 538
837 1922
671 2687
1034 1519
2757 600
2616 618
2994 571
1383 1170
895 1913
952 1756
1237 1349
805 2385
1452 1193
1439 1206
2686 661
1255 1501
1802 1032
1115 1850
1166 1845
856 2903
1530 1475
1663 1357
1125 2144
1118 2250
2492 959
862 3376
853 3662
2012 1278
3223 832
945 3165
2055 1290
1204 2387
1817 1600
1748 1676
1371 2247
1992 1497
1589 1976
1536 2089
1477 2223
1415 2507
2805 1192
1409 2578
1622 2164
1676 2137
2966 1171
2850 1252
2696 1369
1502 2666
2114 1776
3044 1234
1855 2135
2700 1474
1578 2691
1184 3916
2089 1984
1932 2205
2079 2006
3722 1120
2955 1516
2444 1799
1807 2609
2961 1545
2611 1744
2287 2067
2226 2148
1989 2524
1971 2562
1526 3667
3462 1482
2429 2129
2074 2580
2263 2336
2933 1804
2531 2116
1728 3392
4421 1265
1851 3236
2753 2043
1982 2954
2535 2239
4447 1287
2439 2359
2742 2098
2225 2701
2187 2760
2037 3096
2077 3015
1905 3475
2305 2697
1960 3308
3178 1958
3226 1927
1973 3424
1899 3729
3246 1951
2451 2669
2039 3385
3560 1796
3090 2232
2098 3586
2213 3310
3134 2294
3897 1899
2191 3658
2110 4035
2441 3332
4286 1846
2166 4059
4183 1936
4696 1583
2533 3390
2291 3904
2243 4014
2480 3561
4539 1930
2516 3727
3517 2564
3535 2630
3594 2719
3359 2992
2803 4078
3600 2921
2784 4273
2950 4058
4498 2498
2983 4021
2880 4335
3932 3010
4409 2724
3706 3246
3401 3703
3279 4098
3782 3469
3637 3680
3619 3776
3853 3675
4261 3276
4143 3480
3878 3782
3599 4230
4061 3835
4097 3954
4112 4067
3839 4371
4575 3613
4694 3142
4222 4172
3904 4447
414432701 1081171077
1
sift 215
2589 544
84 92
204 900
461 1995
363 84
4129 822
188 369
312 991
1801 3129
591 171
4654 924
335 285
633 1708
183 621
233 492
2006 3167
267 439
387 355
927 212
364 558
323 736
430 567
280 948
362 766
471 666
724 448
838 433
643 624
440 980
874 538
662 703
1919 348
1054 569
957 619
579 1016
563 1039
447 1369
611 958
905 680
645 932
2245 359
733 863
605 1138
587 1240
833 839
978 777
2682 384
559 1411
596 1366
1900 529
2615 435
1255 733
583 1560
895 1027
685 1382
2777 480
764 1248
671 1442
1115 885
862 1197
2370 570
729 1459
1740 730
1647 753
2523 582
926 1264
2156 665
1383 943
875 1468
834 1551
805 1587
1307 1119
1257 1156
2464 701
2134 784
802 1791
2792 669
791 1810
1313 1167
2136 796
1125 1363
814 1831
3072 644
959 1575
1166 1324
1451 1120
1204 1313
2663 713
3044 671
897 1803
2055 894
945 1763
824 2147
1266 1437
2448 843
1502 1285
2652 819
1812 1108
2798 797
1329 1457
2216 935
1932 1067
3722 689
3106 794
1415 1504
1049 1934
1887 1226
3041 840
2188 1074
1126 1945
1409 1675
1185 1991
2152 1229
4421 739
1525 1634
1088 2230
3240 910
2925 1013
3333 951
1899 1519
1589 1735
1199 2287
4614 792
1728 1698
2535 1276
2985 1145
2429 1409
2742 1286
2752 1308
3436 1111
1973 1717
2451 1476
1851 1868
2850 1385
3089 1309
2574 1512
1766 2106
2389 1607
1510 2421
1646 2299
2110 1844
1772 2203
2213 1782
2225 1772
3834 1214
3469 1328
1931 2136
1960 2101
2039 2066
2264 1874
2191 1937
3931 1259
2496 1747
3853 1292
3595 1367
2610 1711
4128 1243
3043 1559
2240 1999
2166 2199
3897 1416
2098 2290
2441 2059
2062 2424
2232 2365
2880 1964
3975 1545
2802 2033
4183 1526
2215 2527
2243 2507
2533 2301
3878 1630
3616 1739
2983 2096
2199 2695
2339 2559
3903 1701
2825 2259
3932 1719
4522 1571
4475 1597
2889 2289
3279 2055
2290 2958
3401 2077
2950 2359
4186 1822
2379 2971
3251 2239
4097 1885
2655 2762
2591 2861
4668 1703
4144 1969
2321 3196
2973 2719
2617 3067
4036 2241
2793 3109
4525 2049
2923 3037
3340 2642
3324 2691
2999 3078
3846 2428
4380 2283
3170 3092
3661 2699
3924 2579
3742 2687
4096 2541
4316 2580
3655 3215
4307 3116
414432701 1216237916
1
sift 58
1765 1822
36 322
55 335
47 530
99 392
96 704
108 735
145 874
131 1119
167 857
228 584
188 850
161 1824
241 770
203 1249
198 1419
233 1149
237 1165
216 1531
223 1690
235 1498
270 1470
295 1677
298 1667
299 1728
322 1391
363 1077
362 1229
334 1825
447 1228
493 1243
495 1611
482 1730
585 1185
711 815
512 1812
835 690
680 1192
873 901
614 1840
674 1727
722 1744
1148 1047
976 1380
1074 1255
1286 1015
1784 650
1251 1125
951 1837
1360 1168
1420 1427
1655 1201
1555 1668
1593 1633
1746 1532
2102 1264
2127 1761
2406 1707
414432701 1261438133
1
sift 187
28 236
704 1146
36 195
165 77
1371 3696
66 182
81 165
1807 4308
215 97
98 636
1971 3869
350 176
375 185
442 226
525 216
711 179
827 243
198 1308
223 1351
783 352
727 412
680 448
396 790
773 405
850 393
1148 345
1570 325
1037 431
337 1514
1304 478
566 1104
353 2490
2034 387
1152 549
1004 665
1435 529
461 1859
414 2537
521 1837
1755 520
2235 443
1768 531
1348 662
560 1946
610 1870
546 2239
517 2657
1555 687
1385 784
672 1785
1167 909
1798 670
724 1708
740 1822
1581 823
633 2394
2301 590
1062 1323
1883 829
604 3200
2012 775
1054 1453
686 2680
1631 943
668 2846
856 2016
730 2979
842 2617
2760 752
824 2834
731 3530
2733 811
1079 2014
931 2679
2308 945
1158 2036
2050 1115
1182 1993
768 3914
2412 977
844 3638
996 2845
1089 2526
1301 2025
1215 2226
1779 1499
3211 875
2223 1226
2469 1117
1255 2510
2114 1357
1828 1635
3233 905
968 3611
1153 2900
2463 1199
3040 997
2966 1037
2955 1057
2690 1175
955 4223
975 4272
1740 1968
2268 1485
1163 3315
2609 1329
1438 2783
1135 3722
1091 4008
3221 1158
2908 1343
2768 1400
1732 2410
2531 1569
2696 1495
3213 1266
2701 1547
2659 1597
3627 1145
3173 1346
1812 2569
1663 2907
3369 1324
2349 1932
2056 2310
3107 1507
4205 1166
1265 4681
3412 1467
1725 3378
1612 3748
2271 2389
1753 3553
1458 4614
2305 2611
3779 1582
1474 4709
4562 1322
1662 4405
3303 1835
3635 1755
2990 2177
3679 1747
2523 2695
1810 4246
4059 1693
2155 3427
3509 1954
3177 2242
3189 2245
1908 4453
3669 1938
4090 1821
4373 1757
2282 3709
3753 2053
4324 1866
2535 3432
3888 2111
2753 3280
2430 3980
3763 2404
2925 3254
2451 4235
3697 2615
3989 2489
3519 2908
3890 2718
4326 2455
4222 2557
3570 3020
4696 1989
4384 2527
4112 2716
4164 2689
2985 4012
3055 3868
3433 3341
4529 2503
3043 4309
3115 4330
3758 3592
4406 3043
3982 3484
4421 3766
4656 4023
4454 4696
414432701 1481597607
1
sift 67
175 292
55 557
99 903
477 851
158 427
96 1218
697 1256
111 886
131 1070
703 2660
209 486
217 797
1233 1338
188 1074
185 1175
1139 1558
236 824
178 1462
1253 1606
182 1632
233 1092
1346 1761
198 1679
204 1975
2593 2181
212 2096
216 2014
223 2172
348 940
235 2250
280 1660
242 2387
419 898
281 2076
284 2134
272 2390
270 2482
298 2063
316 1883
300 2294
312 2108
323 2325
299 2665
322 2577
362 2154
424 1680
591 1262
447 2176
440 2415
496 1993
512 2510
576 2229
563 2420
605 2226
758 1542
927 1190
654 2434
751 2246
671 2661
1050 2107
1402 1613
1158 2207
1182 2264
1207 2472
1625 2308
1500 2650
2682 2602
414432701 1580303157
1
sift 211
109 262
709 1114
28 182
34 180
176 384
1445 1653
43 165
60 239
175 531
1774 1548
55 263
76 226
508 1132
66 264
82 286
697 1560
84 361
98 399
703 1595
96 424
107 415
997 1634
104 470
108 471
121 503
137 467
145 449
154 442
165 395
158 480
148 608
180 379
131 1000
179 472
160 613
275 270
230 380
214 459
215 495
172 741
189 626
273 349
224 494
222 532
196 638
182 837
209 621
228 605
185 955
203 755
293 436
217 694
285 473
319 383
198 909
212 802
216 790
242 667
233 752
236 769
239 797
267 708
246 916
328 529
331 524
310 731
306 789
358 603
360 616
280 1098
457 481
336 757
284 1221
349 771
277 1326
375 712
350 857
316 1052
345 915
272 1573
334 974
363 805
387 715
312 1163
372 800
373 795
402 687
307 1256
335 1054
289 1758
347 1111
322 1278
364 1044
400 859
453 699
378 978
390 928
323 1380
515 624
443 768
391 982
421 863
382 1065
337 1385
412 960
408 985
404 1032
362 1309
469 845
427 992
409 1102
527 734
353 1664
437 1180
406 1317
419 1303
445 1268
480 1200
447 1377
430 1501
660 680
486 1245
435 1512
575 962
433 1574
501 1292
473 1407
582 1004
440 1700
495 1414
532 1235
552 1162
488 1596
512 1469
572 1209
529 1395
635 984
520 1529
518 1616
521 1611
678 959
558 1555
568 1575
585 1535
576 1617
591 1544
580 1620
550 1721
551 1768
579 1726
564 1866
822 933
732 1076
755 1091
714 1206
630 1622
745 1154
711 1282
652 1506
725 1247
644 1579
727 1259
680 1472
691 1438
739 1297
673 1669
747 1321
713 1471
695 1683
712 1590
763 1342
752 1402
753 1430
696 1764
757 1419
674 1837
948 1037
706 1756
854 1249
676 1869
827 1328
783 1482
762 1561
782 1503
786 1508
813 1490
835 1454
750 1770
873 1489
815 1733
880 1571
998 1253
1154 1030
921 1584
870 1807
918 1725
1050 1350
905 1873
1037 1570
1009 1732
1140 1436
1148 1779
1354 1464
1292 1701
1248 1792
1286 1818
1375 1823
1429 1751
1560 1498
1644 1815
2997 1337
414432701 1887534972
1
sift 217
148 347
419 150
259 236
335 231
267 346
246 391
334 338
387 318
399 408
196 945
364 524
406 599
496 653
611 550
608 600
571 666
440 884
704 567
1919 326
467 1123
563 979
2245 336
584 995
1900 388
587 1044
833 707
733 794
905 674
840 735
626 1031
583 1125
690 925
1647 451
579 1200
2370 390
576 1277
596 1260
817 897
1400 608
749 986
914 835
2523 414
2464 435
746 1161
1034 900
654 1422
959 1035
729 1332
1307 814
764 1310
671 1635
1257 914
802 1661
805 1671
637 2185
870 1583
1313 1082
1107 1242
909 1515
837 1684
2017 760
1267 1129
3072 603
862 1663
1812 923
1409 1141
979 1548
1125 1357
1949 873
1329 1215
1198 1315
2652 708
1204 1349
790 2052
878 1887
3722 618
2449 805
1175 1458
945 1836
834 2136
897 2015
1578 1247
2720 834
824 2425
3240 734
1213 1656
1676 1275
3841 671
1053 2062
1855 1278
1589 1503
1064 2162
1982 1265
2850 964
1529 1680
3333 948
4304 804
1135 2404
3560 927
1525 1959
3436 1016
2187 1441
1091 2781
2054 1573
3584 1039
1971 1704
1899 1824
4128 976
1471 2322
1831 1891
4614 910
1959 1813
1851 1910
1528 2295
915 3978
1005 3555
1574 2252
2110 1753
3134 1262
1291 2824
4061 1066
4453 1017
2225 1745
3226 1286
1569 2444
1289 2954
4286 1072
2039 1943
2166 1893
3469 1296
4183 1170
1658 2621
2132 2038
2213 1992
1642 2694
2516 1790
2008 2184
2240 1980
1633 2728
2441 1869
3975 1300
2191 2096
1662 2817
3897 1325
1834 2677
2098 2303
4475 1255
3563 1519
3208 1700
3879 1475
1678 3175
2234 2382
2300 2336
2289 2351
1772 3079
2480 2258
2544 2223
2062 2752
2880 2068
2398 2434
2180 2697
1513 3952
1512 4006
1925 3042
1873 3254
3839 1718
1931 3228
2802 2306
3362 1974
4539 1559
2580 2523
2618 2527
2460 2737
2041 3383
2624 2692
2890 2494
2655 2711
2923 2525
2339 3008
2243 3155
2049 3599
2232 3389
3286 2370
3019 2618
2705 2867
2793 2818
2322 3355
2273 3576
3359 2520
2626 3330
2461 3736
3482 2708
3148 2959
2904 3285
2999 3165
2671 3603
2950 3278
2485 3957
2861 3547
2980 3452
3170 3174
2972 3728
3157 3553
3608 3081
3201 3583
3127 3862
3742 3224
4020 3065
3638 3575
3542 3681
3924 3361
4531 2938
3655 3822
3538 4111
4307 3671
4290 4133
4173 4178
414432701 2048594538
1
sift 115
1635 601
153 191
230 167
1765 673
350 333
411 309
2329 964
525 368
453 505
2582 1286
713 433
773 424
747 446
1050 354
754 500
680 593
851 511
1251 376
553 1105
1511 398
782 720
1360 466
1134 538
1037 665
991 814
1042 775
1304 806
1147 931
2127 533
1470 853
815 1946
1912 695
1435 977
1581 946
813 2309
1768 914
1394 1315
1479 1207
2112 837
1351 1426
1385 1429
2368 772
1176 1749
1420 1453
1798 1101
1348 1650
2102 959
3010 686
2538 816
1555 1445
2167 968
2555 851
1699 1407
2476 921
1715 1534
2901 868
1755 1602
1541 1900
2301 1166
1883 1641
1846 1686
2286 1287
1631 2059
2484 1299
2051 1703
2492 1502
2308 1625
3736 980
2961 1347
2724 1519
2955 1400
2012 2213
2422 1812
2455 1783
3122 1413
3739 1141
3707 1156
2794 1648
2412 1956
2892 1619
3131 1485
2712 1754
3159 1516
3481 1374
2854 1759
3309 1467
3819 1328
2690 2074
2463 2419
2701 2354
3829 1580
3069 2087
4048 1546
3278 1965
3173 2066
4645 1342
4237 1553
3937 1673
3627 1849
3767 1770
2909 2484
4400 1557
3369 2145
3635 1987
3815 1897
4370 1691
4205 1789
3416 2401
3596 2413
4301 2028
4254 2129
3509 2550
4432 2321
4374 2529
4644 2378
414432701 2075366909
1
sift 569
180 92
1500 1615
108 271
112 290
1919 3175
154 220
228 234
2245 3279
375 181
350 197
188 335
241 274
182 398
373 208
443 203
185 555
233 443
390 281
322 363
506 283
386 353
299 533
454 331
280 639
396 406
711 251
316 556
507 360
363 521
284 752
281 795
417 486
427 483
518 426
552 394
362 691
447 540
782 312
827 308
727 336
784 324
670 393
493 587
747 375
680 447
585 554
512 649
754 429
488 713
756 436
323 1153
618 602
798 439
712 524
621 635
771 494
481 852
432 997
440 1000
737 575
524 896
813 529
674 648
1009 434
863 518
630 715
564 835
496 1027
1134 423
560 902
414 1245
988 552
598 962
815 683
559 1039
627 983
721 818
669 944
1060 610
652 978
583 1132
605 1079
759 834
563 1186
587 1154
656 1013
1351 520
867 754
576 1220
676 1005
706 986
774 915
611 1190
828 897
539 1504
904 843
779 971
846 922
1435 599
1176 688
1002 796
883 931
1420 629
1001 827
1250 696
728 1125
633 1418
644 1377
853 1038
654 1443
821 1102
1152 811
668 1478
1246 764
1173 828
1082 924
1215 838
729 1394
1348 794
1342 804
740 1447
857 1218
1846 633
1278 878
1555 721
1256 890
1386 869
841 1386
764 1548
1040 1090
799 1529
931 1254
1768 722
1825 714
889 1379
940 1270
1295 966
1385 942
875 1460
1470 903
1738 773
789 1701
1079 1163
1422 964
805 1759
824 1729
1023 1275
926 1495
946 1473
834 1792
1407 1034
1021 1366
1755 865
1068 1295
1811 847
1798 867
1551 987
878 1804
1321 1124
992 1539
1432 1080
1262 1187
879 1880
791 2062
1071 1490
1161 1348
1883 917
990 1681
2012 853
1477 1113
2302 749
1089 1515
996 1761
1598 1073
1718 1024
2190 833
768 2388
1773 1050
1356 1353
1751 1063
2125 909
814 2411
817 2474
1535 1221
909 2165
1300 1521
1153 1723
1181 1679
1163 1715
1544 1260
1290 1606
1252 1663
1150 1850
1572 1351
968 2205
955 2334
1713 1240
1565 1437
1896 1158
945 2414
1191 1905
1723 1315
975 2387
2146 1074
1392 1745
1247 1888
2394 995
1575 1531
1126 2098
1302 1892
1091 2204
1707 1459
1859 1325
1015 2486
1135 2197
1654 1580
2013 1232
1289 1995
1291 2001
1053 2521
1893 1434
2712 1018
1318 2036
1116 2420
1967 1375
1538 1826
2053 1349
1431 1985
1936 1477
1185 2406
1103 2618
1573 1866
2659 1089
2724 1086
2050 1441
1779 1756
1285 2383
2020 1526
2122 1455
2455 1243
2469 1249
1460 2174
1419 2354
2077 1598
1639 1999
1970 1700
2313 1429
2463 1360
2412 1402
2846 1184
1613 2126
2447 1421
1436 2439
1265 2810
2884 1198
1674 2199
2908 1259
1935 1916
1753 2100
2164 1768
1877 2007
1722 2159
1666 2269
1647 2329
2760 1420
2526 1553
1681 2365
2931 1361
1582 2536
1927 2028
1900 2095
2853 1424
1343 3010
2478 1649
1752 2302
3233 1229
1492 2756
1901 2136
2306 1818
3040 1374
2323 1806
2067 1980
1411 2995
2534 1662
2598 1623
1843 2262
2270 1869
1725 2483
2686 1617
2509 1736
2492 1757
1783 2430
1569 2800
2966 1512
1620 2740
2898 1579
2579 1773
3221 1400
1474 3050
1733 2722
2900 1661
2064 2221
2275 2025
1418 3447
2141 2182
2484 1926
2155 2194
2542 1898
2135 2226
2696 1849
1415 3554
1940 2537
1731 2874
2115 2298
2175 2229
1680 2969
2399 2040
2354 2083
2208 2222
1518 3438
1510 3449
3090 1702
2025 2545
2955 1825
3105 1722
3303 1616
3367 1605
2482 2097
2674 1976
3795 1445
2179 2438
2814 1941
3291 1687
1662 3322
1909 2946
1675 3418
2436 2258
2200 2539
1895 2999
1717 3345
2735 2079
1908 3027
2851 2014
2700 2109
2314 2449
3107 1884
2961 1979
2295 2511
2531 2283
1615 3791
1627 3771
2632 2202
2994 1987
1969 2987
3369 1814
1513 4222
2006 2950
1925 3127
1760 3550
2204 2761
3519 1810
1965 3194
3024 2087
2218 2829
2320 2703
1642 4142
2048 3092
1923 3365
1994 3210
2358 2725
1838 3632
2384 2730
3102 2099
2523 2608
4164 1673
3728 1845
2403 2749
2623 2555
1759 4096
1872 3810
2788 2453
2879 2379
2332 2900
3572 1955
3679 1922
2464 2822
4059 1853
3481 2027
2339 3034
2554 2818
3464 2086
1890 4213
3352 2190
3415 2155
2285 3215
2408 3087
3236 2341
2741 2788
2710 2819
3753 2032
1786 4579
3287 2358
2104 3839
3635 2152
2959 2697
2010 4105
3419 2330
3427 2326
2132 3859
4229 1951
3177 2526
3462 2320
2525 3138
2588 3054
3989 2048
2946 2781
2041 4161
2003 4308
2327 3508
2062 4180
2283 3584
1999 4371
2196 3856
2362 3495
2297 3681
3725 2316
3473 2498
3888 2268
2381 3721
3937 2254
2688 3252
3096 2871
2985 3000
2784 3217
2838 3149
3234 2769
3784 2408
4326 2128
2489 3665
3446 2642
2491 3685
3596 2563
2876 3174
2571 3558
3805 2459
2761 3394
2375 4072
3890 2476
2664 3562
2569 3734
3230 2934
3990 2450
3335 2855
4373 2245
3517 2746
4090 2428
2425 4172
2852 3459
3308 2939
2259 4537
2350 4395
3145 3170
3468 2904
2652 3993
4447 2363
2504 4267
2873 3613
3489 2928
2975 3507
3229 3154
4126 2591
2738 3939
4042 2634
3014 3513
2689 4077
3209 3262
2461 4497
3791 2833
3237 3233
3051 3498
4112 2670
2906 3832
3344 3168
3025 3609
4377 2558
3329 3207
3420 3151
4041 2770
3044 3644
3448 3144
2706 4306
3571 3073
3969 2849
3409 3246
2595 4526
2644 4539
3395 3369
3072 3865
3841 3009
3758 3056
3238 3576
3336 3467
4222 2842
2861 4346
3388 3491
2923 4324
3980 3023
3128 3930
3478 3425
3058 4146
3172 3948
4254 2912
2844 4551
4172 3004
3217 3975
2927 4540
3453 3719
3556 3594
4391 2965
2981 4557
3353 3980
3472 3841
3847 3461
3981 3361
2996 4612
2937 4658
3360 4115
3852 3505
4080 3330
4384 3129
3951 3502
4247 3280
3330 4281
4161 3341
4347 3190
4084 3431
3147 4563
3598 3979
3295 4467
3292 4591
3696 4185
3722 4191
3785 4135
3684 4273
4025 3958
3602 4407
4087 3896
4145 3837
4680 3112
4083 4028
3494 4606
4566 3473
3735 4403
4454 3695
3750 4508
3874 4412
4165 4231
4608 3641
3766 4573
3850 4522
4155 4263
3973 4438
4646 3709
4574 3905
4251 4338
3808 4657
4241 4536
4561 4254
4431 4566
