436115058 485519614
1
sift 109
154 52
220 81
246 99
235 134
219 218
251 244
275 207
587 169
359 249
310 364
413 322
403 373
476 376
490 390
526 383
593 344
394 525
450 454
573 379
771 316
609 398
543 435
623 392
558 462
1342 277
1221 284
467 568
967 340
855 375
560 520
662 452
723 443
748 429
1475 293
764 441
1218 335
613 560
503 741
602 594
601 605
469 989
992 478
578 794
726 671
987 512
666 760
942 600
779 726
751 750
861 708
664 948
736 885
595 1186
841 813
969 752
994 763
1155 686
915 840
825 960
1090 724
1009 772
1067 744
842 956
916 892
852 1051
739 1263
878 1037
714 1350
935 1001
844 1150
804 1274
918 1095
1180 862
820 1327
1046 1097
1305 923
926 1333
950 1321
1171 1070
1439 908
1083 1201
974 1414
1137 1247
943 1562
931 1602
1366 1099
970 1552
1203 1289
1064 1427
1295 1260
921 1920
1212 1510
972 1971
1183 1591
1108 1746
1146 1773
1411 1514
1279 1708
1219 1906
1383 1707
1211 2002
1023 2290
1168 2171
1460 1808
1293 2083
1314 2112
1392 2095
1346 2172
1480 2206
436115058 1159701109
1
sift 68
129 60
142 103
120 69
246 88
131 79
162 133
163 107
81 892
212 118
249 122
288 186
311 162
319 208
593 188
654 205
771 184
488 320
394 263
421 265
481 267
922 438
515 241
466 315
690 247
1032 495
855 233
452 382
539 314
1112 482
1116 234
685 298
661 339
983 549
665 318
471 408
773 334
674 832
552 377
1036 354
994 317
1086 530
861 351
933 517
612 452
1153 554
841 386
1087 475
1189 350
1200 565
935 409
982 504
918 420
1283 561
1315 378
1035 496
1352 507
1372 532
1307 461
1262 524
1331 520
1371 541
1110 598
1468 505
1178 627
1415 535
1317 604
1163 713
1252 688
436115058 1216237916
1
sift 86
131 82
236 207
163 136
266 188
212 137
320 225
547 399
275 337
922 616
400 241
422 654
517 235
904 740
308 458
1033 780
403 322
1112 755
304 567
983 914
590 365
1153 996
471 457
1200 1052
910 305
1371 1130
643 382
1163 1515
632 393
1252 1593
819 364
1388 1247
882 368
726 440
1088 1807
710 467
543 608
1401 1755
707 488
558 592
747 499
928 415
866 447
538 712
529 879
685 632
544 885
660 686
688 683
593 831
503 1105
571 962
715 795
880 663
578 1092
577 1117
787 765
720 923
785 839
1093 647
1199 603
751 1013
740 1033
994 779
944 860
760 1262
613 1782
1342 710
982 953
914 1077
1409 734
1231 828
1288 820
900 1227
736 1803
845 1538
1216 1032
974 1298
1047 1248
1195 1120
877 1754
1370 1119
1108 1487
950 1821
1189 1507
1278 1541
1091 1841
436115058 1261438133
1
sift 113
14 5
593 119
21 8
222 18
25 11
770 123
46 13
152 26
130 17
913 174
246 22
275 101
153 49
1115 227
235 56
322 132
265 63
1051 259
258 70
434 106
420 78
938 295
336 111
289 202
318 189
1067 350
994 128
413 213
526 225
1466 377
516 332
464 255
445 260
932 266
450 276
467 278
584 416
490 271
543 277
577 465
529 297
561 290
959 339
601 274
555 302
720 435
613 310
662 321
688 507
571 367
623 400
740 485
664 428
787 397
667 536
751 414
865 389
723 618
670 445
693 446
1483 502
614 487
666 498
1225 626
760 519
764 525
1064 844
1069 437
926 492
1209 877
937 490
916 594
1071 954
963 567
842 667
1366 1273
974 607
1030 587
1488 1519
972 622
1018 619
715 3826
931 685
1083 611
1090 639
950 761
915 796
921 817
1108 727
1171 777
1166 782
1300 736
1212 810
1119 846
1203 841
1114 869
1249 840
1332 814
1411 888
945 1217
976 1183
1323 1015
1145 1148
568 2290
1346 1053
1293 1083
1266 1126
1013 1309
1482 1020
1314 1186
1392 1174
1430 1303
1442 1314
436115058 1593085527
1
sift 54
275 342
190 1512
467 404
450 471
359 741
529 487
566 482
571 555
445 737
583 627
664 597
468 839
739 663
601 762
490 975
543 867
787 705
751 730
736 758
655 852
558 1100
614 1089
735 990
646 1154
777 1061
1012 881
843 1072
963 963
875 1094
914 1099
1018 964
916 1131
815 1283
1349 939
1266 1002
804 1599
1346 986
842 1556
950 1453
1211 1222
1030 1406
1279 1203
926 1647
865 1762
1482 1037
919 1748
1020 1536
1137 1463
1114 1585
974 1784
1171 1656
1460 1427
1422 1539
1453 1786
436115058 1866976262
1
sift 51
165 57
23 11
1001 2010
73 24
179 67
59 47
142 64
186 73
137 66
202 85
302 101
237 94
321 110
288 118
266 146
319 112
335 117
466 185
532 188
674 178
473 206
563 223
1015 229
421 265
539 258
1177 284
549 349
1163 329
1190 332
1110 342
1282 336
1252 360
762 386
1372 358
1404 383
1299 372
1300 410
931 472
1401 452
912 559
1064 625
1129 660
1314 644
1130 699
1037 870
1293 805
481 1839
1442 898
1430 1062
1155 1511
1467 1825
436115058 2048594538
1
sift 69
235 128
283 252
266 242
292 229
397 415
318 206
438 362
379 473
526 418
577 447
986 1550
430 582
467 563
999 1617
566 485
538 588
571 569
492 792
684 559
804 506
723 556
664 683
885 589
926 577
656 825
764 740
843 696
787 756
760 787
876 723
720 916
877 793
936 760
914 783
943 800
955 794
1055 798
917 923
1137 790
740 1161
1183 796
1090 838
878 1119
1155 888
1238 860
1279 843
1083 941
963 1066
1330 855
919 1148
974 1154
882 1399
1211 1087
918 1498
1272 1104
1332 1071
1456 992
1266 1193
1473 1090
1344 1221
1219 1343
1180 1406
1171 1528
1212 1493
1300 1484
1295 1807
1314 2007
1323 2170
1489 2220
436115058 2075366909
1
sift 61
303 77
468 467
275 136
403 110
787 417
498 117
308 233
751 515
609 144
372 246
760 820
382 307
543 275
916 873
559 289
465 352
1266 1590
542 322
529 381
1146 2201
544 470
786 370
777 390
571 609
988 465
1019 482
914 521
1268 438
578 745
865 578
724 671
900 645
974 652
926 689
735 836
736 905
1417 614
950 816
595 1502
684 1344
1233 929
943 1172
1403 978
915 1248
1278 1069
895 1387
1221 1120
1100 1262
843 1665
970 1551
1219 1285
1323 1359
1138 1779
1013 1921
1392 1620
1411 1734
1422 1721
1341 1946
1408 2015
1480 1900
1453 2650
436115058 2076392030
1
sift 300
144 143
28 37
13 18
574 786
84 69
27 24
607 834
65 103
25 36
812 1204
68 100
59 75
83 113
70 111
101 119
91 142
123 137
98 130
106 170
133 146
143 153
118 156
121 188
95 209
129 210
132 204
131 220
137 200
161 234
142 187
194 199
153 184
165 250
152 197
163 255
190 166
170 270
149 249
159 313
207 183
195 328
176 236
182 362
192 228
227 295
202 251
253 350
209 259
288 436
219 261
302 413
201 318
376 357
244 264
321 429
235 280
270 662
225 301
319 491
208 343
414 461
188 392
532 499
233 311
448 742
234 333
437 964
246 324
585 720
307 245
808 719
266 297
730 776
236 345
547 1101
242 377
1015 1261
292 314
1193 1194
249 379
903 1657
267 359
286 336
339 292
275 364
283 360
273 432
268 457
308 415
305 440
616 274
311 456
434 367
318 513
351 458
320 520
329 542
359 552
304 779
330 694
364 573
428 478
415 504
397 534
379 582
492 460
372 602
430 535
396 581
413 614
473 550
422 647
465 637
493 618
467 654
468 689
503 658
529 649
411 821
508 680
526 673
517 690
440 794
481 738
401 909
416 862
471 757
453 811
388 1011
566 675
515 727
419 972
546 737
629 678
494 831
539 771
477 890
530 796
577 745
695 671
571 768
425 1142
452 1096
558 841
581 822
579 827
584 823
601 803
552 922
664 800
622 872
615 887
739 770
665 843
820 728
543 1081
614 952
643 902
787 775
662 900
667 901
661 910
751 836
655 967
735 877
749 895
708 942
762 886
554 1225
722 953
717 974
627 1104
723 966
670 1028
525 1434
830 863
804 883
773 934
690 1075
688 1094
635 1208
760 1019
599 1307
676 1129
590 1418
877 939
764 1055
663 1202
638 1259
696 1150
646 1256
720 1132
926 912
685 1207
912 954
727 1161
894 990
687 1244
680 1273
885 1030
852 1052
740 1229
709 1312
865 1076
726 1283
914 1041
1021 929
994 971
802 1206
753 1300
705 1428
871 1127
781 1272
782 1289
750 1391
943 1089
724 1468
761 1385
917 1121
776 1380
743 1448
701 1567
845 1262
963 1114
937 1153
1347 881
896 1228
856 1278
794 1477
854 1356
882 1315
876 1336
992 1138
747 1612
872 1409
878 1415
866 1435
906 1362
915 1358
950 1288
919 1366
1018 1177
1037 1171
859 1513
933 1414
980 1311
888 1539
990 1305
974 1376
1062 1240
1267 1095
1083 1269
1108 1258
1055 1327
968 1518
1132 1294
1030 1436
989 1528
1064 1422
986 1543
945 1644
1137 1339
1212 1296
1152 1370
1203 1365
1002 1609
1279 1297
1211 1389
1145 1459
855 1711
1060 1579
1323 1281
1246 1406
1300 1372
1272 1419
1422 1271
1114 1602
1186 1546
1257 1490
1266 1498
1100 1665
1171 1607
1110 1678
1364 1439
1460 1337
1362 1473
1392 1493
1219 1666
1232 1662
1167 1697
1447 1469
1314 1597
1143 1703
1408 1533
1189 1696
1155 1704
1333 1629
1412 1608
1319 1683
1425 1680
