441998772 1444320462
1
sift 108
108 71
31 34
275 498
129 137
48 45
301 287
79 50
530 565
172 113
64 85
583 1049
83 80
484 1458
601 550
109 79
1031 1719
121 72
869 800
131 98
212 126
889 1098
171 154
163 177
202 247
280 238
392 217
284 262
325 269
253 413
305 336
291 402
456 295
433 368
410 423
364 469
417 445
426 431
549 388
487 426
471 434
398 560
438 504
434 577
571 437
516 502
523 518
572 494
424 742
710 425
635 493
489 718
479 753
588 619
575 661
636 595
615 642
612 695
766 525
808 519
685 705
758 610
762 663
675 811
722 761
880 608
747 772
807 763
947 699
1216 568
778 879
648 1173
990 721
844 882
727 1172
790 1075
937 880
855 1002
909 944
1039 839
1335 713
1052 887
1264 778
987 976
905 1092
792 1261
1188 858
1129 894
912 1130
1165 939
1123 983
1245 1008
1109 1157
1305 1031
1095 1272
994 1400
1339 1139
1367 1087
1248 1389
1206 1455
1333 1330
1215 1490
1150 1559
1121 1619
1350 1487
1191 1743
1148 1812
1256 1847
1312 1860
