453803718 577743018
1
sift 132
150 147
61 32
27 23
50 57
400 352
115 77
65 52
76 46
436 436
203 196
62 65
119 85
614 654
289 214
92 119
108 115
1097 891
419 246
132 97
124 108
1024 981
422 373
116 116
100 167
1493 921
541 346
138 118
191 184
572 397
219 164
277 145
557 408
225 220
254 225
869 382
261 242
234 310
782 443
356 264
338 293
992 649
363 280
403 284
1246 623
327 428
445 358
1411 586
566 383
421 528
1533 584
485 504
521 543
1225 737
642 526
617 553
1070 882
742 463
749 499
1314 777
582 651
626 632
1040 991
640 628
728 547
1381 848
583 710
765 557
1272 1167
846 527
906 509
1591 1000
740 596
710 739
1659 994
924 613
722 723
1620 1021
803 673
857 652
2460 976
684 804
806 689
2047 1528
1095 604
780 771
2122 1587
771 843
1300 581
2606 1628
1009 675
859 778
882 758
1022 705
829 864
1049 750
1124 721
1017 769
1180 726
1289 690
912 907
1480 639
1011 847
993 874
1036 918
1268 801
1218 850
1219 901
1064 997
1088 983
1326 880
1543 814
977 1169
1196 1094
1673 879
1406 1075
1629 1009
1665 1042
1767 1012
1491 1229
1521 1255
1710 1129
1597 1237
1847 1102
1738 1225
1905 1190
1348 1676
2020 1374
2061 1443
2390 1407
2121 1514
1985 1744
2315 1699
453803718 766245630
1
sift 354
168 143
137 86
22 19
54 46
38 31
34 29
400 323
161 121
58 33
179 125
50 43
53 37
423 327
203 155
63 34
213 170
62 45
47 57
436 347
289 229
68 47
342 198
92 73
72 52
482 407
419 462
88 65
411 332
100 75
108 77
434 478
603 452
101 83
638 400
138 118
118 89
1539 780
396 881
155 81
660 427
338 281
110 117
1383 1106
782 848
132 95
582 521
451 363
141 122
1538 1186
1070 893
139 134
494 631
521 421
196 112
939 1888
1087 914
191 127
611 524
485 531
233 107
1272 1062
186 139
744 483
584 546
153 167
1079 1284
174 176
726 696
626 712
205 161
1380 1095
192 205
684 814
710 641
258 163
1533 1274
241 191
904 711
676 738
254 201
1296 1464
219 246
1077 651
771 864
354 186
1589 1349
313 213
964 787
1080 826
307 239
779 2476
401 221
1267 691
1049 924
356 254
1720 1449
372 252
1482 854
1196 908
329 272
1410 2031
390 261
1276 1013
1009 1010
334 312
1943 1573
346 308
1593 1089
1036 996
363 291
1818 1862
384 328
1478 1155
1031 1139
455 266
2122 1887
499 346
1521 1402
1271 1073
443 426
2460 2272
550 364
2500 1540
1301 1160
460 418
554 386
2475 1723
1401 1132
441 504
405 666
2565 1955
1850 1082
453 603
462 594
2645 2059
1498 1358
480 587
574 492
1737 1311
673 444
608 496
1905 1333
457 687
654 479
1710 1495
601 525
639 509
1985 1859
687 474
566 599
2315 1816
649 528
652 542
2436 1774
678 540
616 611
633 602
599 684
552 723
778 573
813 562
702 640
733 607
880 555
692 690
770 649
762 656
760 659
752 661
781 645
865 622
928 596
796 685
745 715
556 979
1086 583
863 694
780 737
822 744
840 761
818 782
757 880
852 833
936 831
1139 722
1428 653
1034 793
994 835
1371 698
1000 837
888 933
1188 807
754 1114
914 956
1763 646
1780 664
1101 904
949 1025
1067 941
998 1020
971 1068
1266 886
975 1116
1142 981
1149 987
1193 963
1280 930
1008 1101
911 1235
1095 1069
947 1220
1370 928
1286 962
1467 898
1180 1046
1125 1099
1213 1035
1260 1033
1278 1024
1415 975
1525 932
1268 1111
1397 1018
969 1376
1293 1097
1486 978
2057 818
1458 1014
1378 1102
1169 1263
1313 1156
1304 1222
1294 1231
1667 989
1103 1387
995 1509
1288 1265
1597 1063
1320 1258
1600 1086
1650 1066
1374 1272
1051 1533
1185 1436
2363 873
1202 1439
1355 1366
1679 1149
1506 1277
1480 1303
2050 998
1262 1478
1876 1109
1497 1365
1147 1662
2105 1049
1407 1459
1543 1373
815 2345
1673 1317
1695 1309
2398 1012
1302 1634
1965 1184
1375 1592
1835 1276
1705 1339
985 2095
2051 1188
1439 1553
1872 1302
1437 1603
1532 1557
1714 1418
1731 1424
1502 1628
1346 1807
2053 1291
1767 1429
1373 1814
1613 1567
1616 1576
2000 1344
1475 1728
1326 1909
1524 1705
1629 1642
1847 1511
2124 1382
1860 1527
2071 1412
1567 1817
1670 1706
1696 1784
1766 1722
1639 1857
1571 1946
1601 1931
1581 1964
2396 1428
2216 1520
2096 1589
2378 1494
1833 1851
2236 1607
1806 1933
2191 1719
2490 1542
2115 1767
2293 1665
2407 1610
2217 1727
1928 1953
2028 1891
1938 1978
2473 1648
1817 2093
1749 2176
1824 2118
2174 1898
2286 1877
2422 1793
1756 2256
2386 1843
2092 2025
2384 1873
1972 2143
2130 2084
1693 2508
2172 2062
1920 2284
2104 2158
1931 2355
2309 2076
1915 2383
2449 2001
2285 2247
2288 2302
2634 1989
2181 2453
2347 2313
2381 2290
2444 2324
2314 2473
2459 2333
2418 2442
2478 2425
2510 2407
2639 2232
2551 2412
2588 2405
2485 2496
2603 2532
2527 2621
453803718 1101473849
1
sift 59
423 100
1602 307
2100 31
363 108
743 145
119 1244
436 114
2184 71
1009 360
924 167
331 384
1383 408
658 159
1625 377
428 661
652 165
2471 1067
749 163
1521 441
2447 332
1217 208
418 737
1768 422
1797 726
767 336
693 369
1629 460
2312 773
1181 278
943 346
2049 486
631 556
709 484
1847 534
1423 325
1203 499
2050 633
1651 438
2129 423
2126 663
1327 603
1927 508
2096 474
1714 576
1467 665
2530 602
1866 796
2644 613
1429 1074
1502 1057
1560 1158
2059 904
1819 1023
2152 919
1756 1140
2638 795
2598 892
2526 1217
2562 1326
453803718 1444320462
1
sift 56
2628 1640
137 99
92 71
485 565
425 401
155 64
603 546
191 85
501 673
452 377
219 126
1079 778
461 236
584 648
677 788
587 249
1982 616
443 332
1196 1054
1003 1024
454 383
1272 1049
633 312
1478 1149
1036 1162
566 439
780 357
1372 1482
1064 1243
778 372
1008 378
2414 1165
1088 1279
756 500
1103 437
1944 1682
863 502
840 609
2436 1652
1129 521
1000 695
1439 610
857 910
969 944
1180 880
1695 708
1704 716
1502 801
1506 813
1217 1017
1188 1028
2447 661
2449 1079
1543 1475
2057 1216
2648 1236
453803718 1494270653
1
sift 326
83 125
61 86
18 45
25 46
400 590
55 110
21 55
34 64
352 838
115 176
38 73
57 82
440 539
137 222
50 95
51 106
482 566
148 265
49 117
54 105
436 649
194 328
62 108
63 115
434 684
204 319
76 112
68 123
423 726
289 398
72 128
75 133
551 601
407 492
69 150
84 140
540 739
420 559
96 116
87 156
613 926
541 655
95 132
92 166
772 1091
572 735
101 149
107 148
849 1038
603 743
100 189
108 196
844 1292
782 809
116 186
119 183
1024 1439
869 817
124 199
132 192
1097 1490
962 1150
122 209
158 193
1493 1281
1107 959
138 231
188 187
1227 1714
1079 1178
166 217
156 242
1383 1837
1087 1340
174 237
179 248
1488 1892
1070 1438
192 243
162 298
2628 1757
1246 1408
186 287
205 266
1547 1118
191 318
217 273
1225 1491
213 291
196 345
1380 1378
219 302
214 334
1272 1544
278 249
241 316
1410 1479
225 341
261 324
1315 1593
234 347
252 339
1533 1596
279 313
254 361
1620 1804
258 378
271 355
1656 1808
277 371
307 369
1591 1910
378 343
314 428
1658 1852
327 435
349 425
1720 1882
323 465
338 462
1602 1968
368 437
356 474
346 496
363 471
410 421
403 436
426 422
375 519
342 593
430 528
480 480
411 577
429 576
506 490
445 563
421 761
460 619
452 700
441 741
514 598
485 695
458 771
532 640
489 752
536 691
612 630
596 677
566 709
522 781
669 616
499 819
582 786
553 840
617 815
583 859
605 849
649 808
574 950
626 872
562 999
714 749
611 911
633 875
555 1057
630 910
684 834
646 979
742 830
639 1142
737 906
759 885
653 1177
740 943
710 989
748 941
660 1191
765 917
749 949
733 958
722 974
762 942
757 945
728 985
739 1003
678 1231
903 854
789 969
771 1007
921 851
950 839
902 877
687 1219
887 903
908 894
815 997
702 1233
760 1099
696 1306
780 1123
846 1028
841 1035
890 993
914 961
829 1083
906 1022
781 1240
752 1309
766 1301
984 964
778 1267
744 1386
777 1289
924 1051
812 1245
857 1159
838 1212
1119 899
756 1429
990 1060
965 1158
1008 1127
793 1583
1156 1054
1022 1215
1029 1207
996 1285
1116 1145
817 1642
1100 1181
1009 1293
1000 1333
1017 1275
1011 1319
1142 1160
1184 1121
909 1520
1095 1235
1299 1029
1396 963
1036 1347
1132 1211
993 1443
1066 1312
1223 1141
1149 1255
1205 1209
1190 1228
1064 1418
1049 1433
1251 1190
1170 1268
862 1754
1124 1353
1238 1248
1273 1214
1139 1399
1088 1451
1180 1346
929 1730
1165 1410
1020 1564
1034 1566
856 1900
1358 1205
1313 1298
1081 1609
1363 1302
1219 1495
1423 1260
1289 1444
1268 1508
1194 1611
1673 1109
1349 1474
1196 1700
1130 1809
1480 1427
1252 1719
1693 1221
1407 1537
1326 1636
1277 1718
1266 1734
1549 1452
1286 1740
1516 1494
1509 1509
1921 1133
1691 1359
1484 1567
1440 1627
1324 1784
1532 1616
1378 1801
1502 1676
1470 1711
1521 1662
1491 1705
1543 1673
1730 1484
1618 1604
1447 1821
1403 1931
1498 1814
1581 1761
2178 1297
1497 1873
1506 1881
1697 1692
1869 1556
1629 1812
1714 1778
1704 1858
1731 1839
1710 1925
2123 1626
1769 1946
2505 1547
2201 1799
2309 1766
2000 1951
2177 1935
2428 1826
2417 1901
2046 1972
453803718 1541257274
1
sift 84
125 229
148 298
38 93
53 77
423 544
204 345
63 99
58 104
432 815
289 462
50 123
62 126
939 1304
419 739
66 150
93 198
2193 985
541 835
118 149
101 258
110 230
132 206
156 180
138 317
162 327
186 275
196 256
191 302
227 219
213 320
205 350
241 366
219 596
307 491
354 412
342 493
338 586
390 444
349 558
356 546
346 594
329 627
372 528
410 655
1264 334
452 757
480 817
500 828
673 629
769 598
503 904
521 901
485 1165
605 873
554 1009
566 1082
736 707
608 1020
584 1155
626 1058
594 1202
574 1299
582 1315
790 914
710 1238
762 1130
898 910
781 1141
761 1286
852 1151
822 1236
866 1226
986 1216
1428 818
1033 1186
1077 1283
1170 1160
1193 1239
1260 1181
1397 1230
1415 1210
1714 1298
1661 1335
2029 1350
453803718 1718489166
1
sift 74
1493 975
148 259
32 33
402 404
69 58
2038 1360
420 829
67 100
586 719
109 84
478 652
159 209
1594 1180
191 193
870 1310
198 200
201 186
1420 1138
209 230
235 253
1380 1437
245 270
273 282
1967 1124
342 269
448 244
1720 1752
335 373
341 398
1943 1617
438 448
617 377
2529 1769
736 354
626 421
554 504
538 536
480 720
584 674
1022 470
485 944
993 594
1036 625
818 782
866 811
1219 619
899 869
986 841
1044 852
910 988
938 1055
1061 1063
1110 1069
1142 1134
1281 1057
1223 1111
1276 1098
1482 978
1593 992
964 1581
1498 1176
1750 1087
1735 1109
1214 1776
1301 1688
1695 1341
2476 997
1802 1337
1746 1537
2342 1462
2565 1425
2500 1591
2645 1567
2468 1831
453803718 1795513753
1
sift 53
125 96
148 145
62 34
52 41
423 247
478 395
67 79
111 128
2308 1037
420 557
191 107
198 149
1380 909
205 142
209 173
1594 1010
242 162
235 199
1943 1176
342 130
245 213
307 209
380 256
341 309
448 235
335 338
439 357
592 313
438 411
538 544
584 534
936 424
705 592
910 722
1593 567
938 847
1223 716
1061 876
1301 768
1110 867
1196 866
1281 1022
1695 844
1214 1141
1440 1114
2565 752
2500 930
2342 1092
2449 1157
2022 1401
2407 1373
2496 1360
2330 1548
453803718 1816125058
1
sift 355
150 349
61 142
5 22
8 24
255 559
115 230
20 40
18 48
312 464
148 284
22 52
32 44
400 765
184 361
37 45
25 80
423 869
194 417
34 95
38 98
436 896
203 597
64 76
57 113
434 1041
289 548
50 128
47 132
482 893
291 573
70 91
63 130
540 1279
377 815
62 149
54 164
615 1375
419 800
65 154
69 158
844 1485
398 1123
68 168
72 165
435 885
73 173
76 169
541 975
84 167
106 161
572 1033
131 144
92 216
568 1137
96 204
87 256
603 1079
104 219
107 231
597 1116
108 229
110 243
557 1272
127 241
152 203
580 1233
149 208
132 240
869 1315
187 198
156 239
782 1624
138 281
181 226
963 1591
158 270
141 296
167 276
207 222
198 227
179 271
160 303
186 305
185 337
193 321
196 310
191 332
164 432
174 412
183 402
192 383
171 465
222 272
205 351
248 277
235 283
215 319
188 484
213 362
245 291
234 328
261 318
231 373
237 380
273 312
221 439
214 495
252 390
241 405
268 335
243 423
219 478
296 327
292 340
258 440
306 329
232 538
321 336
324 372
290 476
332 382
277 534
287 528
345 408
365 398
293 541
341 458
307 566
300 624
386 426
334 555
314 635
327 613
323 639
344 563
385 486
375 520
342 612
338 637
346 619
329 678
356 661
368 651
363 668
372 644
404 546
390 586
384 626
448 510
438 544
403 646
379 737
326 1165
453 564
371 917
492 540
465 595
470 614
591 518
525 582
504 604
411 808
429 763
450 732
441 749
458 718
515 659
508 675
513 671
578 628
446 783
538 665
536 674
443 839
452 830
520 700
457 847
460 827
467 831
468 850
497 771
474 913
506 883
489 989
679 699
430 1556
499 983
485 1080
521 999
532 1015
587 941
675 779
570 1053
566 1059
610 972
669 859
553 1172
730 781
547 1219
588 1091
616 1060
583 1154
747 792
827 743
608 1113
631 1057
554 1318
574 1288
494 1647
611 1173
652 1062
617 1183
612 1217
582 1416
630 1215
654 1157
843 813
648 1208
626 1280
633 1245
802 873
930 780
619 1409
660 1251
895 846
824 933
639 1502
676 1311
814 1000
793 1052
899 946
980 878
850 1042
678 1491
910 962
687 1480
940 959
710 1405
737 1313
709 1459
742 1346
982 979
717 1465
762 1303
778 1292
728 1439
875 1112
744 1429
822 1231
812 1252
733 1475
803 1296
756 1424
2658 543
759 1472
781 1402
760 1488
856 1259
777 1464
765 1511
863 1248
771 1509
757 1550
753 1557
722 1648
1112 987
780 1525
1061 1032
749 1621
1159 969
862 1359
1093 1040
1259 906
851 1396
786 1597
866 1454
837 1526
1264 944
840 1549
1143 1055
842 1558
857 1552
1110 1105
887 1514
880 1555
902 1563
871 1640
936 1521
928 1554
1236 1092
1198 1125
1185 1156
922 1637
984 1529
1085 1320
1290 1077
1147 1236
1281 1100
1257 1127
904 1694
1437 996
986 1589
890 1719
1387 1086
1000 1668
1356 1148
1375 1144
1130 1476
1341 1216
1302 1269
1391 1166
1384 1188
1323 1267
1084 1661
1044 1706
1394 1266
1260 1479
1193 1583
1067 1714
1168 1680
1188 1697
1611 1161
1427 1410
1408 1504
1371 1564
1349 1594
1426 1484
1495 1386
1554 1340
1531 1431
1617 1362
1612 1411
1555 1508
1735 1282
1613 1432
1567 1568
1557 1613
1782 1374
1663 1609
1962 1284
1816 1452
2184 1181
1690 1626
1422 1727
1746 1616
1743 1644
2064 1356
1851 1617
1865 1660
1846 1684
1903 1658
2016 1559
1936 1710
1852 1723
2563 1350
453803718 1866976262
1
sift 81
423 240
204 118
53 68
927 1368
148 234
191 158
1625 1763
597 306
342 220
420 743
313 269
808 555
325 386
577 1106
617 329
1591 731
626 360
1420 1118
736 332
1775 764
609 383
1380 1532
554 458
2606 1495
830 388
2529 1916
771 412
866 394
710 455
584 575
812 441
1022 401
640 599
480 1074
993 539
1301 479
1036 542
519 1150
1219 507
692 796
715 825
1033 593
768 797
1287 594
1267 642
1401 627
986 929
1019 1095
1650 723
1738 710
1196 1073
1922 712
1223 1105
1142 1317
1593 976
964 1684
1051 1521
1486 1120
1661 1018
1398 1311
1197 1520
2476 855
1695 1321
2051 1098
1965 1175
2096 1152
1579 1565
2011 1250
2290 1114
1684 1761
1860 1611
1506 2120
2053 1501
2181 1603
1563 2158
2238 1698
2386 1594
2407 1657
2565 1578
2551 1642
2500 1695
453803718 2121696221
1
sift 106
849 1114
148 228
38 69
63 74
1493 1461
204 264
62 87
54 109
2628 1357
289 382
69 88
72 91
419 621
76 110
92 149
541 683
110 189
156 158
598 1085
196 191
213 202
1071 1279
174 268
191 261
1079 1627
158 359
205 289
1225 1641
215 353
307 361
1380 1472
329 360
342 378
1410 1696
349 385
338 419
1720 1773
346 430
410 461
429 518
403 594
452 531
480 532
460 652
499 589
521 715
554 688
584 773
605 762
566 833
599 820
493 1094
660 785
630 846
582 999
626 1014
684 883
633 1038
793 754
710 905
762 840
1119 659
781 979
777 1069
822 1235
880 1170
907 1241
1130 998
1415 812
1313 895
1260 945
1193 1016
994 1236
1036 1210
1237 1053
857 1571
754 1794
975 1647
1142 1362
1125 1378
1370 1158
1100 1444
1180 1351
1223 1347
1268 1343
1276 1332
1170 1570
1165 1681
1372 1398
1196 1636
1301 1502
1509 1303
1348 1534
1482 1418
1219 1768
1501 1439
1593 1445
1650 1532
1750 1505
1491 1802
1682 1654
1695 1675
1731 1687
1693 1750
2324 1494
2396 1820
