461490285 1117478728
1
sift 64
507 471
176 193
768 744
217 249
658 1001
257 247
854 815
264 307
880 881
273 350
1087 1145
299 378
935 1135
348 385
344 497
1078 1417
358 482
405 557
514 435
421 544
569 409
486 492
394 728
466 724
605 592
585 709
644 683
639 702
597 795
677 719
595 928
538 1159
676 800
729 777
699 879
737 907
754 954
660 1230
886 897
802 1072
883 970
705 1348
925 940
745 1268
793 1195
870 1063
799 1241
856 1212
843 1276
910 1243
985 1122
922 1290
915 1314
988 1217
917 1398
1109 1107
1173 1023
972 1316
1045 1258
1094 1184
1082 1283
1090 1318
1201 1303
1206 1387
461490285 1259837869
1
sift 142
72 55
57 74
239 222
126 118
103 78
136 145
439 442
147 110
158 138
178 176
685 913
159 187
176 161
300 151
725 1146
184 206
190 185
273 283
747 1149
227 188
201 237
380 272
784 1153
228 239
215 301
347 347
851 1336
249 286
251 292
385 424
897 1271
263 311
264 316
399 481
992 1154
269 359
254 427
515 567
873 1349
328 313
309 340
666 824
876 1340
299 366
319 345
737 884
917 1314
292 389
377 318
689 999
980 1531
289 464
297 538
901 1393
358 533
355 542
885 1520
394 521
382 541
966 1372
392 532
436 595
1144 1729
466 640
464 869
577 723
521 835
511 891
520 848
653 620
549 811
471 1036
639 747
636 776
585 924
600 939
597 1002
644 911
566 1141
562 1168
576 1122
654 1016
638 1049
605 1156
620 1132
660 1080
645 1191
619 1287
679 1069
708 1006
673 1112
667 1226
682 1189
677 1209
652 1367
705 1174
706 1176
692 1218
733 1127
746 1111
753 1134
676 1363
681 1365
749 1217
760 1246
690 1613
731 1458
780 1346
750 1467
843 1373
888 1305
860 1353
893 1318
910 1303
745 1727
714 1912
809 1511
934 1273
796 1658
801 1662
948 1338
837 1588
793 1772
802 1775
761 1968
821 1768
845 1704
807 1846
928 1506
947 1488
875 1699
858 1793
884 1750
883 1784
1040 1616
1090 1607
1030 1936
1110 1837
1178 1690
1127 1917
1207 1739
1081 2068
461490285 1474642507
1
sift 53
555 724
78 38
178 118
167 146
176 128
217 122
184 196
205 201
249 223
203 238
273 259
307 296
264 271
299 345
309 451
312 715
358 567
577 810
421 800
464 849
597 860
393 1248
466 877
685 820
585 827
644 933
736 842
605 1063
677 1099
708 1069
646 1340
737 1030
799 1107
676 1371
653 1694
705 1535
681 1480
690 1523
885 1221
667 1717
750 1592
843 1388
796 1710
745 1941
917 1742
883 1552
925 1410
966 1778
802 1874
795 1897
948 1885
1090 1958
1188 1879
