485519614 704502137
1
sift 79
135 350
249 286
1057 933
435 310
285 409
456 651
1214 1077
462 415
366 857
574 1164
1770 2125
916 936
1964 686
615 1515
1603 794
1260 990
1003 1216
1682 813
1895 841
426 2864
1944 1040
704 1955
665 2098
2137 1333
1032 1590
656 2643
1860 1669
779 2285
1133 1755
2328 1492
1479 1525
1290 1754
1936 1807
913 2243
711 2817
1954 2046
777 2658
734 3069
2253 1974
1348 2013
958 2533
1481 3478
1098 2346
1748 1751
790 3265
1707 1868
1935 1799
1456 2235
1857 1925
1624 2314
969 3545
2035 2226
1474 2785
1589 2700
1413 3016
2121 2326
973 4162
1267 3424
1447 3178
1341 3391
1840 2674
1754 2755
1439 3346
2206 2443
1649 3225
1644 3306
1939 3140
2204 2899
1499 4039
2268 3260
2050 3550
1482 4659
2073 3704
1672 4472
1720 4577
2210 3786
2199 4036
2022 4571
2048 4613
485519614 771224007
1
sift 64
150 264
135 838
194 577
263 667
717 476
731 497
748 563
494 764
694 619
1164 566
505 1086
833 722
445 1545
1089 675
2353 501
1120 752
1174 728
611 1319
702 1190
603 1393
1622 652
787 1104
1421 734
842 1118
678 1435
703 1565
651 1746
850 1415
1101 1151
566 2358
647 2179
2208 835
2189 859
2101 911
893 1665
896 1713
1273 1370
1576 1139
1487 1234
1277 1450
1555 1210
1276 1477
1188 1584
1687 1357
1717 1421
1843 1384
1212 1913
1642 1548
973 2504
2309 1244
1227 2195
1217 2236
2139 1456
1506 1861
1286 2273
1940 1615
2008 1596
1533 2209
1516 2405
2216 1730
2307 1744
2247 1848
1997 2146
2227 2265
485519614 983357929
1
sift 134
137 58
135 160
142 198
125 279
247 309
366 244
850 186
532 252
494 261
350 310
591 273
574 301
916 259
509 342
446 416
1201 270
647 385
626 395
543 437
691 388
1002 340
684 432
1533 324
725 467
388 789
389 801
1514 336
1364 357
1874 317
497 660
685 532
1007 441
612 603
1154 455
1132 466
1479 422
704 654
1949 397
627 787
690 739
809 669
733 730
1639 468
607 878
1066 602
1098 607
1861 476
513 1218
2024 470
1534 537
944 709
1636 528
665 986
2174 463
789 824
1290 619
1954 533
1500 599
1587 588
1769 573
777 1036
1133 769
1026 835
602 1353
958 887
874 963
886 984
1474 690
819 1084
1013 924
913 1031
1912 623
1413 762
2198 591
1752 706
1245 940
1794 736
1151 1058
1444 876
1624 852
1707 837
1747 826
984 1339
1941 862
1496 1062
1914 892
1456 1108
1370 1167
841 1677
1649 1037
1499 1110
1297 1316
2151 888
1450 1283
2206 960
2177 977
1146 1551
1939 1088
1720 1206
1666 1238
1770 1195
1447 1445
1028 1890
1586 1402
1482 1697
2050 1394
1599 1695
1572 1776
1433 2078
1614 1879
1723 1797
1697 1822
2366 1318
2143 1638
1714 2008
2199 1883
1885 2214
1441 2799
1743 2412
2260 1991
2072 2178
1669 2509
2204 2086
2117 2207
1519 2888
2116 2282
2209 2260
1960 2560
1832 2751
1896 2779
2022 2837
2019 2911
1647 3384
1778 3242
485519614 1059548076
1
sift 116
135 59
125 116
366 96
247 150
350 121
582 106
400 128
532 130
916 132
610 175
446 234
691 190
260 394
647 207
1003 168
590 237
626 242
725 241
684 256
1032 229
719 263
497 363
1007 255
685 321
974 266
541 400
612 353
496 442
1132 267
1098 280
627 396
711 357
632 399
937 308
809 334
690 390
639 415
944 336
1290 297
1534 277
1639 273
1861 271
1954 293
2024 295
1500 339
733 549
1266 384
958 501
874 530
886 538
913 532
1026 515
1151 478
1413 434
1794 388
1912 375
1245 516
1358 497
1496 465
1748 429
1444 490
1752 430
1439 522
1914 443
1745 479
513 1161
1977 458
634 969
1370 571
777 833
1138 680
779 963
1707 590
1499 635
1666 622
1146 801
1473 685
1589 658
1939 608
1450 723
1315 789
2151 605
747 1259
1456 760
1297 849
2049 657
1599 874
1459 941
1340 1028
1255 1075
1638 925
1720 958
1697 982
1079 1475
1652 1058
2143 924
1672 1174
1441 1651
2022 1399
2260 1276
2199 1309
2120 1369
1743 1590
1669 1649
2204 1363
1714 1657
2116 1482
1885 1699
2272 1524
2019 1919
2170 2181
1951 2806
2291 2643
1790 3927
2332 3073
2082 3593
485519614 1159701109
1
sift 117
24 18
56 62
33 26
29 31
30 37
141 267
46 39
49 47
79 86
261 239
61 51
72 61
120 120
199 305
89 80
128 153
140 156
267 261
143 145
166 148
187 171
336 316
202 159
190 167
225 211
370 309
186 176
205 165
191 255
707 397
201 182
244 180
438 281
587 540
222 196
258 190
545 283
714 520
316 184
344 188
399 366
895 618
364 181
280 223
536 341
1209 716
405 178
321 209
487 414
343 202
353 226
517 402
402 216
313 247
709 365
327 251
375 233
817 623
522 215
410 245
1326 854
466 234
416 269
511 262
525 263
504 275
618 257
601 323
763 317
744 327
708 351
1043 328
595 441
800 372
811 378
813 386
929 370
926 391
1153 368
1051 384
1019 400
1001 409
1190 388
1030 423
1293 389
1095 420
1141 419
1117 474
1300 464
1256 511
917 669
2074 434
1620 499
1452 608
2107 493
1819 538
2064 528
1740 613
2127 526
1930 607
2021 591
2087 593
2115 615
2300 571
1777 728
1688 759
2258 601
2112 641
2192 621
2123 654
2083 674
2197 686
2288 668
2316 682
1982 809
2187 801
2302 775
485519614 1216237916
1
sift 80
8 34
77 138
124 242
122 253
125 281
162 278
161 318
148 370
193 305
206 338
200 360
172 582
181 652
194 574
253 430
247 518
208 665
223 690
294 466
293 475
245 706
335 444
237 815
246 799
345 452
277 710
347 554
257 1161
314 742
352 726
396 639
410 610
344 831
435 608
462 592
394 792
386 901
365 1094
387 1051
333 1633
466 934
385 1628
528 988
495 1063
427 1464
550 915
470 1184
578 876
632 837
508 1282
497 1387
529 1294
541 1295
667 963
526 1381
847 767
590 1264
608 1227
606 1296
561 1527
602 1368
694 1181
618 1639
684 1444
665 1542
691 1457
837 1185
647 1822
971 1078
851 1780
883 1751
900 1715
928 1668
965 1727
1079 1721
1056 1845
1197 1757
1151 1846
1321 1821
2109 1841
485519614 1261438133
1
sift 270
88 46
1574 1318
134 56
125 76
162 84
1881 1275
158 113
207 101
208 125
2062 1472
443 618
246 141
289 132
2315 1730
938 1100
224 173
304 144
1816 815
247 176
248 190
1121 1084
257 184
260 185
1588 1051
326 188
266 243
2195 1107
291 226
373 195
2122 1193
286 249
365 224
383 225
523 193
347 265
419 256
295 344
386 279
389 282
432 273
433 272
435 277
454 276
421 318
452 321
568 278
445 337
556 284
605 274
451 338
392 400
427 388
579 319
496 399
519 406
627 352
780 329
497 436
561 431
440 526
632 412
651 421
552 475
750 414
625 484
596 503
572 529
515 553
586 522
850 453
634 540
630 552
880 523
815 546
724 639
974 539
890 558
819 591
624 784
902 578
798 638
891 595
799 664
695 774
812 656
997 579
747 747
883 678
1382 537
956 667
821 745
928 687
1084 625
916 700
995 672
757 822
1201 611
1109 655
1113 657
806 829
861 823
1197 665
977 775
1393 617
1414 607
1108 735
1310 684
1070 777
893 883
1350 710
1057 845
1369 718
988 875
946 907
1321 761
888 944
1168 824
1217 809
1135 851
1601 686
1971 622
1065 909
1289 841
1324 842
1266 890
1510 810
1189 929
993 1055
966 1072
1042 1039
1364 895
1112 1002
1884 750
1439 893
1286 957
1736 812
934 1226
1292 980
1403 939
1679 859
1806 848
1535 908
1920 817
1470 936
1215 1074
1165 1130
1206 1116
1397 999
1883 854
1238 1115
1699 900
1436 1007
1415 1022
1496 1005
1565 983
1422 1059
1482 1029
1536 1000
1191 1267
1122 1329
1533 1043
1395 1133
1758 968
1297 1228
1456 1120
1484 1101
1480 1129
1808 985
1493 1131
1905 970
1471 1166
1379 1242
1636 1128
1769 1064
1712 1086
1519 1192
1753 1090
1669 1152
1682 1165
1822 1119
1715 1168
1860 1102
1773 1149
1710 1182
1872 1124
1615 1259
1639 1248
1949 1141
2083 1083
1944 1154
2202 1041
2172 1053
1895 1191
1792 1257
1775 1265
2142 1095
1351 1618
1852 1249
1334 1649
1964 1208
1592 1409
1743 1324
1517 1485
2095 1174
2036 1200
1520 1538
2071 1222
1498 1597
1878 1351
1604 1542
1646 1506
1744 1453
1434 1701
1657 1569
2196 1252
1653 1582
2113 1333
2110 1347
2069 1408
1711 1635
1889 1537
2089 1433
2060 1468
2226 1363
1946 1560
1855 1632
2328 1321
2331 1340
2222 1413
1683 1743
2120 1495
1941 1629
2104 1520
1714 1757
1597 1835
2105 1543
2278 1429
1965 1648
2219 1467
1871 1699
2205 1516
2300 1470
2091 1656
2077 1693
2121 1694
1900 1836
1891 1865
1797 1952
2217 1712
2096 1820
2228 1755
2012 1907
2149 1821
2283 1770
1907 2028
1677 2318
2019 2051
2190 1913
2082 2048
2230 1936
2362 1740
2367 1708
1951 2455
2263 2152
2326 2111
2321 2151
2332 2287
2166 2896
2305 2953
2361 4675
485519614 2048594538
1
sift 67
46 46
119 98
154 91
134 128
218 253
321 229
563 286
694 336
436 460
547 438
443 556
611 479
441 740
962 449
665 695
1173 495
593 877
763 774
686 888
948 683
1204 610
877 855
852 1018
1545 645
841 1198
1098 963
1310 918
973 1200
862 1406
1133 1112
928 1445
806 1641
1267 1141
2290 788
1931 913
1300 1285
1406 1347
1243 1553
1439 1363
832 2296
1138 1691
1997 1089
1118 1899
1343 1625
1315 1668
1341 1673
1370 1693
1589 1507
1696 1542
1441 1770
1573 1759
1860 1582
2024 1584
1558 2060
1816 1827
1604 2313
1720 2169
1743 2145
1834 2138
1774 2318
1990 2202
2151 2046
2048 2305
2050 2322
2122 2265
2205 2526
2346 2517
485519614 2075366909
1
sift 239
184 106
260 181
247 197
398 144
368 153
299 180
272 211
345 173
292 203
266 308
348 283
1265 159
435 275
467 274
622 234
463 289
465 295
510 279
432 312
549 277
403 356
683 285
551 309
758 290
574 334
493 385
751 300
627 325
503 393
633 327
516 394
476 421
632 336
497 434
561 454
586 471
495 543
670 460
768 409
509 618
597 553
1163 359
572 599
858 436
630 579
590 615
1107 406
634 633
607 659
879 529
837 554
494 981
832 653
702 743
1205 539
844 673
927 639
978 627
1192 565
861 695
933 658
965 648
647 880
951 683
883 714
767 793
819 749
1004 688
690 903
928 721
850 767
1110 700
1481 593
1151 696
725 951
685 992
981 754
805 890
979 764
899 819
932 800
807 916
913 847
1466 642
1159 737
875 910
977 853
986 868
1698 646
916 977
942 974
1609 715
1446 760
1066 946
1405 827
1419 826
984 1040
1353 885
958 1086
1491 843
1596 796
1355 929
1236 978
1098 1043
1607 834
886 1198
1165 1049
1540 897
1002 1162
1701 878
1050 1159
841 1420
1274 1070
1690 924
1459 1018
2186 810
1664 972
1684 964
1926 911
1903 918
1978 915
1581 1038
1026 1406
2028 922
969 1483
1674 1013
1206 1250
1498 1089
2044 956
1524 1107
1556 1099
1479 1126
1393 1183
2042 984
1377 1232
1124 1459
1999 998
1255 1349
1724 1083
2037 1010
1970 1034
1290 1364
2098 999
1963 1051
1238 1441
1488 1305
1673 1187
1416 1421
1483 1429
2207 1095
1793 1235
1735 1275
1572 1424
2102 1163
1879 1260
1456 1600
1587 1497
2016 1240
1944 1280
1519 1582
1584 1534
1499 1608
1436 1678
2238 1180
1761 1456
2034 1315
1482 1687
1770 1488
1597 1616
1652 1570
1669 1564
1500 1711
1697 1625
1624 1675
1657 1682
1513 1810
1941 1536
1643 1756
1855 1637
1370 1987
1450 1918
2271 1404
1749 1728
1965 1605
1639 1816
1992 1603
1533 1891
1748 1767
1743 1814
1861 1758
1646 1883
1589 1923
2252 1553
2161 1623
2024 1787
2340 1515
2006 1806
1496 2114
1914 1858
2046 1801
2291 1649
2117 1817
2180 1793
2120 1849
1889 1955
2012 1927
1576 2311
1858 2086
2206 1900
1714 2245
1461 2565
2359 1747
1871 2147
1951 2128
1745 2324
1885 2190
1520 2616
1752 2360
2019 2153
1913 2264
2067 2164
2366 1870
1441 2959
2048 2352
2228 2152
1794 2602
1672 2716
2116 2320
2149 2428
2263 2367
2326 2268
1924 2715
2199 2446
1778 2869
2361 2242
2096 2812
1751 3207
2205 2748
2151 2896
