537605326 1259837869
1
sift 56
143 257
307 424
409 442
232 373
273 345
407 481
532 913
314 542
441 541
645 824
601 1131
376 848
425 682
616 1146
464 835
477 811
656 1154
405 1122
473 879
640 1271
516 942
511 1016
709 1149
508 1128
499 1218
630 1584
539 1020
564 1049
678 1570
546 1189
526 1246
769 1340
628 1006
583 1191
705 1531
579 1226
612 1111
760 2039
629 1490
696 1273
650 1495
605 1793
623 1772
691 1488
692 1877
725 1699
792 1476
776 1553
830 1588
781 1946
777 2040
946 1936
1046 1836
1094 1788
1053 2061
1080 2063
537605326 1846734614
1
sift 156
87 67
95 70
112 134
746 1765
117 78
160 114
129 146
207 109
192 135
143 145
132 214
216 130
156 187
193 224
240 177
227 208
249 181
266 170
253 260
263 225
273 215
289 219
232 298
276 254
228 321
256 273
322 252
234 324
237 423
313 427
244 458
284 509
367 419
314 433
411 412
351 603
292 725
371 595
441 518
369 616
381 650
431 580
376 677
438 604
425 692
434 625
423 669
477 600
405 901
421 795
464 730
400 949
398 1005
507 709
511 675
516 696
472 818
473 851
483 801
522 861
424 1031
583 680
552 834
543 768
461 1118
584 845
452 1206
521 905
628 799
526 921
546 885
564 974
498 1094
585 887
704 969
567 1088
632 971
691 1033
496 1653
652 1040
653 1144
685 1096
664 1152
649 1263
703 1186
618 1375
687 1326
774 1175
629 1618
658 1553
643 1721
729 1339
671 1647
651 1754
862 1188
696 1689
608 2132
692 1651
726 1917
776 1406
725 1569
946 1357
672 1839
757 1488
791 1683
714 1730
623 2353
830 1556
686 1904
665 2166
777 1724
804 1655
882 1491
1061 1258
789 1885
1013 1335
710 2106
886 1674
781 1968
836 1845
707 2377
953 1615
901 1777
788 2309
817 1992
962 1743
980 1825
889 1928
993 1732
883 2105
907 1902
802 2228
806 2397
1069 1632
866 2059
954 1980
939 1937
798 2394
926 2123
810 2310
921 2138
904 2605
894 2242
1079 1855
997 2581
1094 1850
903 2370
999 2595
979 2250
919 2445
1052 2482
1045 2118
986 2422
888 2709
988 2663
984 2681
