577743018 766245630
1
sift 67
57 43
865 332
65 45
97 95
119 73
651 521
118 118
121 97
137 185
804 814
196 155
164 246
190 177
408 415
264 254
280 291
505 350
246 462
333 425
543 421
383 599
503 530
655 485
771 737
707 490
709 546
784 771
632 712
738 642
604 1069
787 724
890 719
584 1274
887 773
675 1010
726 1046
750 924
981 867
720 1099
790 1158
917 997
880 1168
901 1079
1094 908
814 1373
869 1208
1005 1215
1141 964
1247 931
1190 1333
1017 1203
1012 1429
1225 1310
1050 1522
1009 1642
1304 1299
1102 1511
1128 1496
1392 1584
1296 2005
1429 1637
1587 1887
1728 1648
1699 1816
1744 1859
1632 2045
1561 2345
577743018 1494270653
1
sift 170
32 86
45 83
57 95
65 108
77 176
85 183
107 156
97 192
122 151
108 199
116 186
115 196
131 188
118 231
167 189
163 249
161 287
151 344
158 330
164 302
173 290
192 310
197 319
220 341
233 333
242 324
195 433
214 398
231 368
260 325
313 276
286 378
290 386
284 436
264 474
280 471
292 463
347 428
320 496
302 574
329 539
428 435
358 563
331 640
401 512
346 644
360 710
362 749
399 654
383 709
409 733
382 817
435 648
475 619
437 714
511 598
440 735
425 805
442 810
503 694
395 1166
462 831
517 752
514 758
531 741
528 761
544 781
499 923
552 816
525 879
527 881
433 1305
682 679
560 826
657 712
506 1002
478 1104
509 1022
562 907
557 917
547 985
596 943
692 780
587 957
632 872
580 1029
455 1601
728 803
655 928
589 1111
613 1051
709 858
707 910
637 1063
573 1288
564 1376
604 1235
804 834
648 1143
652 1159
636 1208
722 975
585 1479
808 891
738 990
793 912
623 1408
693 1178
855 899
831 929
730 1096
591 1620
675 1293
802 978
843 1007
705 1332
677 1427
690 1444
720 1354
736 1330
863 1084
683 1568
887 1060
871 1163
898 1091
749 1434
927 1072
848 1379
800 1507
776 1593
1033 1042
874 1443
918 1347
934 1381
890 1489
814 1673
978 1268
901 1495
1248 935
1059 1211
969 1423
880 1636
963 1456
997 1418
983 1451
1138 1174
1004 1656
958 1767
1005 1675
1074 1590
1177 1436
1007 1817
1009 1812
1021 1804
994 1902
1094 1700
1160 1606
1146 1655
1180 1645
1072 1858
1255 1662
1229 1705
1198 1779
1128 1926
1193 1816
1306 1719
1333 1762
1164 1971
1695 1432
1438 1897
577743018 1499966861
1
sift 90
32 31
65 84
35 37
107 176
54 83
115 114
77 58
177 220
81 71
121 110
146 166
173 244
147 169
190 221
197 230
204 249
231 258
504 724
406 349
360 354
380 390
526 719
547 592
425 508
470 465
596 838
558 617
473 532
627 454
688 786
562 753
694 587
622 676
569 1345
748 654
1043 547
703 711
802 1048
675 803
617 961
647 975
710 1324
749 906
430 1877
897 833
917 1203
990 761
625 1200
790 940
1037 1149
1001 918
668 1167
858 1008
911 1539
921 1104
931 955
673 1371
997 1431
1007 1085
860 1125
989 1005
1364 1604
825 1334
658 1615
1013 1131
1123 2041
1042 1157
1392 828
1055 1117
1518 2073
1198 1064
808 1603
1190 1099
1005 1303
1176 1265
1128 1174
1102 1236
958 2368
880 1717
1251 1292
1474 1800
1288 1331
1470 1231
1637 1718
1277 1737
1472 1444
1480 2382
1528 1456
1341 2004
1307 2417
577743018 1816125058
1
sift 51
32 142
45 170
57 128
52 154
65 149
76 130
91 167
77 230
81 266
97 240
100 243
119 216
137 401
147 349
188 321
184 332
192 377
197 374
242 318
214 548
246 800
284 646
280 668
292 636
333 840
362 1299
408 892
383 1059
401 1027
436 896
382 1315
409 1273
505 885
503 1081
605 850
543 999
462 1347
526 1276
552 1182
581 1152
557 1511
632 1280
709 1155
654 1376
673 1296
707 1215
652 1552
662 1591
738 1404
722 1649
1240 1555
577743018 2121696221
1
sift 58
32 99
46 110
65 87
142 246
145 300
151 374
197 264
158 413
166 388
292 420
333 1004
396 712
362 962
426 628
608 483
383 833
470 590
409 853
504 698
464 786
543 715
483 903
581 1018
709 773
776 772
739 905
648 1168
804 883
909 799
586 1697
689 1275
1034 781
652 1571
726 1351
720 1378
718 1433
801 1343
736 1642
918 1210
791 1507
1177 828
890 1281
753 1698
1311 986
1011 1529
1240 1170
1072 1509
1141 1394
1094 1636
1343 1332
1198 1689
1279 1672
1229 1802
1388 1569
1377 1713
1510 1726
1676 1534
1478 1811
