669291969 1114184231
1
sift 99
193 218
17 13
492 583
34 22
574 649
175 189
313 359
682 668
227 553
291 399
920 762
365 334
328 391
681 1042
324 514
350 435
712 1068
392 404
452 372
785 1262
402 450
453 471
1019 1067
467 467
458 489
1069 1043
419 578
446 543
1102 1528
483 531
491 574
450 773
465 749
567 634
623 601
573 671
592 655
562 694
545 731
554 792
602 718
696 625
599 764
634 735
719 720
588 940
660 830
700 854
654 938
754 826
727 871
607 1119
775 852
747 895
662 1104
837 909
800 978
895 913
781 1054
892 945
742 1236
1075 887
914 995
1153 874
765 1320
755 1399
1042 961
910 1093
935 1078
983 1025
768 1481
1112 983
995 1086
808 1462
971 1165
1038 1148
909 1377
1052 1175
968 1287
1029 1243
1083 1195
1164 1121
1093 1212
899 1471
974 1376
1012 1355
1031 1326
1277 1050
1251 1098
1182 1220
1018 1437
1173 1303
1006 1504
1139 1414
1229 1299
1195 1396
1203 1401
1072 1542
1288 1464
669291969 1969897084
1
sift 98
193 222
57 51
276 321
88 54
294 294
157 146
682 578
181 167
712 672
216 207
920 691
227 204
849 727
360 268
392 315
1101 984
402 303
386 368
411 351
454 353
419 408
409 438
450 414
546 372
537 385
543 446
757 380
516 487
567 461
562 465
612 444
598 488
573 508
623 482
613 541
659 538
756 516
883 464
666 630
662 636
640 682
731 609
747 611
800 592
750 628
748 646
765 627
968 539
768 669
810 635
837 644
751 736
967 591
735 796
965 605
910 632
775 765
889 667
838 706
875 693
654 1012
868 720
983 663
879 744
836 808
909 741
1029 701
970 751
957 768
1112 707
935 833
1075 754
1024 787
1017 804
973 839
1038 805
1181 717
1042 820
1135 777
895 942
1203 742
1071 836
1307 647
1023 891
1229 781
1164 835
1286 718
1220 865
1173 924
1226 898
1251 925
1288 934
1257 982
1241 998
1283 965
1211 1022
1237 1020
1308 971
