674892340 1114184231
1
sift 62
197 936
35 35
92 118
69 160
81 148
131 183
96 171
104 213
192 217
113 301
137 238
147 338
138 333
205 303
200 321
181 411
194 350
238 282
202 617
190 387
241 425
243 545
217 509
221 533
286 811
220 556
249 498
354 656
292 402
301 437
325 791
312 494
288 608
347 798
348 490
330 549
342 872
386 474
376 768
370 820
445 712
598 641
395 926
442 906
440 954
392 1146
448 974
432 1201
460 970
462 1022
529 957
437 1169
472 1472
623 997
489 1417
639 963
548 1321
557 1345
564 1356
506 1520
615 1498
752 1392
