675634977 1101473849
1
sift 56
1327 630
284 762
107 57
310 116
357 1400
154 444
1100 820
934 613
363 115
150 675
1175 332
265 214
1569 761
1406 417
213 369
607 184
2023 620
377 159
1508 904
479 199
597 211
498 191
1835 957
313 425
1172 310
322 879
651 333
975 486
470 556
392 866
1021 710
404 941
823 389
2024 971
884 373
978 443
2122 1085
985 545
1335 411
862 644
888 658
650 1053
1207 541
1707 407
894 854
1371 555
1425 795
1751 660
1500 845
2009 799
1812 964
2077 909
2044 949
2096 1106
2049 1141
2175 1048
675634977 1444320462
1
sift 55
1185 1318
604 900
51 55
1195 889
1109 536
202 148
1221 1332
1265 1024
137 366
1785 1414
2009 750
370 260
1606 1652
395 265
1751 1186
419 259
2025 1643
457 295
482 308
607 328
958 425
724 516
1929 301
833 513
1047 445
1043 470
862 705
793 829
1103 687
916 820
1219 773
1156 839
1098 947
1167 920
1447 952
1711 835
1159 1158
1334 1189
1270 1255
2056 893
1964 938
1990 994
2097 1033
1588 1290
2017 1146
1806 1317
2086 1286
2049 1307
2024 1330
1556 1735
2094 1439
2035 1535
2124 1499
2019 1597
1967 1728
675634977 1481597607
1
sift 59
668 147
192 328
92 103
487 1666
2077 81
46 1472
1221 1397
1082 133
260 252
973 1707
265 394
213 1054
536 516
313 392
375 379
380 2351
549 605
377 671
387 620
483 1597
571 618
599 404
607 447
447 2644
781 577
531 641
858 371
557 2214
903 652
465 901
479 1098
579 2267
934 1155
520 970
854 704
595 2549
1369 755
885 874
930 841
1251 1282
1267 1163
644 2230
965 1506
1764 1091
1706 1406
978 1610
823 2202
1827 2669
2101 1185
985 1750
1371 1407
1418 1352
1309 1543
2133 1247
1993 1540
1707 2093
1711 2122
1675 2392
1850 2488
675634977 2030751971
1
sift 126
35 128
12 47
33 66
31 81
48 136
97 258
55 104
40 123
53 113
60 146
289 675
63 175
62 199
103 253
72 197
362 877
84 188
91 239
121 306
83 248
657 1204
116 284
100 289
127 331
118 313
751 1373
125 356
122 406
162 456
148 312
902 1400
138 418
137 375
179 430
124 494
157 415
132 471
185 605
170 309
161 460
153 425
226 469
142 550
174 463
150 505
196 697
184 626
193 558
178 664
211 672
224 521
283 477
195 698
235 764
198 723
327 591
212 650
238 841
218 987
270 851
268 647
279 689
260 825
368 760
256 882
278 729
262 903
371 844
265 908
351 1025
287 735
384 1036
277 909
374 1118
267 1075
406 1066
297 941
445 1293
302 927
403 1252
324 887
515 1039
316 963
444 1139
323 974
513 1245
296 1241
450 1283
310 1307
617 1010
340 1113
452 1347
369 981
551 1406
377 1159
468 1319
457 858
777 1122
387 1176
579 1015
414 1147
743 1246
411 1260
534 1369
396 1377
658 1514
428 1435
556 1323
454 1375
771 1392
514 1117
536 1459
465 1461
458 1475
546 1439
471 1440
435 1519
626 1483
500 1277
508 1486
664 1419
667 1317
684 1498
912 1416
1195 1288
1805 911
