676757260 705256877
1
sift 108
87 89
95 107
133 188
209 231
228 292
257 388
302 461
309 460
264 636
343 528
342 542
287 752
345 620
371 499
403 724
462 613
417 719
471 671
446 840
487 765
457 914
469 901
488 932
511 865
475 975
541 947
560 937
547 1052
545 1168
640 845
575 1129
566 1153
622 957
530 1306
578 1158
583 1205
670 963
645 1039
597 1251
701 980
647 1163
570 1441
612 1383
675 1314
652 1394
665 1350
626 1470
706 1286
686 1376
801 1206
690 1479
784 1324
720 1488
740 1564
1016 1146
729 1827
776 1662
773 1721
824 1586
746 1916
879 1507
778 1800
902 1493
884 1565
768 2013
810 1904
877 1718
912 1712
834 1950
851 1935
929 1749
850 2047
932 1851
925 1884
944 1955
897 2118
1065 1705
972 2036
1104 1801
931 2236
1198 1685
997 2157
1033 2088
959 2311
1026 2168
1034 2178
1039 2176
963 2389
971 2408
1069 2260
1055 2400
1142 2298
1468 1839
1225 2256
1351 2102
1212 2340
1238 2322
1309 2233
1386 2131
1583 1849
1172 2412
1345 2293
1339 2305
1264 2377
1144 2425
1630 1971
1584 2096
1589 2286
676757260 1889038201
1
sift 72
86 126
28 21
27 44
223 417
73 80
87 87
273 410
95 97
180 122
306 401
118 269
295 129
339 512
153 234
170 219
473 457
184 253
233 216
507 521
400 178
211 304
501 572
269 249
221 302
576 580
246 301
282 288
684 641
268 312
442 248
714 706
307 327
654 209
285 361
471 375
379 451
408 456
530 383
361 558
484 495
570 507
650 475
556 630
735 516
554 737
1256 425
764 544
891 500
729 589
861 622
965 585
935 626
862 663
931 638
1024 599
1072 667
1033 738
982 770
1104 718
1175 679
1088 730
1130 743
1419 669
1583 686
1343 787
1194 893
1401 854
1272 972
1504 878
1501 905
1394 962
1555 948
676757260 2025875319
1
sift 75
86 140
27 46
95 109
502 663
87 169
148 177
576 836
209 183
153 276
714 651
269 287
268 339
684 1019
279 349
285 359
781 1131
287 379
509 327
324 534
462 390
654 326
471 397
431 424
379 500
457 469
547 486
530 526
484 591
622 476
577 536
647 482
441 811
607 553
581 629
600 609
650 557
570 670
740 587
621 710
652 693
524 985
717 655
746 672
840 616
799 661
735 718
752 781
861 732
729 942
802 825
878 772
862 826
834 884
965 778
997 743
970 774
931 829
1039 750
935 843
898 914
963 905
990 882
1104 855
941 1017
1072 891
1209 928
1024 1129
1174 1082
1386 972
1178 1102
1414 998
1283 1112
1504 1091
1600 1075
1614 1096
