704502137 705256877
1
sift 112
755 2017
10 80
50 208
64 283
70 346
75 291
72 349
88 399
84 478
120 257
94 531
92 571
101 567
125 523
139 574
147 526
199 350
134 772
149 735
173 598
221 390
165 941
196 643
171 897
186 904
229 534
207 828
214 852
232 846
216 1263
258 857
245 1074
305 768
299 792
276 1154
373 728
351 810
252 1621
362 952
358 971
285 1574
314 1312
298 1452
306 1569
393 949
304 1660
312 1590
313 1781
387 1216
343 1548
658 508
467 894
364 2064
390 1633
383 1869
375 2221
506 997
500 1138
391 2226
421 1879
430 1830
426 1949
424 2019
474 1443
490 1596
484 1768
452 2287
492 1846
579 1447
580 1471
504 2161
636 1347
532 2060
606 1589
732 1065
687 1355
594 1991
610 2218
668 1750
727 1542
670 2027
697 1924
700 2018
768 1532
699 2145
797 1780
851 1655
756 2255
780 2126
931 1665
810 2329
928 1937
1034 1700
960 2085
1083 1699
1051 1883
1014 2356
1045 2343
1198 1690
1159 1907
1450 1675
1369 2084
1742 1493
1656 1668
1548 1874
1568 1947
1628 1972
1612 2077
1843 1688
1862 1842
1992 2340
2437 1724
704502137 983357929
1
sift 246
515 141
3374 2195
275 123
415 153
652 211
3838 3473
310 194
424 167
705 247
634 182
513 237
1061 219
566 228
680 204
975 276
573 263
859 213
755 349
762 260
596 318
1318 270
839 288
1026 296
1216 339
572 516
1291 281
1280 357
787 501
954 438
1562 471
1123 394
1405 336
1428 582
1332 373
965 485
2427 468
990 499
1232 427
1954 655
1583 384
1040 522
2482 553
1143 480
1175 505
2614 528
1413 469
1319 506
2272 624
1352 554
1286 610
1868 837
1387 594
2281 436
2870 625
1746 535
1148 912
2314 852
2028 556
1478 689
2203 950
1382 829
1361 891
1907 1143
2353 568
2678 518
2349 971
2029 652
1823 713
2443 960
1790 740
2057 679
2235 1108
2230 641
2261 638
3446 900
1560 907
2201 662
2674 1159
1809 790
2341 633
3501 892
2159 682
1985 737
3225 1037
1943 770
2012 743
3148 1072
2638 596
1520 1020
2985 1130
1609 1087
1698 1051
3180 1221
1692 1053
2092 839
3523 1182
1584 1157
2234 795
4349 988
1610 1168
2095 923
2226 2013
2462 777
2287 846
3358 1426
2128 917
1736 1201
3484 1415
1858 1136
2420 854
4108 1246
3087 702
2166 1023
3532 1473
1829 1225
2052 1090
4554 1252
2312 1109
2428 1086
4496 1293
2577 1026
2251 1178
4237 1389
2799 967
2881 962
4740 1288
2781 1010
3317 850
3649 1624
2675 1061
1734 1691
4910 1312
1914 1521
1842 1605
3816 2120
2974 995
1993 1592
4449 1855
2329 1359
3377 953
4680 1809
2441 1346
3288 1044
4553 1920
2560 1323
3041 1139
4350 2046
3339 1065
2862 1220
4699 2127
3336 1079
1903 1975
4400 2756
2245 1643
2931 1271
2769 1367
2908 1305
2229 1707
3737 1050
3367 1156
2938 1343
3175 1248
2925 1356
3232 1277
3412 1219
2733 1516
2975 1461
3718 1211
2786 1581
2160 2135
3850 1184
2180 2201
4151 1205
3211 1561
3685 1383
3332 1533
3626 1425
4809 1117
3640 1474
3171 1708
3399 1604
3647 1490
3348 1644
2734 2034
3560 1572
2846 1990
3349 1698
3393 1678
2570 2269
3669 1579
3638 1623
3335 1785
4476 1374
3183 1896
2433 2585
3859 1661
3074 2153
3525 1833
3398 1927
3020 2241
3932 1719
2424 3039
2668 2741
4842 1598
4711 1658
4357 1790
4418 1786
3117 2596
4688 1705
4671 1742
3728 2202
3257 2527
4183 1970
3490 2389
4136 2031
4362 1957
4259 2027
3168 2776
2722 3333
3692 2367
3660 2399
4035 2263
4087 2286
4196 2320
4072 2388
3990 2465
4697 2231
3939 2686
3616 3038
3804 2868
4004 2818
4402 2592
4283 2781
4668 2525
4025 3074
4368 2832
4277 2958
4410 2875
4769 2702
4629 3020
4152 3381
4308 3355
4938 2866
4888 3054
4916 3262
4894 3406
704502137 1059548076
1
sift 202
515 71
424 85
680 91
857 96
566 99
634 101
1061 103
366 200
588 188
755 197
936 132
762 181
1216 168
531 269
859 193
975 222
839 225
572 536
1590 229
965 378
1291 299
1634 345
906 439
1413 296
2427 273
771 557
1387 328
2346 280
1137 463
1693 333
1751 429
2046 293
1276 472
2272 376
1233 504
977 759
2614 365
2028 386
973 770
2060 530
2353 341
1479 524
1868 590
1141 783
1741 547
2764 431
1524 618
2029 514
2870 450
1182 826
2230 473
3016 434
2057 518
1733 600
2790 505
1356 732
2159 511
2860 539
1912 566
2341 487
2203 656
1149 978
2261 529
3246 510
1980 597
2162 579
4349 576
3276 416
1700 764
3466 772
1882 681
2234 612
3484 890
1221 1107
1683 871
4117 774
1834 788
1793 832
4108 775
2052 767
1943 875
4237 805
2415 684
1711 1069
3506 957
2127 869
3087 630
4740 786
2251 837
2577 730
4304 886
1595 1252
2609 757
4680 810
2781 731
2420 859
4496 894
3377 637
2881 716
4296 1245
2765 761
2675 796
4553 1218
1941 1121
2799 778
4350 1312
2749 806
3626 643
3649 1622
2974 802
2633 927
4449 2090
1937 1380
1842 1488
4169 2388
3339 811
1588 1744
3393 866
2862 1023
3367 901
2413 1234
2552 1192
3560 906
3288 1026
3317 1024
4417 840
2824 1251
1871 2054
3336 1110
3041 1265
3432 1183
3211 1286
2180 1951
3332 1269
3060 1392
2160 2076
4371 1041
2468 1796
2975 1547
4922 965
2487 1927
4037 1196
3454 1404
4181 1198
3525 1428
3669 1388
2706 1855
3348 1531
3614 1431
2845 1898
3032 1780
4336 1279
2834 1936
4451 1253
3331 1680
3399 1653
3859 1471
2610 2215
3138 1809
3850 1487
3482 1683
4842 1227
3638 1637
2813 2174
4183 1495
2432 2683
2735 2363
3408 1878
3685 1821
3932 1716
2585 2720
3660 1948
3656 1949
3692 1944
3366 2173
3490 2091
4711 1559
3394 2183
3996 1860
4894 1664
4688 1783
5004 1704
4107 2234
3702 2511
3352 2832
3461 2770
3512 2782
3255 3063
4196 2356
4490 2458
4102 2637
4777 2286
3943 2783
5023 1979
2722 4371
4144 2944
4511 2750
4614 2780
4988 2966
4268 3814
4410 3706
4602 3968
704502137 1081171077
1
sift 447
147 54
145 55
186 86
222 90
310 87
370 81
339 84
148 210
314 104
367 110
390 126
512 120
573 113
362 175
431 176
553 156
421 191
731 132
596 154
610 159
464 180
511 173
505 195
484 212
414 273
562 211
349 338
866 157
449 283
242 593
567 252
667 238
607 259
696 233
630 266
558 314
716 247
691 263
1232 168
965 208
807 228
340 616
990 215
919 226
787 292
1128 231
813 311
918 290
783 321
1011 274
1136 248
908 313
841 320
656 443
778 383
1069 315
594 556
1142 303
452 749
1166 310
546 650
426 838
891 392
906 389
1040 344
1342 316
1121 359
1028 402
1276 326
1101 364
1012 423
1220 348
853 513
1234 384
1503 371
1343 431
1140 502
1027 549
1079 532
1172 510
1392 449
1081 564
816 693
1005 605
1361 473
1523 435
1823 386
1174 550
1478 461
1609 455
1560 465
1451 496
1388 518
1640 490
1793 452
1741 468
1112 653
698 1061
1066 698
1756 485
1509 529
1733 495
720 1042
1440 554
1248 622
1350 586
890 837
1912 481
1684 522
1376 600
2012 463
1499 572
1964 487
1716 540
1115 745
1126 750
1257 687
1789 546
1222 712
2047 511
2018 519
1241 723
1454 644
1817 561
1300 709
2015 537
756 1216
1090 845
1566 651
1870 582
1736 617
1812 611
1700 658
1943 596
1809 632
1685 665
1698 677
1702 696
1657 726
1522 759
2022 633
1734 706
1584 753
1829 701
1719 744
1485 812
1941 688
1317 909
2765 544
2166 640
938 1330
1618 797
1602 824
2577 590
2246 649
1981 719
2184 669
1921 741
2141 683
1840 786
1514 893
900 1536
1858 791
1948 768
1958 770
2016 755
1041 1387
2413 671
2749 615
1701 862
2170 740
880 1648
1937 819
2128 776
2066 804
1414 1093
913 1694
2367 743
1816 904
1145 1397
2541 714
2209 794
1502 1072
2105 840
2254 801
2319 796
2330 792
1871 965
2264 831
1054 1677
2441 814
1993 964
2206 880
1344 1392
3061 716
2824 760
2468 827
2329 861
3041 739
2592 815
1718 1173
2562 836
2410 876
2938 778
2279 926
2081 1013
1914 1086
1891 1104
2467 889
2080 1044
2492 882
1553 1391
2224 1006
1595 1385
2053 1091
1177 1764
2451 951
2340 1009
1951 1192
1385 1585
2332 1035
2511 978
2102 1149
1245 1827
2356 1054
2249 1105
2247 1109
3127 855
2069 1205
3331 832
2582 1007
3333 847
2168 1187
1620 1550
2798 963
2758 977
2733 979
2662 1018
2701 999
3110 906
3245 884
3674 825
2384 1150
3227 907
3257 910
3335 892
2600 1099
2573 1116
2545 1142
1302 2044
3055 995
3373 921
2857 1057
2317 1278
2868 1065
3491 925
3332 975
2335 1303
3399 967
3348 981
3527 942
3241 1012
3640 924
3182 1040
2739 1171
3394 1000
1464 2014
3032 1111
2735 1200
3179 1088
2813 1206
2829 1204
2804 1217
2650 1292
2552 1350
3230 1102
2887 1203
3142 1146
3638 1015
2426 1415
3141 1148
2585 1367
2744 1309
3074 1201
3019 1221
1658 2051
3092 1213
3412 1133
3252 1179
2971 1293
3138 1243
3525 1130
1432 2418
3515 1162
2189 1688
3381 1214
3213 1277
2708 1453
2846 1416
2067 1842
3063 1373
3703 1163
2465 1590
3203 1340
3255 1328
3503 1259
2430 1644
1791 2215
3490 1274
3461 1281
4182 1112
3058 1427
1670 2392
4614 1070
3090 1450
3145 1435
4688 1058
3285 1412
3433 1362
3407 1374
4259 1151
3855 1234
3547 1345
2570 1681
2803 1584
3692 1299
3091 1499
2668 1654
3656 1329
3488 1395
3329 1436
2885 1579
3958 1255
3996 1247
3512 1400
4102 1224
3240 1489
4017 1260
4107 1242
4432 1180
4144 1245
4311 1219
4220 1250
4490 1186
2193 2088
1666 2748
4355 1225
3427 1474
3937 1365
3028 1632
3101 1610
2004 2389
3233 1592
3627 1483
1865 2600
4071 1376
3168 1630
3480 1546
3217 1618
4154 1377
3249 1612
2912 1760
3575 1533
4835 1246
3301 1637
2913 1818
1849 2825
2292 2269
3826 1518
3352 1696
4072 1490
4025 1500
3939 1524
3314 1732
4894 1317
3185 1801
2788 2026
4042 1532
3578 1656
5003 1266
2339 2366
3507 1697
3944 1594
4357 1525
3534 1773
3078 2010
3815 1673
3973 1625
2897 2139
2470 2431
3785 1752
4938 1470
2400 2644
3633 1889
3960 1750
2485 2621
4646 1603
4145 1731
4230 1722
4317 1703
4426 1674
4402 1687
4308 1719
3929 1830
4649 1660
4916 1581
4713 1639
3741 1977
3998 1879
4786 1650
4374 1785
4410 1774
4511 1765
4439 1790
2741 2721
4280 1897
3907 2024
4974 1662
2935 2652
4563 1869
4597 1851
4354 1950
2510 3141
4667 1858
2939 2757
4864 1819
4445 1992
4686 1912
4113 2123
4642 1947
4277 2111
4914 1873
3903 2260
4846 1918
3821 2341
4560 2189
4559 2190
4546 2193
4750 2188
4440 2514
4995 2228
4890 2345
4927 2334
4984 2411
4763 2616
5032 2297
4574 2851
704502137 1261438133
1
sift 239
1562 1621
933 845
70 328
391 3252
145 256
2235 1120
1239 832
110 519
1148 2472
139 414
2326 1694
2124 1227
147 397
814 4676
310 277
2226 2196
3441 2561
235 578
1325 3893
339 537
3358 2066
3376 2630
314 595
1903 3761
573 389
3532 2122
3598 2671
483 735
2487 4329
401 1041
3816 3354
4645 3953
512 761
634 607
4137 3265
511 814
389 1406
4046 4538
306 2504
753 641
484 1163
439 1451
553 1016
626 926
572 1119
531 1263
731 859
610 1214
431 2130
683 1202
686 1208
682 1518
813 1165
631 1912
841 1191
562 2539
860 1298
771 1579
990 1194
965 1247
1040 1154
695 2192
919 1498
1028 1360
509 4507
1340 1073
787 2220
789 2244
1233 1396
952 2036
1074 1789
973 1993
1382 1249
1669 1102
908 2619
1069 2034
907 2646
1492 1321
1343 1619
1629 1316
891 2972
1021 2499
783 3661
1291 1759
1121 2113
917 2926
1462 1508
1517 1482
843 3433
1166 2191
1192 2144
1012 2923
1172 2238
1221 2165
1234 2173
1418 1871
1376 1978
1352 2078
1259 2459
1136 2903
1503 1902
2281 1234
1356 2254
1783 1685
1610 1968
2162 1432
1142 3262
1922 1707
1277 2870
1220 3053
1101 3697
1509 2243
1337 2758
1807 1893
1513 2311
1368 2719
1439 2597
1757 2045
1479 2520
1829 2074
1524 2640
1692 2519
1522 2833
1454 3073
1478 3024
2150 1946
2092 2087
2058 2154
1733 2784
1940 2394
1812 2665
1985 2354
2480 1800
1716 2920
1674 3032
1640 3126
1602 3212
1870 2695
1834 2819
2159 2207
2200 2188
1591 3437
1793 2966
1711 3179
1741 3129
2515 1913
1618 3562
1736 3249
1745 3335
1595 3842
2184 2577
1700 3644
1941 3035
1589 4031
1921 3229
2638 2136
2499 2312
2137 2973
2021 3197
1734 4063
2971 1987
1871 3702
1902 3626
2384 2687
2956 2052
2081 3254
1719 4446
1790 4215
2415 2929
1842 4319
1824 4423
1859 4344
1981 3997
2015 4024
2441 3062
2523 2986
2560 3012
2340 3386
2859 2706
2016 4510
2170 4068
2413 3522
2209 4086
2931 2835
2248 3952
2151 4270
2716 3072
2592 3270
3174 2743
2167 4500
2121 4672
2786 3383
3055 3128
2749 3555
2279 4605
3211 3086
2381 4546
2609 4155
2675 4124
2766 4002
2691 4272
2794 4141
2803 4202
3041 3766
3454 3203
2733 4351
2862 4331
2619 4686
3175 3839
2706 4650
3110 4093
3142 4013
2739 4636
3398 3650
3339 3750
3182 4035
3524 3472
4027 3005
3396 3718
2813 4663
3515 3788
3349 4195
2868 4743
3718 3757
3659 3858
3845 3685
3638 4056
3578 4260
3990 3729
3245 4712
4004 3903
4277 3730
4167 3919
3957 4359
3939 4477
4922 3465
4418 4349
4087 4696
4697 4533
704502137 1481597607
1
sift 267
43 2306
33 742
3 21
9 76
288 624
17 61
50 143
326 656
64 240
70 257
347 907
75 265
71 325
356 1250
79 316
92 367
412 1014
96 317
94 385
473 805
108 318
120 331
486 991
110 383
134 313
493 1034
145 364
149 352
515 1137
123 496
139 437
550 1353
147 486
163 464
624 1206
191 355
152 551
587 1420
177 429
143 702
653 1279
181 442
178 477
585 1629
199 495
194 576
664 1565
193 599
196 629
766 1244
182 771
146 1507
976 1225
184 809
216 553
857 1748
197 767
207 626
767 2211
221 557
222 596
987 1618
214 773
229 686
875 2073
232 696
247 644
1061 2052
275 606
251 785
974 2389
227 998
258 775
1100 2066
259 812
297 705
1540 2212
282 832
305 861
1890 2594
285 968
299 896
310 866
339 848
325 898
314 984
366 824
298 1275
362 925
360 952
373 935
370 939
306 1287
387 850
358 996
386 903
351 1108
345 1149
364 1332
393 1128
432 930
424 1000
415 1052
383 1434
430 1044
431 1103
398 1455
410 1368
443 1178
467 1146
408 1628
429 1472
500 1093
591 879
444 1433
484 1190
483 1256
531 1129
466 1414
522 1167
451 1559
506 1272
452 1608
459 1587
513 1307
535 1217
512 1321
474 1575
511 1542
519 1524
566 1360
439 2181
497 1664
563 1395
658 1094
572 1413
480 1799
570 1485
632 1266
528 1633
553 1613
616 1361
649 1262
580 1531
634 1346
596 1478
722 1032
657 1288
525 1793
578 1661
548 1816
676 1297
516 2026
659 1400
532 1945
562 1815
598 1679
619 1611
688 1367
551 2032
568 1994
607 1840
627 1757
732 1309
567 2173
635 1902
631 1942
611 2110
681 1682
668 1807
639 1985
613 2334
686 1831
633 2223
694 1835
869 1180
667 2022
700 1853
697 1882
768 1522
670 2139
714 1823
731 1745
735 1842
795 1585
677 2417
771 1765
730 2101
716 2215
756 1899
734 2076
902 1470
719 2310
762 2003
1049 1318
712 2560
939 1556
787 1984
813 1890
774 2201
754 2335
769 2228
844 1935
931 1714
779 2385
1038 1555
797 2222
808 2189
747 2645
851 2063
886 1975
930 1824
846 2176
860 2120
810 2343
839 2293
1029 1809
928 2108
965 2013
897 2311
841 2544
1036 1883
961 2124
908 2358
952 2207
979 2134
986 2131
918 2411
943 2322
973 2264
889 2627
904 2585
954 2439
990 2315
1034 2168
959 2416
1025 2319
932 2626
1014 2403
1106 2001
1094 2096
1083 2172
1117 2014
1011 2504
1075 2266
1051 2393
1074 2572
1601 1488
1278 1938
1174 2254
1159 2325
1309 1915
1198 2435
1229 2331
1204 2481
1225 2552
1501 1857
1234 2602
1369 2577
1342 2650
1267 2675
1447 2575
1548 2387
1656 2395
1814 2378
1742 2588
2389 1906
704502137 1564394763
1
sift 107
286 1109
20 357
94 440
147 591
341 1354
163 659
186 535
409 1002
181 675
196 610
445 1337
229 583
197 826
555 1436
285 674
276 720
587 1598
258 796
314 669
705 1816
272 923
264 1110
840 1866
275 1059
343 863
307 1113
393 825
367 961
339 1157
383 992
360 1114
375 1064
306 1538
358 1244
391 1191
389 1205
470 1015
467 1034
449 1313
506 1098
505 1108
414 1746
481 1300
525 1236
580 1076
500 1370
558 1160
471 1451
519 1415
480 1662
590 1367
512 1661
567 1475
509 1693
606 1374
638 1292
620 1356
561 1637
559 1655
627 1437
573 1709
566 1840
630 1578
534 2052
668 1464
551 2109
619 1917
635 2126
700 1731
656 2208
717 1828
678 2138
731 1898
774 1707
721 2101
780 1744
797 1656
856 1798
841 1827
842 1834
1006 1503
813 2019
851 1904
773 2264
889 1833
809 2120
862 2001
864 2048
960 1824
992 1768
891 2094
859 2236
1034 1755
837 2282
919 2169
963 2074
937 2193
984 2071
1047 1897
1008 2038
1055 1905
977 2184
1145 1849
1109 2110
1105 2176
1221 2163
1156 2269
704502137 1593085527
1
sift 67
286 741
88 726
145 598
288 780
139 730
147 705
326 768
163 898
178 924
347 954
194 839
181 941
350 948
196 1238
214 1199
409 1159
208 1577
253 962
445 976
229 1377
260 1092
487 863
275 1028
258 1142
494 995
310 867
285 1002
550 1312
297 975
251 1334
651 1016
314 1132
300 1324
628 1432
339 1099
299 1401
705 1503
276 1669
306 1445
766 1391
305 1597
387 1042
1061 1155
312 1630
394 1154
373 1483
383 1359
415 1100
386 1475
390 1458
367 1748
466 949
393 1538
424 1273
422 1384
431 1790
512 1453
484 1703
566 1504
540 1643
619 1393
553 1782
573 1762
588 1730
649 1536
634 1784
731 1755
704502137 1887534972
1
sift 293
140 54
310 72
367 86
314 96
325 150
596 112
148 396
390 148
443 147
731 145
431 234
464 217
548 191
208 585
276 470
562 259
289 573
607 275
245 848
716 270
1040 223
919 243
807 267
242 1098
787 288
1223 218
391 694
917 298
891 309
1113 291
841 355
1069 311
856 359
908 357
1121 336
1220 326
1101 363
842 424
1333 332
470 882
1012 415
1234 386
952 473
594 838
1141 439
1509 388
569 1003
1221 475
556 1208
1361 468
1148 607
1560 447
1584 451
1870 414
1388 523
1511 509
1829 435
546 1473
1716 474
1027 766
2022 446
1809 511
1079 769
1440 651
1736 602
1817 598
1618 642
1921 579
1241 782
1812 626
932 1128
1941 617
2066 601
1657 689
1685 684
1570 742
1034 1110
1602 747
2786 515
2515 566
2016 661
2523 580
1719 760
1350 936
847 1477
1937 708
1711 797
773 1750
2384 640
1588 890
1587 898
782 1818
832 1713
1948 785
1595 964
1958 813
1842 873
2367 711
2592 671
1002 1609
2141 833
2170 829
992 1755
1105 1540
2340 786
2511 752
880 2057
2264 852
2562 758
2279 880
1064 1854
2734 790
2330 910
1009 2042
3227 716
2074 1027
2381 906
2746 808
3257 734
1914 1113
2206 1010
2468 927
3398 733
2451 948
1381 1582
2069 1120
2250 1072
2868 886
1104 2118
913 2643
3183 836
1076 2239
2492 1017
1282 1840
2465 1049
1527 1605
2332 1121
3249 874
3527 827
3074 929
2739 1019
3127 935
2319 1191
2896 1001
1054 2678
1082 2640
1336 2047
3138 976
1110 2595
3032 1016
2662 1127
2180 1361
2246 1358
2487 1286
2257 1382
2923 1148
3366 1048
2834 1170
2610 1268
3256 1090
2552 1337
1680 1997
1177 2837
2600 1352
1328 2611
2804 1299
2813 1323
3063 1249
2845 1324
4311 982
2432 1519
2803 1354
1611 2290
4107 1041
3285 1230
2424 1577
3442 1189
3230 1285
3407 1240
3255 1296
3547 1207
1938 2062
4017 1124
1996 2064
4144 1126
1712 2490
3512 1289
2829 1572
2569 1736
3203 1449
4072 1221
4145 1206
3907 1257
2581 1792
2722 1718
3141 1525
2668 1758
1767 2687
3488 1447
1646 2905
2008 2418
2798 1759
3362 1556
3213 1681
3944 1406
3117 1740
1620 3240
3702 1500
3703 1505
3575 1555
1730 3084
4277 1374
4154 1404
3433 1654
3958 1472
1658 3431
2189 2574
3855 1547
3427 1747
3973 1536
4426 1421
4782 1355
4211 1491
3987 1558
3815 1620
4916 1430
4354 1613
3330 2009
3616 1848
2178 2986
2043 3262
1586 4158
3507 2014
4357 1732
2193 3126
2253 3037
2019 3567
4170 1853
2991 2501
3998 1921
4597 1789
3804 2048
4649 1777
4147 1942
4786 1763
4439 1916
2875 2821
4646 1878
3293 2545
4064 2092
4410 2005
2339 3561
2388 3605
3779 2313
4667 2019
2292 3886
2296 3917
4374 2231
4445 2207
2725 3427
3619 2670
4474 2238
3137 3051
4914 2074
2907 3458
4504 2330
4507 2348
4890 2180
3185 3265
4751 2308
2998 3550
4422 2540
4673 2417
4559 2491
4341 2601
4317 2626
3065 3644
4642 2550
3247 3596
3963 2971
3078 3980
4802 2683
3821 3338
3176 4086
4995 2624
4974 2706
5032 2473
4847 2831
4927 2935
4753 3058
4819 3114
4353 4104
4588 4147
704502137 2048594538
1
sift 163
288 290
2124 1920
181 327
147 756
286 365
2477 2392
297 361
486 219
628 216
275 547
549 248
766 239
345 647
412 549
740 413
339 783
314 923
857 377
424 658
387 925
652 636
394 958
367 1148
1017 460
513 865
551 852
974 499
566 892
511 1071
1655 353
512 1102
619 882
975 640
634 1154
950 726
1061 798
762 1119
588 1962
1778 484
686 2008
1739 508
1363 673
731 1950
1360 728
2338 479
866 1476
1280 907
1659 686
906 1722
1216 961
1318 941
910 1879
1153 1336
1820 816
990 1807
2098 695
1424 1034
1406 1135
1410 1145
1869 863
930 2477
2086 772
2104 808
1128 2092
1755 1112
1467 1349
1413 1583
1590 1295
1743 1162
1669 1582
1615 1304
2373 837
1517 1862
2505 875
1751 1383
1412 2397
1539 1595
2311 957
1756 1836
2346 963
2530 915
1786 2267
2073 1235
1827 1482
1882 2180
2602 959
2013 1392
1984 2257
1562 1942
2191 1272
2057 2439
2320 1294
2695 1068
2162 2395
2235 1403
2645 1133
2462 2107
2482 1256
2532 1279
2414 2194
3437 945
2116 1688
2352 2328
2863 1209
1907 2064
2637 2268
1925 2099
2825 1278
3263 2057
2258 1692
3681 962
3093 1257
2700 1507
3424 1141
2427 1726
2848 1472
2272 1984
2929 1501
3289 1316
3318 1375
2493 1918
3346 1363
2614 1854
2790 1723
2664 1884
3465 1437
2599 2047
2763 1925
4162 1200
2877 1937
3225 1678
2443 2498
3391 1673
4223 1328
3140 1934
2539 2535
2870 2282
3122 2054
3283 1997
3464 1897
3501 1891
3776 1735
3107 2312
3303 2162
3148 2317
3178 2413
3511 2127
3446 2223
4069 1909
4591 1693
3550 2322
4115 1971
4375 2040
4734 1959
4226 2236
4577 2169
4622 2252
4613 2305
4689 2251
4449 2445
4822 2311
4854 2443
5029 2459
704502137 2075366909
1
sift 224
1631 947
3376 2913
145 319
474 2300
194 467
193 273
2235 1600
163 365
627 2559
314 874
178 361
2314 1675
300 271
808 3272
1101 3698
310 275
2443 1900
196 597
1142 3481
258 484
2349 2188
373 329
1478 4046
229 724
2240 2542
305 594
1741 3525
351 499
2226 3069
299 646
1733 3648
360 600
3532 2249
432 452
2749 4363
393 562
2870 3135
529 398
500 442
3180 3048
358 781
506 642
3484 3362
573 578
518 669
3816 3085
579 639
734 795
3548 4141
687 926
851 701
4740 3423
563 1253
668 1051
4171 4039
580 1479
930 860
4350 4305
1568 531
731 1195
777 1111
813 1097
686 1602
959 999
1051 958
700 1646
879 1186
990 1216
897 1542
1040 1280
797 1805
841 1708
1028 1369
1159 1153
1014 1500
1319 1082
1048 1482
860 1859
1030 1556
809 1953
1006 1614
780 2247
889 1942
1728 962
1629 1039
1418 1190
1504 1132
1086 1804
1838 1005
948 2369
1354 1535
1333 1611
1883 1154
984 2620
1448 1622
944 2752
1357 1792
2070 1125
1291 1936
1265 1990
1337 1908
1009 2798
2729 983
2934 944
1045 2873
1940 1418
3190 915
1304 2135
1146 2568
2216 1225
1172 2702
1445 2129
1509 2095
1970 1698
1990 1723
1763 1937
1332 2628
1784 1961
1533 2259
1352 2640
2088 1729
1584 2329
1506 2435
1329 2902
1873 2076
1894 2062
1240 3316
2890 1386
1200 3752
1878 2414
3521 1254
1979 2339
1497 3072
1870 2608
1938 2521
1829 2822
3420 1516
1760 2980
1503 3494
2527 2034
3253 1663
2151 2485
1806 3103
2348 2388
2520 2204
2434 2334
2988 1933
3558 1681
2546 2282
1933 3183
2359 2598
1854 3411
2384 2588
1581 4319
2691 2387
1981 3379
2312 2838
2229 2935
1798 3921
2090 3202
1952 3583
2843 2439
1812 4185
2523 2813
1937 3993
3911 1888
2514 2878
4677 1715
2322 3347
2020 4206
3017 2618
2592 3009
3447 2308
2931 2738
2138 3963
2266 3600
4891 1761
2187 3862
2759 3047
2626 3242
2413 3644
4494 2036
3268 2810
3257 2834
2687 3446
2436 3987
3142 3001
2727 3867
3071 3517
2786 3980
3398 3329
4020 2924
4391 2740
3585 3449
4798 2722
3041 4465
3951 3345
4727 2874
3361 4213
3295 4383
4106 3344
3468 4161
4618 3092
4505 3210
3833 3810
4297 3438
3756 4096
4087 3695
3850 3984
4072 3784
3577 4512
4164 3811
3782 4267
4406 3568
3578 4555
4426 3639
4167 3938
4301 3853
4518 3613
4025 4175
4141 4580
4684 4395
4772 4558
5013 4551
