705256877 771224007
1
sift 54
412 186
579 193
392 262
372 329
345 460
478 417
1167 368
1001 405
472 636
1038 434
1175 423
2063 367
1615 392
1258 471
1063 502
399 1025
1136 689
1087 730
1730 602
1068 766
1369 658
2365 549
1968 594
1465 677
1761 691
1933 688
2103 692
2367 676
1119 1225
2247 778
2142 810
1476 1155
1574 1159
2148 1030
1554 1237
2184 1048
1693 1213
1452 1479
1686 1350
2246 1122
1843 1413
2043 1463
1404 1850
2185 1424
1793 1605
1831 1627
1879 1629
1572 1854
2115 1590
2263 1693
1768 2018
1660 2214
2163 1903
2083 2492
705256877 1101473849
1
sift 198
20 21
22 14
222 117
210 101
58 28
50 27
173 71
63 35
209 137
279 108
164 77
68 40
97 93
79 37
418 169
340 140
337 98
75 41
160 88
69 47
577 192
610 176
470 145
90 46
152 91
96 53
614 255
575 211
569 157
84 55
223 104
106 60
671 263
491 271
710 162
119 62
215 121
103 65
871 273
800 252
758 180
145 81
150 269
180 82
1003 401
860 259
736 198
219 96
192 203
259 111
612 574
793 290
786 224
302 123
371 141
376 120
1325 427
1448 313
1283 307
486 153
394 197
429 161
1580 480
1304 358
494 154
356 253
501 156
2047 450
1288 372
484 166
538 196
629 164
1619 510
1291 390
580 172
519 214
617 171
1441 610
1303 399
592 175
468 228
658 189
1227 697
1296 400
695 200
568 225
637 218
2071 543
1684 353
623 220
618 230
686 217
2171 531
1365 461
708 216
713 247
753 204
2120 553
1498 440
825 209
469 346
847 215
1828 599
1706 422
773 233
748 283
858 219
2242 577
1728 460
808 236
1114 327
820 238
2098 627
1922 458
844 237
939 362
833 242
1244 829
1900 469
777 257
1040 345
476 320
2236 624
2198 533
895 268
1140 333
958 266
1623 737
870 275
608 501
1220 245
1801 719
853 280
869 410
948 276
2303 779
1037 272
785 432
900 287
2286 1188
1160 278
891 425
1224 277
969 291
1380 373
1009 304
1176 297
1262 437
1055 326
1210 308
1096 493
1186 318
1159 322
1156 503
1302 301
1085 363
1657 439
1335 325
1333 330
1432 502
1320 351
1339 356
1289 558
1664 329
1460 375
1659 495
1453 385
1449 396
1527 514
1562 398
1697 389
1824 508
2107 364
1491 424
2101 492
1767 415
1594 438
1807 516
1891 417
2158 407
1732 569
1521 464
1616 484
1743 571
1673 483
1923 477
1882 556
1961 472
1805 500
1762 580
1942 513
1957 521
2075 643
2042 559
2219 563
2057 692
2270 693
1803 802
705256877 1117478728
1
sift 63
64 123
27 87
65 120
32 92
63 129
215 302
54 138
89 155
90 231
69 163
223 484
84 149
116 249
96 276
79 204
330 390
164 471
198 186
279 696
228 210
340 791
302 563
281 192
299 881
205 250
568 703
337 860
290 307
355 815
204 400
491 1264
470 1145
272 350
569 1355
362 338
1114 1196
580 1099
245 437
858 1333
323 404
1101 1253
486 1316
502 385
680 391
617 1093
776 399
560 491
695 1227
801 414
787 457
847 1135
740 499
875 482
906 1236
782 612
551 786
870 1370
611 804
1600 702
1010 1323
2265 656
2051 690
2282 774
705256877 1216237916
1
sift 86
226 216
258 234
221 310
256 322
280 291
301 368
390 335
379 382
350 538
572 365
451 440
463 489
436 550
389 744
641 467
462 667
663 509
760 432
548 603
715 505
459 828
585 649
799 519
796 529
558 812
732 663
621 820
1232 504
644 920
442 1646
706 874
727 1005
627 1240
907 789
1046 700
733 1081
810 1059
769 1119
986 850
857 1016
1028 864
1337 687
729 1361
920 1043
768 1277
1410 770
949 1147
995 1102
1204 975
767 1641
974 1177
1351 857
1531 767
1714 709
997 1237
954 1336
1061 1187
1137 1149
1027 1327
1207 1216
1228 1229
1877 808
972 1643
1109 1402
1099 1462
1758 973
989 1802
1359 1248
1318 1362
1348 1419
1281 1720
1280 1839
2022 1153
1627 1450
1815 1307
1644 1498
1857 1403
2173 1228
1655 1667
1699 1690
1632 1813
1952 1610
1701 1826
2392 1728
2318 1820
2416 1777
705256877 1474642507
1
sift 73
13 27
26 59
188 425
301 251
416 263
249 469
256 476
269 463
379 539
400 516
373 660
390 618
307 899
462 626
1484 333
368 996
453 930
467 917
435 1050
567 875
531 938
721 753
711 798
585 1014
1321 574
717 898
767 885
684 1019
621 1176
627 1190
747 984
754 1088
798 1027
920 963
1154 855
924 1066
910 1102
989 1061
1363 981
973 1315
1059 1329
1004 1401
988 1450
1212 1299
1392 1152
1464 1137
904 1957
1138 1608
1561 1213
1528 1238
1391 1455
1219 1740
1410 1469
1396 1507
1700 1436
1690 1463
1383 1808
1497 1668
1947 1517
1447 1972
2361 1359
1910 1670
1837 1715
1636 1917
2376 1425
1857 1878
1780 1930
1832 1906
2207 1776
2116 1853
1799 2010
2151 1943
2345 1842
705256877 1481597607
1
sift 322
148 144
247 188
188 247
203 263
221 285
307 243
305 254
291 265
253 300
269 304
346 257
256 330
258 349
392 293
412 289
263 511
590 262
347 386
432 334
478 336
292 579
481 341
350 495
578 312
584 314
543 361
533 380
531 385
628 382
390 557
735 352
369 637
574 437
526 486
435 549
460 591
462 600
770 417
424 713
406 777
451 689
459 715
463 722
912 431
754 502
534 686
643 629
666 596
624 650
528 776
774 540
653 644
734 576
621 698
627 756
657 711
573 835
615 811
511 936
516 945
976 547
827 625
587 879
644 836
970 570
1026 556
625 876
923 615
605 915
529 1032
729 785
508 1094
1063 571
846 696
1149 567
549 1080
1034 616
659 922
480 1281
555 1125
1136 598
542 1179
852 773
857 775
720 895
768 861
1242 602
728 935
1038 695
747 899
1088 679
1253 613
849 814
1167 687
792 896
572 1318
706 1036
709 1039
929 842
755 1019
701 1161
760 1065
769 1070
1374 688
873 953
661 1316
881 959
952 925
718 1242
1290 768
733 1239
685 1369
1328 778
810 1108
1257 815
732 1301
767 1248
1216 850
971 996
835 1167
1369 826
894 1146
986 1074
1813 691
949 1128
766 1410
1399 843
930 1166
1761 714
1036 1091
974 1175
1137 1092
1035 1199
1312 984
1278 1009
989 1271
997 1272
1537 880
932 1364
876 1475
883 1487
1326 1051
1595 889
1615 884
964 1416
1065 1309
762 1730
845 1595
972 1421
1588 932
967 1452
1384 1060
1465 1002
1279 1188
1574 968
1102 1400
1194 1328
1168 1358
924 1631
1018 1518
2179 840
1427 1103
1477 1072
1148 1397
1723 960
907 1673
1487 1084
1109 1492
1043 1556
1397 1195
1077 1555
1919 955
1458 1158
937 1710
1904 975
1641 1118
1504 1223
1897 1021
1027 1702
1419 1288
1356 1367
1830 1044
1452 1275
1208 1561
1662 1145
2019 1000
1297 1462
1309 1469
1236 1547
1755 1134
994 1837
1412 1381
1052 1775
1569 1287
1768 1190
2034 1088
1784 1197
2055 1096
1223 1684
1207 1720
1834 1211
1104 1871
1540 1459
1471 1531
1317 1713
1204 1886
1348 1679
2110 1193
1442 1576
2133 1187
2036 1249
980 2296
1531 1523
1439 1594
1932 1290
1169 1968
1796 1376
903 2586
1318 1789
1246 1910
1337 1769
1447 1660
2337 1182
2063 1337
1869 1434
1918 1412
1212 2096
2184 1299
1228 2154
2182 1342
2043 1417
1785 1558
1601 1658
1322 2041
1359 1975
1315 2062
1604 1674
1989 1511
2115 1448
2247 1373
1350 2077
1286 2233
1794 1632
1766 1645
1665 1714
1017 2664
1393 2164
1271 2428
2185 1516
1164 2622
1756 1736
1634 1883
2306 1502
1798 1758
1750 1807
1319 2469
1459 2203
2287 1608
1655 2063
1414 2464
1717 2038
1924 1882
1565 2247
1544 2294
2018 1853
1908 1957
1714 2145
1700 2168
1564 2320
1699 2172
1979 1935
1644 2250
1526 2448
1758 2179
2190 1802
1952 1993
1800 2167
1570 2437
2060 1945
1780 2222
1493 2588
1937 2108
1668 2395
1921 2142
1720 2345
1551 2567
2029 2061
2255 1899
1893 2229
1690 2435
2078 2050
1996 2149
2027 2139
2079 2134
2413 1766
1907 2325
1874 2387
1883 2393
1902 2433
2174 2177
2012 2365
2205 2171
2129 2245
2040 2414
2229 2231
1837 2599
2085 2415
2111 2390
2094 2420
2183 2330
2213 2323
2290 2309
2151 2511
2328 2342
1976 2654
2356 2403
2069 2666
2332 2595
2387 2532
2281 2672
2406 2661
2392 2665
705256877 1564394763
1
sift 95
320 77
140 131
271 237
258 424
385 326
375 351
442 382
578 430
584 476
717 477
534 583
643 610
904 535
644 703
944 544
837 588
627 756
712 691
1120 540
684 735
852 682
1259 603
1282 601
857 796
1154 720
949 825
881 887
1038 855
1403 693
1353 737
747 1154
1574 674
1035 943
894 1034
1219 888
1624 712
767 1297
1799 715
1497 804
1241 933
1887 717
997 1098
1573 835
1548 863
2009 754
971 1244
1776 831
1243 1189
2164 844
1386 1101
2062 890
1447 1084
1761 996
1629 1039
1843 1009
1363 1281
1755 1068
1836 1042
972 1762
1860 1070
2388 939
1897 1090
1686 1245
1443 1407
1347 1537
1636 1338
2076 1155
1589 1374
1523 1438
2139 1188
1932 1316
2364 1117
2226 1191
1569 1538
2060 1348
2420 1166
1921 1517
2117 1441
1309 2175
1780 1656
1700 1755
2207 1595
2018 1731
2094 1705
2361 1584
2126 1744
2011 1931
1892 2055
1859 2114
1825 2168
2409 1689
2111 2013
2116 2045
2225 2073
2403 2271
705256877 1567680639
1
sift 53
330 318
46 81
65 137
51 103
860 838
90 187
99 125
96 199
1101 967
119 218
114 211
189 260
1305 944
279 362
331 247
292 412
2198 1398
337 453
489 366
299 515
355 585
551 399
1142 350
448 598
1095 586
494 570
498 579
937 775
569 798
859 692
1052 789
969 781
958 848
980 1092
1009 813
758 1044
1935 925
825 1029
1220 870
1565 1077
1176 964
1498 810
1653 1212
1301 1007
1806 932
1787 1225
1210 1333
1922 1002
1996 1342
1224 1392
1728 1163
1706 1263
1603 1405
705256877 1580303157
1
sift 141
424 18
140 176
203 177
226 169
258 174
280 179
256 222
269 217
388 183
271 336
347 267
350 295
390 263
511 297
763 250
389 420
381 443
462 488
339 919
585 441
466 567
760 415
706 449
526 621
675 503
399 931
360 1214
442 896
728 550
1232 363
431 1017
510 785
767 547
643 653
497 864
627 700
1205 421
574 789
421 1232
644 720
709 646
768 609
534 1036
857 608
1251 478
1376 446
1184 525
792 691
988 613
1211 558
829 708
987 626
881 673
729 912
1028 638
747 904
810 792
798 827
711 1046
930 783
769 1000
852 948
642 1394
998 823
1137 752
2159 497
974 955
1064 881
1612 605
1212 802
1359 754
1410 739
949 1144
1310 916
1348 909
1679 710
1874 667
1470 801
2029 659
1545 812
954 1325
1665 797
1308 1054
1758 803
971 1488
904 1682
1794 837
2102 776
944 1703
2016 811
1628 982
2022 851
1447 1098
1702 974
1676 985
1770 960
1086 1586
1280 1317
1602 1044
1604 1063
1634 1052
2298 795
1106 1672
1078 1782
1312 1561
1219 1719
1742 1171
1578 1256
1510 1326
1471 1433
2256 1032
1937 1163
1524 1425
1542 1422
1690 1383
1750 1346
2079 1221
2118 1193
2178 1174
1537 1634
2304 1161
2387 1111
1825 1412
2017 1321
1907 1380
1756 1484
1548 1753
1952 1413
2061 1385
2173 1377
1893 1617
2011 1597
2018 1630
1947 1755
2085 1700
2215 1664
2267 1618
2401 1506
2392 1698
2206 1860
2328 1802
705256877 1593085527
1
sift 59
2253 1493
148 229
140 329
247 295
308 343
345 444
256 693
392 487
399 726
526 705
693 625
574 730
563 737
442 929
653 724
462 947
451 993
940 595
1157 539
1066 575
510 932
534 1377
625 1384
798 1134
729 1334
857 1142
852 1199
728 1483
1148 969
720 1543
1905 732
767 1431
792 1401
712 1635
1216 1042
1399 1003
1089 1278
1439 983
1317 1112
1312 1132
1537 963
949 1538
1574 1002
1074 1480
1761 1037
1154 1669
1191 1779
1412 1560
1569 1445
1484 1590
2019 1273
1869 1359
1785 1457
1552 1660
1590 1630
1419 1778
1768 1703
1860 1683
2190 1561
705256877 1861925312
1
sift 52
64 20
50 43
177 199
68 68
84 38
538 233
90 100
119 138
617 256
681 267
279 319
484 293
686 327
1101 307
494 304
580 356
1010 386
1331 347
651 377
569 513
1186 421
1114 448
870 394
800 495
1224 428
1292 454
1055 459
808 552
1923 477
1304 612
1033 602
1159 583
1562 565
1824 607
1682 555
1498 601
1958 599
2198 1093
658 876
1805 590
2158 751
1448 651
958 781
1719 1297
1460 745
1176 827
1760 1456
1594 733
1728 980
2042 945
1217 1168
1706 1052
705256877 1887534972
1
sift 53
140 59
1551 3319
249 125
1312 96
632 128
1784 136
1852 142
442 274
462 300
2290 160
1427 234
510 396
2243 213
2189 220
1841 244
857 347
849 352
1863 254
571 449
1203 342
1137 376
949 409
768 533
1154 470
798 679
1280 599
792 768
998 681
1074 848
1952 653
1624 761
2226 694
1165 1060
1991 838
1497 958
1219 1098
1860 893
2094 979
1700 1110
989 1634
1604 1303
1347 1532
1750 1341
1776 1417
1754 1482
2018 1415
1626 1595
2357 1480
2012 1831
1833 1902
2206 1749
1992 1965
2409 2727
705256877 1889038201
1
sift 85
87 247
27 36
16 12
34 44
151 191
50 88
98 70
53 101
161 289
54 105
89 87
68 125
469 252
90 118
222 174
96 178
371 499
119 187
179 219
304 200
550 464
259 286
282 301
287 312
682 435
279 343
289 327
577 287
539 526
355 454
671 375
429 434
608 584
486 413
822 356
934 400
1277 439
593 533
851 449
1306 383
757 670
580 610
1082 476
470 757
1021 593
629 614
1227 491
569 666
1114 874
969 590
1325 487
1504 468
800 740
1441 507
758 824
825 766
1782 484
786 826
900 763
1270 592
858 802
1033 817
896 837
1009 868
1333 773
1722 577
2171 527
1176 881
1827 589
2371 520
1210 909
1974 622
2191 585
1466 865
1849 686
1801 718
2236 638
2098 663
1901 713
2088 738
1592 951
2124 790
1811 910
2302 872
1823 986
705256877 2025875319
1
sift 273
59 90
22 37
16 11
19 22
61 91
32 58
31 40
42 48
64 108
50 83
47 44
53 97
73 125
58 112
62 71
65 75
93 132
63 126
72 78
68 136
91 143
90 128
94 96
107 109
83 162
84 144
99 133
115 130
130 180
96 172
124 123
89 169
136 209
103 155
123 139
137 134
187 149
106 190
155 142
128 179
150 188
119 219
184 148
196 165
192 236
174 292
181 212
198 193
232 251
180 291
205 187
194 222
215 306
211 270
231 183
213 206
223 341
164 370
222 200
209 243
243 329
244 300
250 203
224 246
832 281
259 352
251 237
273 239
394 400
302 369
239 260
235 265
340 461
279 418
309 221
248 261
366 443
284 493
336 253
319 279
503 412
337 455
374 282
287 339
371 521
376 441
331 308
378 299
468 566
355 483
363 328
455 301
536 544
429 475
408 312
334 385
550 547
552 472
404 344
577 305
519 567
484 585
456 366
545 346
538 578
501 618
458 374
586 340
568 561
498 625
532 357
489 433
608 606
494 635
560 419
671 397
623 623
559 680
752 379
638 422
469 902
470 812
551 453
645 424
575 737
592 677
740 413
788 395
618 708
580 696
679 434
996 373
725 684
617 683
687 464
871 428
749 666
569 727
689 481
680 502
748 694
476 931
905 442
914 469
713 759
686 695
887 480
938 470
785 763
658 822
694 555
931 473
793 880
753 776
957 476
862 501
869 833
777 733
850 509
1052 486
789 940
773 799
934 524
1163 482
939 792
736 929
854 576
1103 539
863 863
758 899
1265 511
1080 557
891 935
870 817
1045 605
1227 556
860 1050
844 849
802 751
1267 572
1114 945
833 867
1307 562
1030 681
1040 1001
800 923
1230 616
1269 608
1096 976
825 894
1325 603
900 832
1173 1003
858 932
1338 630
1381 627
1101 1089
786 1018
1420 619
818 991
1156 1060
948 910
1142 753
847 1016
1248 1118
906 970
1722 569
969 912
1296 1161
958 955
1441 670
1020 949
1511 1067
867 1095
1244 790
1195 823
1416 1157
1009 960
1490 674
1055 925
1012 1002
1592 660
1409 723
1033 1076
1619 658
1593 707
1037 1084
1640 710
1507 773
1398 901
1916 672
1494 795
1192 1087
1600 758
1626 768
1186 1097
1677 806
1974 732
1333 1070
1878 771
1320 1078
1673 1062
1550 892
1791 831
2157 743
1801 855
2282 720
2176 750
2191 778
2146 794
1848 903
2098 826
2242 787
1811 943
1970 907
2236 829
2372 791
1855 989
2279 847
2303 839
2089 975
2386 852
2131 972
2339 893
2124 1058
2391 1011
2073 1162
2209 1129
2056 1186
2302 1137
2336 1151
2378 1171
2423 1169
705256877 2075366909
1
sift 95
258 58
442 823
226 69
203 98
720 1226
256 110
390 117
712 1703
1184 122
760 144
1219 1913
350 230
1232 141
1636 2023
706 217
1238 174
1443 2300
462 272
1251 180
1363 2625
2049 177
1720 211
1836 2176
2298 208
1612 234
1924 2532
727 330
1531 259
2207 2571
1410 274
1545 285
2239 3814
986 335
627 472
2409 4524
644 481
2029 277
2256 279
1771 301
2016 300
643 597
857 484
810 499
1147 416
1742 334
1555 363
1578 359
1137 443
1216 430
849 548
768 594
949 562
974 555
873 601
1794 398
657 790
874 669
1758 460
997 642
2178 421
2022 486
1634 556
1947 531
971 781
2400 494
1447 639
2392 533
747 1084
1655 701
1355 926
881 1176
1281 996
1165 1058
2079 752
1006 1256
1883 958
1750 1051
1952 1027
2085 1000
2401 978
1937 1141
1906 1152
1893 1220
1471 1479
2094 1186
2144 1336
2196 1365
2018 1646
1780 1805
2356 1500
2393 1760
2329 1952
1601 2662
2126 2247
2343 2873
