734492105 1117478728
1
sift 68
144 302
34 44
70 92
48 62
250 484
79 117
133 169
121 149
346 367
178 120
174 239
150 162
459 641
273 268
301 356
277 390
709 668
289 391
452 696
557 312
1012 1057
280 662
586 846
339 542
897 1361
451 423
719 931
477 546
1256 1233
431 628
868 815
527 522
508 606
813 882
605 516
725 684
840 1177
617 938
596 1084
876 1355
814 745
689 963
940 1333
697 1025
678 1094
997 1390
774 965
730 1067
726 1203
829 1098
799 1157
842 1139
887 1068
792 1253
1161 926
903 1275
964 1197
885 1307
1002 1156
894 1326
913 1323
912 1362
922 1384
1057 1192
970 1370
983 1368
1107 1282
1226 1207
734492105 1481597607
1
sift 116
102 60
57 35
70 40
106 69
152 103
79 63
137 70
111 97
144 112
150 73
143 77
181 152
228 133
142 81
270 108
156 202
250 142
232 127
290 145
226 183
319 192
237 214
277 230
222 329
378 274
339 211
452 219
216 708
506 522
370 278
357 319
294 439
738 813
334 366
632 244
329 407
900 788
274 779
556 333
320 572
1268 1385
340 727
566 323
458 476
1079 1774
342 795
719 298
380 710
472 524
617 378
363 883
812 288
891 326
328 1493
431 917
697 467
464 853
677 509
593 651
358 2306
840 426
868 450
386 1987
857 488
726 636
596 838
435 1609
898 529
465 1449
940 537
885 577
421 2461
876 584
830 652
515 1577
443 2391
930 609
599 1241
785 741
964 594
657 1053
792 817
1016 639
518 1874
1047 621
970 719
650 1654
960 791
1010 794
673 1655
1127 676
1049 749
654 1925
1090 755
968 893
700 1865
1124 765
971 931
878 1826
1227 746
1046 882
777 2317
1260 816
1099 1113
1068 1597
1240 981
889 1693
948 2261
1051 1408
1249 1374
1070 2474
1111 1728
1250 1521
1115 2538
1303 1394
1324 2132
734492105 1564394763
1
sift 91
62 52
111 76
160 87
116 123
155 100
128 157
170 93
156 126
141 152
237 179
221 224
189 290
216 247
241 252
236 324
257 228
272 275
426 336
294 282
300 309
351 482
289 340
334 269
328 576
311 329
296 375
386 505
329 345
320 360
435 522
327 347
340 337
406 625
342 342
363 422
433 627
348 464
380 444
392 832
403 457
458 408
439 707
365 587
431 472
420 746
441 557
464 545
473 663
479 520
545 492
442 772
596 507
465 858
446 783
389 1158
530 757
518 958
535 740
631 650
581 860
641 660
599 829
569 880
603 882
658 895
571 955
580 1231
673 1005
591 1212
782 990
748 1053
627 1679
776 1149
878 1304
723 1459
737 1470
1019 1140
852 1473
1074 1136
1006 1332
777 1895
999 1417
948 1644
1118 2210
1071 1479
1224 1320
1153 1502
1196 1622
1070 1956
1251 1698
1060 2251
734492105 1567680639
1
sift 83
152 169
56 71
202 143
70 75
144 175
79 104
269 235
111 125
228 230
147 130
281 229
137 140
250 232
143 148
301 236
142 154
238 257
232 187
636 291
237 268
290 252
216 323
1192 595
277 318
319 301
334 350
379 390
506 554
452 362
566 404
805 498
612 384
464 542
645 635
742 421
690 569
738 750
677 597
657 672
846 723
891 532
868 585
865 826
794 637
840 628
1004 755
930 598
727 737
901 883
893 661
879 684
1268 1119
885 689
940 693
1190 1320
830 765
876 798
1079 1559
970 739
1080 681
898 839
700 1129
793 968
1230 666
1056 763
1010 829
1047 810
878 1014
1016 897
948 997
1050 873
964 1019
1090 944
748 1499
1222 889
1193 917
1070 1181
1287 965
1236 1118
1111 1279
1324 1012
1131 1435
1249 1333
734492105 1593085527
1
sift 76
97 157
48 150
284 273
70 141
92 190
144 259
110 128
538 429
138 224
107 166
152 254
111 218
497 504
143 220
124 221
202 228
116 324
548 474
228 457
151 248
167 322
181 364
1057 819
250 395
216 414
281 363
241 418
923 1085
452 1001
237 426
319 546
270 415
589 792
219 834
378 641
236 857
743 1051
277 543
459 951
367 374
760 1223
280 559
506 1493
333 442
268 736
415 423
302 692
274 870
294 810
339 620
296 848
414 502
320 931
357 754
340 1090
363 915
342 1220
352 1240
380 1135
610 585
438 1029
372 1518
403 1297
423 1254
446 1227
433 1292
386 1756
406 1578
431 1409
458 1272
443 1423
464 1340
560 903
465 1731
730 1740
798 1610
734492105 1861925312
1
sift 195
97 40
34 10
152 48
56 18
68 16
144 46
79 20
271 133
70 26
86 24
214 65
92 35
687 666
110 51
105 33
238 90
121 38
133 55
206 74
250 98
137 64
143 61
218 75
319 117
147 68
232 100
277 93
290 131
258 111
475 214
275 107
379 142
298 110
617 234
302 109
397 143
323 108
611 244
210 134
459 145
306 119
696 293
357 122
469 151
360 125
689 304
353 132
480 171
370 135
785 291
266 194
707 247
444 166
733 321
477 161
738 251
637 152
749 318
300 236
827 281
598 188
751 340
556 196
860 278
566 208
1004 290
352 262
865 287
875 182
720 400
665 206
847 296
555 248
830 356
415 299
790 314
661 230
846 365
409 328
897 302
436 336
794 392
677 245
906 325
801 243
879 419
726 254
886 335
753 256
900 417
547 355
946 349
880 258
970 394
792 307
994 344
693 357
818 456
883 297
939 376
903 300
964 447
842 327
933 382
912 311
898 465
922 312
791 442
806 351
840 495
894 339
961 375
881 343
920 464
960 360
1062 379
914 384
743 549
774 470
980 418
855 429
893 484
848 441
991 431
1097 363
981 459
968 421
1119 443
1061 383
1016 454
1003 438
1084 478
887 481
876 513
1073 415
1079 482
971 472
963 502
1099 412
1089 491
1183 393
1010 524
1094 424
1132 499
1044 469
812 642
1046 497
1085 510
1232 450
1078 564
1170 477
1190 488
1053 534
1047 601
781 630
1174 538
1220 503
1090 613
1111 537
1280 523
1127 544
1123 604
1201 521
1261 569
1113 565
1162 607
1253 527
1268 680
1182 570
1249 627
1306 541
1318 707
1320 525
1294 611
1152 599
1217 594
1230 636
1189 622
1248 644
1236 655
1293 629
1260 651
1282 648
923 843
1168 721
1212 718
1303 661
973 856
1193 742
1222 755
1227 781
1312 745
1057 997
1278 803
1328 1197
734492105 2030751971
1
sift 60
127 88
107 60
249 221
119 110
152 240
273 236
346 370
144 312
238 425
237 408
709 817
228 463
459 887
333 323
288 420
601 903
280 493
274 508
257 559
302 509
445 427
451 421
320 686
351 677
527 458
508 498
357 822
372 889
605 512
468 707
464 712
389 897
444 787
403 1017
472 815
499 849
787 546
725 656
511 1113
529 1085
682 794
650 856
814 716
631 1059
591 1253
873 800
657 1197
741 1027
798 980
670 1335
730 1228
1226 763
778 1217
739 1272
1161 971
1002 1152
1195 1003
1035 1131
1218 984
1276 1211
