744178710 1101473849
1
sift 51
212 223
310 339
279 497
308 481
365 526
405 525
348 621
353 627
426 540
672 429
482 599
423 730
412 785
629 612
617 668
489 805
584 700
654 715
487 889
760 685
550 917
690 789
737 849
803 794
823 777
708 918
638 1008
747 906
898 811
825 875
769 930
732 996
697 1095
831 943
608 1318
901 913
766 1026
744 1069
680 1187
784 1110
820 1051
887 1011
920 1269
1042 1169
981 1260
1016 1248
976 1315
1002 1290
1011 1324
942 1386
985 1371
744178710 1114184231
1
sift 164
292 392
151 492
25 20
23 22
148 591
28 24
34 29
165 546
20 51
33 38
177 738
44 37
27 72
203 821
43 44
48 55
205 872
55 48
61 50
226 790
52 68
47 99
231 1321
45 104
66 58
274 906
69 67
51 121
289 1345
73 74
71 113
303 1498
56 162
85 117
399 1556
77 171
105 123
104 127
108 128
107 155
84 216
133 151
103 344
125 179
122 182
138 173
123 198
132 190
129 227
118 347
147 237
157 210
164 204
160 215
187 233
220 219
141 469
162 368
188 284
152 455
172 473
250 328
238 351
223 389
236 372
180 666
208 435
185 656
184 699
263 404
181 950
329 354
366 337
288 423
264 511
279 565
354 476
227 883
313 571
228 929
307 601
311 619
308 633
232 1044
244 967
245 986
241 1101
348 626
374 621
435 539
336 694
379 653
363 723
268 1333
282 1190
273 1369
265 1470
432 646
301 1146
312 1124
405 764
426 727
295 1373
438 776
368 1013
480 690
317 1322
413 864
388 969
369 1125
323 1436
346 1291
334 1444
419 968
508 800
400 1084
444 909
390 1185
482 852
408 1066
371 1489
500 895
487 938
505 913
410 1255
519 972
464 1143
486 1096
407 1520
467 1231
643 886
521 1127
522 1164
489 1299
550 1091
544 1149
579 1157
524 1401
511 1477
543 1445
583 1327
652 1153
584 1437
638 1303
632 1418
676 1304
760 1078
658 1425
752 1087
699 1404
689 1473
701 1452
709 1459
697 1540
766 1388
743 1464
769 1429
721 1550
784 1490
763 1532
818 1516
915 1362
1016 1533
1029 1538
744178710 1969897084
1
sift 138
165 423
16 25
23 30
203 716
25 42
44 55
221 649
27 97
35 90
289 884
52 57
55 62
61 69
59 77
69 70
45 122
64 98
56 174
85 100
97 109
111 108
95 141
108 121
105 125
104 135
120 163
125 158
123 165
122 197
129 190
154 182
144 204
147 208
162 183
140 242
155 225
141 301
159 248
161 273
163 357
150 512
184 441
250 302
185 485
263 315
224 393
236 375
255 372
238 395
262 385
242 438
293 379
279 415
267 507
310 451
308 459
219 815
307 482
313 464
391 410
340 445
227 803
241 710
311 496
675 308
336 465
244 810
245 792
260 918
373 517
287 771
405 489
428 472
382 539
265 987
368 591
345 642
366 634
426 520
496 479
435 588
317 944
334 911
432 607
422 628
481 585
444 644
500 611
412 796
510 620
472 678
486 662
579 583
746 491
417 941
482 765
489 781
513 743
524 742
522 753
544 711
565 740
609 703
590 744
505 942
628 721
591 776
519 919
583 809
652 733
550 909
487 1012
640 768
595 847
571 896
617 826
643 822
654 804
648 823
672 800
638 924
691 849
676 897
706 844
850 674
709 903
769 806
759 832
784 819
699 948
743 934
803 864
687 1008
768 920
824 878
817 979
872 1002
911 976
