766245630 1101473849
1
sift 56
651 390
347 118
21 2
522 133
35 496
543 166
2008 194
724 176
1697 102
1061 309
2410 307
607 187
767 545
1010 360
573 265
1168 313
2170 661
663 287
1128 469
948 604
447 482
1551 376
886 334
1586 751
1975 418
1202 311
1430 422
1394 325
1918 675
613 1106
1962 377
705 942
2004 973
1651 383
1642 460
1347 528
811 980
1510 533
1589 474
1245 684
1555 858
916 1079
1794 559
1830 774
1474 742
1421 904
2146 820
2160 626
1893 828
1671 979
2214 814
1863 1047
2427 965
2030 1210
2535 936
2239 1342
766245630 1444320462
1
sift 58
524 1058
121 137
127 85
530 564
476 710
246 126
842 1482
546 648
425 331
1155 1149
996 1162
333 525
896 1797
1160 1098
601 311
1816 1806
470 402
1723 1866
479 469
1910 1734
493 500
662 475
2672 1780
677 461
717 434
621 556
663 522
694 502
644 543
1167 395
695 697
1002 519
793 704
837 695
886 705
1858 425
1083 729
807 1028
1309 708
1046 880
1039 944
1277 813
1110 950
1293 891
1628 801
1717 830
1693 893
1826 876
2086 811
1844 1027
1526 1216
2001 1085
2029 1219
2597 1221
2189 1423
2136 1668
2267 1611
2309 1594
766245630 1494270653
1
sift 105
46 105
31 73
29 64
43 95
125 248
44 113
114 99
45 108
198 593
47 123
77 196
72 165
332 577
75 189
95 192
86 222
284 1278
118 231
112 345
113 347
521 786
154 319
127 318
176 237
483 1386
166 838
147 310
161 266
814 834
362 700
163 378
212 313
767 1686
415 732
178 428
201 361
422 781
246 302
229 398
454 744
254 474
287 512
530 694
344 818
461 559
546 858
418 619
599 709
712 872
492 950
475 1034
864 1007
543 884
474 1219
719 1489
601 874
627 855
892 1437
509 1142
529 1157
924 1433
606 957
540 1231
1005 1303
562 1246
573 1267
1065 1236
659 1099
764 899
908 1700
645 1240
848 809
1016 1443
751 1003
636 1380
1061 1545
737 1123
1027 741
1106 1837
872 954
956 961
1299 1892
837 1333
840 1723
1358 1814
1253 1012
1045 1345
1482 1818
1026 1395
1037 1399
1504 1817
1099 1354
1156 1311
1495 1925
962 1740
1194 1379
1110 1507
1069 1599
1303 1427
1277 1881
1365 1873
1557 1616
1344 1951
1909 1636
2076 1766
766245630 1499966861
1
sift 72
177 221
529 516
474 950
924 511
503 348
589 814
840 539
997 1203
1010 803
619 693
1062 502
886 541
1103 1431
1207 699
1387 537
1208 609
1099 666
1065 1497
864 1134
1130 650
1073 871
771 1045
1874 1579
1052 1003
1085 799
1079 1250
938 905
1358 2398
1158 940
811 1216
1214 1302
1008 942
1016 1550
1056 935
1582 1032
1551 749
1505 1084
1392 836
1496 1174
1251 1139
1477 1120
1396 1158
1918 1335
1034 1711
1832 1036
1355 1384
2553 1833
1510 1235
1168 1717
1544 1543
2184 2376
1327 1951
2410 2600
2097 1226
1709 1658
2623 2417
1666 1694
1739 1709
2082 1723
1734 2098
2094 1766
2174 1862
1939 2150
1969 2144
2481 1749
2116 2029
1868 2624
2066 2487
2273 2346
2296 2526
2522 2289
2666 2639
766245630 1541257274
1
sift 168
48 164
31 93
19 60
17 68
125 293
43 123
34 99
45 126
170 320
47 143
52 146
53 139
198 493
55 150
69 133
72 198
329 800
118 317
96 180
95 206
407 721
154 345
117 230
112 256
400 923
143 442
108 260
119 259
449 894
166 374
152 183
116 327
427 1031
177 372
127 302
139 275
488 1008
265 585
169 231
147 309
483 1218
327 779
159 312
138 421
524 1069
321 839
158 338
161 350
635 1163
362 757
153 387
168 371
651 1283
411 803
156 429
157 466
633 1332
421 901
191 366
185 430
994 1027
453 967
176 582
212 380
1279 1197
503 837
201 476
220 450
490 1053
228 461
239 491
486 1070
236 506
237 575
530 1166
271 560
269 632
546 1155
288 589
272 627
641 1238
308 594
290 638
889 1354
267 759
314 682
338 676
330 750
331 751
344 827
358 781
364 789
371 787
377 844
375 912
417 792
398 843
396 859
389 913
461 738
383 1029
436 809
386 1009
424 858
433 890
519 710
597 648
564 693
497 833
534 775
470 955
441 1182
479 943
513 917
496 1020
587 817
666 713
474 1228
551 926
542 953
561 919
522 1061
529 1033
541 1040
525 1092
492 1299
528 1126
526 1202
554 1123
573 1095
548 1222
540 1264
610 983
599 1082
560 1278
694 899
627 1133
596 1245
606 1207
663 1034
588 1314
621 1226
644 1142
655 1129
806 806
688 1124
659 1285
679 1260
731 1074
673 1340
812 972
744 1236
792 1216
830 1152
833 1151
891 964
793 1345
901 1121
878 1183
1032 963
927 1274
975 1210
963 1239
947 1319
1033 1181
974 1328
1258 1127
1734 1076
766245630 1567680639
1
sift 55
448 786
501 469
140 96
95 154
1300 1302
530 764
186 350
1555 131
590 1232
213 332
417 596
1061 888
444 672
542 589
1052 1029
599 585
573 670
1079 1106
412 1127
603 698
1215 965
601 736
492 1018
1482 979
593 797
663 738
1333 1218
830 635
828 763
2369 1398
833 908
1416 498
927 852
1099 811
745 1496
993 1012
1113 1038
1158 1002
1378 863
1168 1068
1490 917
1430 1263
1394 1323
1371 1525
1508 1360
1511 1397
1542 1440
2652 734
1640 1341
1700 1281
1607 1573
1968 1251
2208 1080
2024 1365
2373 1459
766245630 1718489166
1
sift 134
42 58
44 65
56 78
45 71
48 76
188 344
53 96
116 184
131 204
189 408
159 138
127 193
198 269
327 515
167 248
192 273
301 328
422 455
232 277
197 342
449 509
589 378
220 299
330 325
427 616
712 421
349 312
314 341
691 729
546 674
331 369
288 423
853 979
510 837
338 396
385 354
842 1030
530 943
358 395
371 375
895 1169
1160 552
364 422
359 432
1089 992
1016 594
386 504
553 425
1013 1098
996 625
636 463
461 829
1128 1376
1079 619
529 731
587 720
1446 1684
1132 651
678 638
663 677
1540 1591
1010 728
911 500
596 828
1948 1263
826 971
621 811
655 799
1586 1819
1073 722
644 860
869 602
1208 825
583 1068
716 850
1310 816
801 750
831 716
1283 1061
782 782
792 841
1358 1176
679 1072
746 952
1681 964
874 823
833 898
1065 1811
793 942
877 894
1823 1230
927 852
834 999
1584 1660
776 1132
840 1034
2326 1478
886 954
1031 831
2196 1751
1367 660
963 935
2184 1769
837 1155
887 1148
974 1110
821 1470
981 1134
860 1456
1045 1159
933 1358
1025 1287
1047 1279
1201 1123
1039 1332
1173 1224
1024 1377
1330 1204
1193 1437
2227 761
1338 1278
1309 1341
1344 1313
1263 1503
1484 1308
1239 1701
1494 1473
1775 1403
1449 1752
1573 1617
1905 1365
1945 1634
1863 1735
2288 1759
766245630 1795513753
1
sift 71
198 130
45 34
127 107
154 116
301 220
510 402
161 142
192 162
329 228
546 534
288 291
338 321
449 280
476 649
529 453
461 557
733 432
826 616
694 405
621 485
1089 567
713 753
656 510
644 531
2151 408
908 817
831 424
716 506
1279 641
1160 768
855 500
877 560
1300 701
1823 773
886 593
837 734
1647 746
901 698
887 795
1723 740
879 821
1045 731
1609 895
1239 798
1309 844
1540 930
1193 909
1552 855
1999 1193
1263 1111
1250 1135
2028 1281
1319 1162
1116 1395
1839 1532
1275 1244
1449 1118
2173 1298
1494 1131
1808 969
2559 1420
1876 967
1573 1176
1827 1086
1565 1256
1960 1124
1610 1373
1893 1185
2001 1157
2528 1404
2566 1529
766245630 1816125058
1
sift 271
42 158
31 98
12 41
19 52
41 178
43 128
17 70
29 95
46 164
44 170
30 103
34 130
48 200
45 149
51 90
50 110
125 271
47 168
53 142
52 165
170 362
54 155
57 132
74 137
198 612
72 217
62 282
77 229
242 559
118 281
85 201
82 264
244 602
154 374
96 239
95 240
276 677
166 463
140 191
117 243
297 898
189 417
120 256
152 205
301 902
188 492
112 310
106 342
332 808
347 896
108 338
135 231
304 1037
362 830
113 328
122 296
329 1013
415 892
119 379
127 332
407 893
421 999
128 387
139 305
399 1119
490 1215
141 389
147 377
427 1251
530 1081
162 306
138 474
478 1041
510 1242
153 392
161 351
448 1367
546 1155
215 242
156 468
524 1173
589 1182
163 440
158 500
483 1429
641 1405
176 412
159 505
488 1537
682 1279
179 429
185 401
521 1416
712 1280
172 511
191 405
579 1620
864 1509
205 383
178 635
575 1665
884 1649
201 479
220 445
635 1593
208 508
204 639
711 1694
229 548
246 478
994 1045
239 566
313 406
2151 1471
232 718
336 432
237 737
261 586
241 741
256 651
254 661
272 678
288 654
308 619
290 667
267 771
328 626
451 443
487 416
269 836
271 850
340 735
286 1026
314 1008
361 783
331 1057
344 985
376 767
356 994
358 1053
364 1001
603 564
665 552
418 827
371 1135
380 1017
425 840
375 1222
461 801
401 1042
396 1091
377 1232
397 1193
386 1318
405 1224
447 1074
428 1151
442 1141
434 1191
424 1259
473 1052
534 876
587 805
433 1348
479 1157
471 1221
495 1114
666 769
542 1062
492 1288
526 1158
525 1176
474 1480
481 1438
493 1424
687 847
569 1111
529 1314
599 1059
611 1060
509 1502
561 1252
538 1427
508 1600
573 1292
540 1491
601 1244
548 1558
527 1626
551 1569
555 1555
646 1192
647 1218
560 1636
606 1474
783 936
621 1454
655 1302
596 1554
636 1412
645 1402
580 1695
693 1249
597 1630
658 1489
663 1476
700 1326
979 755
1105 705
679 1464
744 1231
731 1315
698 1564
716 1450
872 1024
702 1670
737 1525
761 1549
751 1681
833 1395
792 1589
1056 928
801 1598
830 1522
1328 762
807 1697
1167 913
846 1621
848 1624
837 1668
933 1515
1305 940
963 1583
1354 954
927 1706
1231 1106
958 1661
1033 1479
941 1714
1025 1629
1515 963
1296 1254
1603 996
1436 1156
1591 1145
1660 1131
1512 1349
1556 1293
1566 1283
1662 1236
1704 1228
1567 1432
1593 1487
1663 1366
1661 1414
1705 1364
1768 1420
1734 1496
1649 1676
1882 1397
1817 1568
1892 1498
1886 1517
1835 1623
2093 1451
2080 1492
2013 1693
2180 1571
2241 1519
2077 1704
2382 1603
766245630 1861925312
1
sift 83
489 466
826 490
83 479
2462 65
689 168
691 612
1052 637
384 220
2122 137
371 302
1360 1219
500 1271
542 254
479 333
831 222
1839 1107
965 723
492 307
573 447
438 375
1586 1205
1333 830
324 685
886 563
751 415
2216 1337
2079 696
927 350
1099 602
1291 309
2698 1260
1504 941
582 668
1378 607
811 580
1681 926
789 632
1394 702
1202 469
1495 1096
1177 511
1371 745
1545 519
1183 747
1542 806
1498 683
1699 699
1474 902
1351 824
1766 772
1042 1247
1671 872
1034 1295
1830 910
1367 1114
1182 1215
1589 1016
1568 1073
1511 1092
1551 1085
2427 838
2049 1008
1549 1248
2260 957
1664 1153
2160 1071
2379 979
2029 1098
1794 1261
1868 1228
2680 1002
1893 1263
1628 1674
1863 1390
1788 1639
1941 1456
2188 1361
2312 1461
2221 1356
2414 1394
2421 1483
2535 1383
2615 1573
766245630 1866976262
1
sift 136
48 72
44 58
34 46
615 446
62 67
198 220
55 124
89 129
779 428
159 117
301 240
143 295
127 158
1257 1435
116 175
366 245
510 782
138 239
1984 1880
167 299
329 363
530 1172
191 283
2548 1410
221 271
488 491
826 947
220 327
2600 1471
232 325
427 588
269 338
2611 1832
330 356
691 642
314 372
2676 1848
288 475
651 767
358 424
371 402
853 883
359 431
338 506
1089 976
386 458
398 470
1013 1087
438 436
393 511
787 1684
389 540
433 530
1364 879
425 601
527 545
1128 1277
529 704
605 622
1447 1509
604 713
621 739
1586 1491
759 605
606 825
1532 1653
611 848
655 785
1540 1695
492 1170
673 783
1839 1902
645 861
587 1074
2216 1876
659 1047
601 1239
1012 600
873 711
800 859
831 823
689 1040
580 1426
793 914
791 930
716 1089
746 1095
744 1222
776 1153
886 935
811 1214
837 1130
877 1036
887 1135
883 1205
1367 726
963 1076
1034 1113
1031 1144
981 1317
1157 1107
974 1391
1188 1098
784 2086
1292 1012
1184 1175
1390 955
969 1520
1251 1119
824 2135
1039 1519
1025 1589
1382 1164
1309 1321
1722 960
1340 1412
1338 1438
1344 1583
1640 1360
1484 1527
1465 1615
1277 2120
1293 2138
1596 1605
1428 1921
1610 1657
1492 1846
1764 1501
1530 1814
1528 1942
1595 1878
2286 1235
1811 1634
1807 1914
2070 1997
2671 2007
766245630 2121696221
1
sift 156
125 181
31 69
34 74
43 81
193 253
45 87
52 91
53 99
198 378
73 149
65 145
112 191
242 346
143 231
117 189
127 261
329 533
154 264
167 190
159 281
332 572
188 296
161 289
173 359
427 785
362 531
185 348
233 282
483 929
411 644
220 356
229 382
814 883
421 715
239 361
272 360
733 1275
452 711
288 468
290 481
854 1418
510 827
338 438
414 371
1013 1332
546 773
376 504
344 590
1089 1445
712 1014
519 484
386 688
1443 1152
719 1281
564 502
417 653
1609 1357
825 1219
475 563
461 622
892 1279
397 778
616 508
996 1210
587 532
424 804
908 1636
479 797
515 762
949 1641
474 844
534 755
1005 1776
611 673
529 882
1160 1502
562 864
695 669
547 902
599 833
694 753
764 659
655 841
783 676
606 984
621 962
684 820
601 1037
645 979
637 1002
638 1053
663 998
698 960
679 1069
831 787
731 957
716 1004
583 1474
749 1134
664 1522
821 1070
744 1235
877 958
822 1136
975 812
834 1122
873 1012
793 1253
882 1062
835 1236
837 1239
838 1237
963 1016
1033 945
974 1049
947 1157
933 1197
1029 1073
969 1182
855 1491
887 1473
941 1388
1258 967
922 1477
981 1362
1011 1337
1045 1350
1049 1379
903 1787
1099 1378
1110 1342
993 1610
1066 1532
1024 1661
1148 1501
1193 1472
1116 1647
1097 1702
1263 1484
1556 1153
1175 1743
1284 1627
1239 1725
1309 1675
1661 1211
1293 1788
1954 1080
1423 1686
1633 1391
1484 1652
1449 1773
2340 1093
2241 1338
2032 1697
2182 1671
2462 1720
