771224007 798973218
1
sift 63
27 68
48 97
119 267
212 395
185 524
167 654
249 383
219 668
262 655
315 640
275 860
301 734
343 636
349 757
376 683
352 769
447 648
459 674
367 955
475 689
366 1021
442 1079
550 904
454 1166
537 1022
624 835
428 1585
634 936
665 917
620 1113
572 1335
522 1662
565 1560
568 1596
580 1570
689 1093
758 987
668 1144
573 1689
619 1400
615 1551
799 1026
678 1387
703 1319
657 1492
736 1308
652 1598
667 1562
780 1251
763 1374
685 1644
694 1666
804 1377
869 1305
834 1443
828 1490
878 1463
1186 1204
1159 1480
1169 1577
1283 1509
1227 1721
1627 1754
771224007 896192825
1
sift 60
371 366
9 5
1375 1268
123 127
6 15
325 563
25 19
2253 1778
155 279
49 42
408 421
186 246
496 536
204 285
901 408
337 256
626 802
243 520
914 1130
225 632
979 1127
263 584
660 1908
475 309
858 1998
619 286
1484 1156
431 515
1105 1983
521 475
1164 1924
562 855
1128 2499
535 1038
1446 1897
741 776
1478 2236
648 907
2126 2227
2082 477
2391 1865
870 1135
832 1269
799 1664
747 1986
1043 1571
1483 1243
1518 1387
1188 1931
1121 2430
1650 2098
2215 1654
2059 1755
1934 2018
1812 2440
2269 2109
2372 2059
2555 2042
2398 2428
2501 2287
771224007 983357929
1
sift 73
17 5
87 26
286 17
26 6
27 8
136 37
48 10
178 73
241 99
249 69
305 78
413 110
314 79
811 113
468 184
698 133
868 138
517 221
550 174
838 160
558 256
861 169
806 182
1176 242
690 204
1158 192
787 304
1218 198
764 261
1174 514
1242 214
668 286
1852 538
1226 245
1227 247
1633 604
1403 259
1373 263
2425 563
1173 275
1664 260
2271 980
1972 244
1474 277
1862 268
1475 298
1360 323
1817 280
1938 300
869 500
2006 318
1853 336
1622 374
2209 324
1863 349
1785 365
1708 456
2277 419
2267 439
2284 466
2371 462
2415 455
2193 509
2312 503
1071 945
2586 498
2516 532
2537 550
2213 666
1987 723
1954 787
1531 1063
2533 1023
771224007 2075366909
1
sift 203
119 79
414 952
157 189
175 188
1020 1683
213 136
229 162
1428 1435
216 267
219 519
1603 1615
262 381
278 392
1094 3133
698 140
426 346
1590 2584
407 480
376 609
1644 3199
553 350
534 428
1751 3923
351 836
690 320
1973 3427
505 498
352 1002
1992 4160
421 768
482 670
2384 4229
663 458
465 849
523 726
366 1453
769 521
1158 418
455 1237
806 652
567 1031
656 824
580 1060
1863 375
813 733
442 1720
1227 563
515 1432
543 1551
537 1665
764 981
1938 485
510 1881
1134 750
1190 743
501 2043
1198 770
548 2017
572 1931
746 1241
1226 845
1415 767
1242 894
532 2448
685 1636
649 1886
1150 1069
955 1288
1648 817
1403 977
2300 685
594 2613
804 1717
1266 1110
1961 778
1369 1070
615 2651
1733 914
1234 1306
736 2212
1202 1345
834 2000
652 2650
648 2840
1001 1824
835 2105
1106 1650
1113 1656
1038 1830
654 2890
2284 939
1181 1668
894 2273
1385 1566
1775 1169
1664 1328
900 2509
1337 1716
1120 1972
1432 1645
1515 1562
729 3157
1424 1721
1614 1536
1101 2151
2193 1151
2044 1204
1785 1423
694 3732
2415 1122
1036 2497
1076 2416
1990 1337
1233 2104
1139 2311
915 3067
1467 1940
1260 2207
986 2958
887 3468
1339 2286
1163 2614
1610 1936
960 3311
1817 1753
1670 1887
1851 1725
1853 1734
760 4499
1372 2415
1367 2469
1597 2193
1346 2631
1425 2566
1115 3372
964 4316
1860 2072
2252 1859
2371 1815
1374 2888
1318 3006
2208 1890
1351 2937
1554 2612
1491 2747
1241 3216
1791 2295
2500 1816
1026 4471
2140 2045
1295 3299
1454 3044
2374 2013
2445 1984
1600 2903
1279 3689
1447 3297
2273 2189
2095 2407
2269 2337
1221 4416
1558 3444
1311 4258
1148 4664
1440 3893
1566 3512
1868 2880
2488 2304
1621 3458
1978 2845
2176 2701
1707 3530
1671 3909
2015 3259
1994 3353
2386 2933
1636 4353
1966 3534
2353 3125
2056 3579
2561 2892
1691 4506
1651 4624
1818 4236
1840 4260
2085 3889
2268 3678
2584 3022
2291 3718
1970 4320
1894 4576
2375 3774
1802 4668
2350 3931
2155 4329
2167 4361
1995 4653
2185 4500
2073 4672
2260 4569
2396 4414
2506 4446
2557 4602
771224007 2096417223
1
sift 175
29 53
56 118
4 6
6 16
40 44
102 248
32 45
35 71
44 64
121 199
60 81
63 82
72 99
148 299
45 123
80 89
62 138
231 454
81 103
78 110
86 128
371 512
87 105
98 140
160 127
458 528
82 226
127 149
130 184
408 624
126 175
136 162
134 196
484 630
159 134
178 150
151 237
757 1143
122 269
154 204
232 300
904 1101
142 249
209 198
206 370
913 1128
200 209
163 270
324 381
1057 953
155 305
241 228
330 406
1012 1048
197 275
223 254
402 451
999 1114
254 264
238 296
412 540
1162 1192
305 263
248 340
554 651
2174 1165
346 272
207 468
1247 443
306 325
319 321
605 684
259 416
292 366
1142 665
320 345
313 355
1587 589
388 304
323 388
1630 676
347 389
527 307
1293 810
337 430
558 308
1465 997
386 402
363 433
1427 1061
466 357
360 482
1388 1205
468 434
521 453
2336 980
474 532
733 437
2567 1001
588 515
514 565
2239 1198
529 560
451 666
480 652
542 610
488 681
699 579
738 570
772 568
939 542
829 582
791 637
702 748
971 649
880 687
710 802
864 729
1055 663
842 774
1170 641
995 702
1604 572
987 746
679 1072
1176 705
956 821
972 833
709 1094
1046 804
1014 840
1517 658
922 894
924 898
1399 737
863 1066
1127 849
1301 787
1111 867
1056 938
1626 713
1613 725
1315 860
1039 1058
1027 1102
935 1238
1108 1020
1103 1056
1130 1043
1138 1078
1324 952
1141 1125
1365 971
1255 1044
1275 1027
1434 945
2059 772
1711 893
1486 1037
1677 931
1717 977
1867 974
1643 1159
2062 960
1793 1092
2215 969
1892 1107
2117 1022
2051 1106
2271 1015
2034 1116
2465 1009
2207 1126
2029 1232
2329 1186
