798973218 1481597607
1
sift 64
154 1028
726 2600
267 144
320 187
395 242
525 289
536 302
674 257
655 293
704 336
648 385
683 417
835 364
654 540
689 561
917 437
915 486
663 762
742 768
876 576
1093 598
898 850
1156 644
871 990
1139 751
1286 705
1052 939
1179 823
1476 696
1123 907
1196 848
1118 1030
1007 1250
1079 1145
1110 1206
1374 960
1480 968
1501 984
1243 1225
1251 1256
1204 1338
1341 1343
1754 1045
1443 1327
1647 1197
1377 1412
1262 1606
1696 1262
1703 1287
1219 1791
1551 1502
1644 1435
1664 1468
1490 1634
1719 1434
1182 2088
1767 1357
1416 1745
1419 1956
1455 2105
1507 2113
1526 2237
1631 2137
1560 2316
798973218 1499966861
1
sift 89
232 37
208 40
334 84
311 47
327 60
332 62
254 64
285 103
376 67
430 63
393 73
350 68
557 114
408 126
447 78
364 86
511 74
545 172
733 118
516 87
470 96
576 106
649 169
633 135
580 115
670 116
753 120
556 181
488 145
732 117
779 140
660 127
831 221
1135 166
698 139
984 186
756 141
672 272
1083 190
603 148
731 222
699 156
739 280
735 227
687 158
830 230
695 163
841 279
721 248
681 168
933 240
616 175
1030 303
647 176
1065 251
800 177
1010 330
289 285
1675 267
631 199
1027 331
764 206
1641 281
353 287
1434 443
565 234
1028 332
736 220
1493 503
409 291
1409 341
697 254
1348 218
1635 339
892 243
857 258
975 242
494 425
861 351
569 472
1383 355
850 414
651 582
1714 417
748 687
1604 1143
1564 1267
1506 1333
1379 2165
798973218 1593085527
1
sift 277
108 89
326 261
5 7
118 91
296 194
22 27
278 289
176 981
29 24
287 307
306 220
30 32
300 291
393 306
68 62
866 763
369 384
97 78
412 369
523 363
181 156
1134 977
603 292
191 199
1330 1392
542 1217
240 175
527 349
255 186
1064 516
267 229
699 394
215 297
1223 544
323 219
627 438
361 213
799 792
327 254
576 479
350 259
899 796
319 295
660 488
331 328
786 1041
344 325
631 524
401 284
1275 719
312 381
764 457
395 343
1328 710
461 312
736 747
357 373
983 1167
383 393
857 653
505 329
1135 1127
453 378
1635 874
462 398
1554 838
489 390
1535 1119
514 400
1357 1073
522 416
1768 1050
499 430
1429 1363
500 442
1675 1387
558 413
536 465
480 536
582 428
524 481
590 439
697 426
571 492
673 435
617 464
674 443
552 537
635 471
655 487
920 418
621 602
683 555
752 514
667 597
643 629
770 526
642 684
756 583
654 689
712 650
678 703
769 663
835 598
819 641
713 770
817 692
952 620
757 782
811 734
780 783
753 853
1072 591
730 909
790 777
787 801
915 705
800 787
885 741
911 723
813 803
917 730
809 828
828 807
1091 670
864 793
906 771
860 835
1320 603
993 742
904 791
876 839
977 762
871 863
881 894
842 961
1156 724
900 922
937 897
1007 824
925 921
1169 736
976 870
997 867
1003 873
955 927
898 1042
927 1009
1094 848
1148 810
998 1054
1045 997
1019 1063
1048 1043
1110 956
1177 879
1022 1072
1123 954
1153 915
1096 1046
1081 1066
1139 989
1078 1094
931 1319
1080 1100
1233 948
1229 957
1697 767
1270 931
1191 1018
908 1488
1034 1273
1286 975
1543 857
1622 834
1158 1125
1262 1013
1060 1264
1196 1099
1403 939
1126 1222
1273 1076
1247 1147
1480 1002
1406 1056
1626 929
1484 1023
1235 1198
1296 1160
992 1637
1547 994
1059 1523
1521 1026
1049 1567
1374 1115
1267 1194
1115 1437
1117 1441
1438 1091
1542 1039
1765 871
1305 1207
1166 1350
1417 1136
1243 1258
1518 1089
1341 1228
1383 1201
1500 1131
1325 1243
1201 1375
1315 1259
1149 1524
1172 1547
1308 1352
1219 1491
1413 1270
1656 1145
1319 1399
1443 1285
1436 1313
1280 1494
1241 1558
1304 1499
1440 1340
1575 1249
1351 1464
1342 1498
1695 1199
1599 1257
1463 1380
1490 1367
1606 1303
1515 1413
1630 1317
1257 1705
1562 1391
1602 1366
1708 1294
1430 1575
1567 1453
1563 1457
1664 1378
1491 1553
1739 1283
1455 1608
1475 1595
1719 1359
1594 1507
1631 1484
1522 1584
1368 1758
1549 1579
1649 1511
1703 1445
1416 1755
1442 1744
1597 1624
1696 1536
1721 1503
1525 1713
1690 1562
1666 1607
1653 1632
1468 1770
1595 1691
1740 1521
1737 1535
1533 1762
1767 1427
1673 1672
1707 1657
1639 1753
1662 1760
1729 1695
1598 1786
1732 1772
798973218 2030751971
1
sift 88
108 87
232 175
10 4
300 485
218 287
98 56
154 148
393 248
114 157
439 568
332 332
170 91
279 261
470 416
189 115
929 1005
356 671
371 159
287 271
831 680
323 232
1539 1304
687 602
327 240
666 530
1066 841
361 245
736 733
306 309
768 724
1635 1021
350 312
1483 729
409 285
839 953
1329 1431
377 363
462 336
1134 840
375 444
489 393
1160 954
576 359
698 375
1330 1018
580 425
697 408
848 365
764 463
809 471
660 556
651 569
754 550
817 509
606 704
976 501
813 565
819 572
756 664
946 540
1036 517
850 617
1147 544
1312 553
1515 528
906 722
1381 559
1248 613
1425 581
974 754
1299 684
1559 641
1049 811
1440 712
1171 825
1150 938
1574 787
1373 909
1254 968
1713 832
1698 842
1460 970
1634 988
1311 1134
1669 1065
1628 1162
1590 1268
1604 1457
