896192825 1481597607
1
sift 102
123 302
240 243
213 314
205 430
246 289
377 312
459 383
387 503
537 340
472 417
492 502
419 948
398 1144
546 723
515 843
511 894
700 626
591 864
503 1176
625 888
678 840
506 1375
510 1427
623 1020
586 1337
661 1083
799 960
481 2106
467 2299
673 1249
797 1002
501 2182
851 1046
760 1209
651 1511
656 1502
566 2025
771 1327
1298 695
938 1082
852 1346
855 1451
1527 714
733 1753
982 1219
818 1653
1271 880
811 1681
808 1766
755 1952
643 2603
981 1435
777 1955
1160 1139
987 1615
1017 1558
793 2425
893 2002
1573 984
904 2053
885 2196
1152 1448
946 1966
830 2609
1927 898
967 2070
1843 968
1095 1802
1088 1848
1322 1499
1052 1986
1147 1787
966 2508
1287 1635
1305 1611
1164 1821
1175 1806
1614 1516
1068 2518
1310 1884
2228 1190
1094 2636
1113 2624
1155 2547
1188 2475
1609 1847
1507 1985
1493 2102
1595 2009
1311 2573
1733 1889
1405 2540
1331 2651
1509 2479
2176 1665
1719 2136
2197 1761
1683 2452
1859 2447
2075 2304
1881 2539
2562 2090
