965715659 1444320462
1
sift 93
88 71
160 85
31 22
921 1054
108 65
50 45
114 113
120 125
75 77
1002 1062
298 215
86 80
229 177
130 162
125 87
288 250
141 148
561 485
338 269
193 143
405 401
176 154
1174 1605
434 468
305 209
397 546
268 246
505 610
329 252
584 862
248 348
612 573
301 310
769 897
348 312
798 595
395 393
425 378
791 692
378 424
467 405
790 719
532 357
602 372
724 880
470 471
503 438
919 718
606 391
553 444
1468 1544
436 625
713 502
1705 1475
668 722
664 749
720 713
624 839
774 688
804 640
727 758
723 823
788 775
785 793
794 870
848 894
835 916
1064 701
880 902
889 939
874 1008
963 918
913 984
917 1031
941 1046
902 1107
938 1108
1016 1052
858 1323
1003 1139
1045 1141
1317 876
1170 1225
1228 1379
1132 1729
1285 1526
1245 1749
1343 1551
1380 1560
1362 1623
1400 1607
1641 1504
1522 1707
