983357929 1059548076
1
sift 901
2301 1420
2575 1856
10 5
1378 932
352 285
74 40
2279 1595
2332 2213
120 61
1500 1063
903 721
112 77
2922 2254
3128 2365
138 65
2164 1247
1068 1015
151 64
3413 2321
2869 2579
141 71
2476 1529
1315 1122
129 80
3106 3060
3239 2559
156 79
2181 2324
1544 1605
195 72
3397 3374
148 100
2796 1998
1954 1434
204 91
182 101
2532 2296
1933 1931
197 97
154 141
2650 2226
2187 2428
219 103
228 99
2458 2672
244 96
208 114
2946 2863
166 146
247 106
2673 3153
229 113
249 133
3426 3192
279 116
259 132
212 192
260 181
268 179
329 140
309 150
277 185
280 178
289 170
323 160
296 206
294 211
339 168
276 222
342 183
316 202
368 173
288 225
383 176
349 197
291 239
388 190
283 247
334 219
385 207
464 166
408 216
400 223
281 299
417 229
395 242
370 254
416 234
373 259
365 261
404 265
432 256
422 260
441 255
467 241
419 279
466 267
468 273
476 271
469 296
455 309
536 276
490 305
559 275
533 293
439 364
424 394
532 321
607 280
415 449
515 332
551 317
485 378
637 290
619 297
481 404
426 504
583 327
539 354
528 365
567 342
594 328
658 301
599 339
664 315
556 386
705 300
603 353
550 403
560 400
584 381
668 335
723 310
623 375
519 472
709 336
660 363
618 392
636 399
475 565
761 340
516 536
591 480
625 450
629 457
736 388
611 485
739 390
715 401
639 475
703 417
678 437
633 487
690 445
706 430
786 395
646 517
652 514
638 529
762 434
682 511
679 518
825 429
643 556
1092 346
749 534
748 548
835 515
876 490
753 562
1038 442
887 501
686 618
697 615
1064 444
846 537
946 505
1062 465
940 516
871 541
1001 491
900 528
1058 478
724 627
867 553
843 579
837 590
964 531
738 639
795 612
650 742
853 592
1012 526
984 538
1031 532
927 574
859 610
791 648
732 689
888 605
970 582
657 824
988 576
695 773
1037 581
808 683
756 736
894 642
987 616
941 631
778 739
901 650
998 624
810 749
1167 571
1088 608
950 656
1143 598
757 850
985 664
999 659
1110 635
952 705
895 758
794 875
827 840
962 716
1073 661
978 707
874 798
1017 722
910 791
854 859
1010 731
1238 622
1026 730
1094 688
1137 667
1202 645
967 778
868 892
861 899
1214 655
1144 692
1176 673
995 802
1183 681
914 885
1014 809
986 841
1077 776
1090 767
880 927
1108 760
1061 796
1034 834
1217 699
1065 811
848 1004
850 1024
1074 846
1146 779
1258 720
912 979
1171 782
1099 852
1283 723
1015 926
1032 940
1022 950
1246 775
1189 821
1178 837
1328 768
1288 786
1256 813
1208 853
1156 901
897 1141
1044 1026
1128 951
1600 674
925 1140
921 1145
1231 900
1276 879
961 1118
1540 703
1316 849
1352 830
1153 952
1389 805
1181 935
1149 965
1319 862
1450 774
1386 822
1297 888
1098 1027
1293 894
1198 956
1325 886
1115 1059
1261 948
1078 1111
1269 945
1412 877
1414 891
1066 1163
1106 1113
1220 1023
1550 800
1080 1177
1302 968
1222 1041
1626 784
1390 936
1471 902
1364 981
1387 987
1132 1206
1443 947
1475 918
1419 977
1666 835
1284 1081
1053 1374
1247 1136
1678 866
1228 1167
1139 1265
1809 810
1695 874
1478 976
1454 1005
1381 1067
1538 963
1542 973
1119 1373
1638 924
1264 1203
1086 1424
1271 1211
1445 1070
1452 1074
1556 1017
1463 1068
1209 1320
1777 908
1273 1255
1332 1204
1239 1297
1672 1001
1747 959
1560 1066
1546 1072
1589 1052
1612 1044
1446 1170
1113 1550
1184 1487
1517 1146
1539 1133
1859 964
1822 982
1793 1003
1636 1080
1147 1575
1607 1132
1462 1232
1629 1117
1904 991
1632 1153
2117 942
1351 1458
1494 1295
1739 1112
1852 1065
1533 1269
1576 1239
1598 1227
1535 1292
1561 1286
1487 1357
1647 1223
1779 1144
1754 1175
1924 1091
1757 1184
1610 1325
1750 1215
1685 1262
1655 1298
1942 1128
1825 1188
1937 1134
1579 1388
1723 1267
1664 1324
1738 1270
1689 1307
1702 1300
1679 1330
1648 1362
1461 1547
1585 1431
1603 1427
1510 1519
1902 1213
1502 1537
2012 1171
1845 1260
1836 1264
1657 1408
1920 1218
1824 1287
1605 1488
1840 1290
1457 1638
1857 1291
1587 1514
1619 1498
1764 1378
1661 1471
1650 1481
1943 1259
1743 1407
1621 1507
1596 1535
1870 1322
2457 1029
1882 1310
1515 1628
1382 1820
1991 1276
1644 1531
2066 1248
1906 1351
1891 1384
1799 1444
1658 1559
2264 1174
1833 1428
1624 1622
2046 1312
1606 1650
1740 1516
1676 1565
1623 1637
1784 1509
1652 1625
1909 1425
1925 1413
1814 1497
2191 1283
2086 1363
2051 1390
1653 1689
1887 1502
1963 1459
1531 1835
2151 1352
1532 1837
1934 1489
1584 1781
2139 1365
1936 1494
1765 1619
1704 1684
1434 2041
1970 1495
2062 1450
2000 1500
1864 1600
1718 1717
2023 1504
1898 1591
1984 1541
1996 1539
2126 1485
1951 1585
1705 1783
2171 1452
2506 1245
1923 1623
1993 1564
2364 1333
2205 1438
2039 1548
2481 1277
2222 1437
2210 1446
1929 1645
2116 1523
2141 1517
1896 1697
2162 1518
1847 1737
2133 1546
2082 1578
2250 1473
1696 1904
1962 1678
2008 1657
2291 1472
1884 1745
2144 1572
1978 1688
1755 1871
2281 1484
2387 1416
1897 1754
2029 1672
2067 1655
2182 1569
2070 1665
2088 1666
1837 1845
2128 1634
1865 1851
2040 1730
1939 1799
2150 1669
2212 1617
1895 1865
2276 1583
1894 1883
2644 1393
2395 1528
1772 2043
2178 1696
1834 1974
1908 1913
1983 1852
2453 1526
1982 1864
2214 1699
2294 1643
1944 1918
1990 1899
2412 1590
2267 1692
2102 1833
2425 1603
2837 1399
1855 2090
2229 1750
2095 1858
2059 1896
2235 1743
1683 2347
1987 1979
2436 1624
1931 2046
3154 1328
2356 1702
1853 2180
2515 1615
2350 1733
1985 2073
2509 1649
1780 2348
2288 1810
2118 1988
2426 1724
2361 1762
1892 2244
2238 1868
2246 1882
2201 1951
2230 1941
2289 1866
2797 1566
2385 1798
2073 2119
2104 2096
2819 1570
2135 2076
2110 2105
2577 1706
2679 1668
1903 2352
2337 1889
2473 1800
2327 1920
2015 2257
2239 2007
2233 2033
2799 1651
2390 1905
2543 1788
2157 2155
1849 2511
2274 2014
2367 1944
2707 1734
2285 2040
2342 1983
2517 1831
2561 1813
2392 1954
2399 1948
2166 2205
2709 1748
2334 2012
3077 1611
2410 1977
2044 2395
2480 1928
2401 1993
2423 1994
2569 1877
2666 1825
2340 2079
2168 2283
2568 1891
2317 2130
2347 2099
1971 2529
3150 1620
2369 2084
2270 2204
2123 2414
2278 2206
2472 2013
2389 2091
2459 2032
2878 1761
2889 1763
2419 2098
2634 1933
2599 1959
2360 2160
2582 1997
2733 1897
2089 2540
2439 2137
3103 1732
2559 2042
2167 2477
2378 2210
2432 2168
2244 2387
2068 2607
2567 2074
2381 2247
2602 2059
2803 1908
2320 2356
2856 1921
2534 2144
2560 2142
2380 2309
2908 1907
2911 1919
2918 1909
2563 2156
2074 2721
2719 2055
2685 2093
2443 2299
1919 2954
2313 2466
2779 2037
2902 1966
2588 2195
2753 2077
2703 2128
2930 1976
2207 2627
2901 1995
2354 2474
2767 2104
2652 2191
2977 1971
2694 2164
2460 2405
2462 2412
2265 2617
2698 2242
2418 2500
2755 2211
3117 1975
3202 1932
2620 2351
2836 2171
2708 2293
3031 2088
2255 2760
3293 1924
2697 2337
2691 2354
2621 2453
2773 2317
3204 2039
2739 2371
2400 2674
2887 2263
3366 1937
2715 2413
2985 2223
3339 1973
3187 2085
2717 2440
2742 2425
3159 2113
3011 2231
2853 2335
2737 2456
2359 2793
2510 2609
3083 2196
2861 2345
2482 2673
3052 2230
3196 2140
2629 2562
2743 2501
2668 2548
2520 2670
2524 2668
2834 2438
2979 2322
2683 2554
2696 2553
3453 1978
3136 2241
2876 2451
3061 2306
2586 2683
2943 2410
2965 2427
3018 2379
2942 2462
2514 2786
2658 2677
2638 2701
3235 2246
3274 2216
3138 2310
2768 2587
2368 2992
3180 2277
2174 3376
3071 2384
2997 2465
3226 2273
2730 2664
2871 2551
3157 2350
3359 2224
2969 2527
2716 2734
3045 2499
3362 2248
2746 2746
3046 2516
3148 2459
2941 2594
3115 2486
3267 2357
3146 2478
3170 2471
3198 2461
3063 2552
2831 2735
3428 2280
3066 2578
2626 2955
2546 3054
3174 2512
3177 2515
2756 2885
3338 2434
3026 2687
2934 2768
3014 2716
3420 2383
3417 2415
3058 2706
3314 2514
3142 2642
2929 2826
3325 2531
2848 2933
3297 2576
3282 2589
2813 2961
3500 2065
3224 2666
2504 3386
3017 2835
3271 2618
2654 3201
3292 2639
2994 2891
3164 2749
2794 3115
3062 2859
2564 3429
3388 2590
3383 2604
3262 2737
3495 2344
2784 3209
3391 2655
2950 3064
3475 2518
3398 2680
2731 3353
3327 2755
2838 3198
3473 2558
3284 2840
3143 2958
3078 3043
3365 2757
2637 3581
2913 3200
2805 3325
3303 2838
2897 3236
3370 2771
2866 3316
3131 3046
3113 3096
3003 3194
3461 2717
3183 3050
3436 2811
3246 3012
3444 2806
2898 3443
3279 3017
2858 3499
3042 3285
3044 3292
3347 2966
3405 2909
3172 3170
3173 3174
3230 3127
3228 3130
3324 3042
3355 3010
3049 3395
3166 3220
3329 3069
2960 3523
3275 3147
3222 3213
2724 3920
3111 3392
2874 3705
3139 3390
3363 3122
3191 3364
2896 3789
2523 4350
3469 3015
3190 3459
3225 3420
3354 3227
3188 3468
3236 3458
3463 3097
3304 3380
3382 3249
2788 4128
3144 3621
3258 3479
3470 3117
3448 3196
3201 3576
3342 3400
3093 3805
3130 3814
3446 3336
2822 4239
2944 4171
3454 3385
3387 3532
3313 3690
3273 3760
3430 3586
3255 3890
3263 3897
3429 3623
3048 4311
3322 3973
3091 4331
3316 4107
3478 3607
3266 4306
3372 4155
3400 4141
3465 3956
3333 4371
3408 4283
3371 4482
3488 4467
983357929 1081171077
1
sift 225
154 92
493 282
194 87
229 106
1235 856
263 113
294 134
1438 900
277 145
316 140
3060 1708
318 154
306 209
2759 2042
426 167
404 187
378 253
485 208
499 215
428 284
439 285
438 307
501 292
503 294
519 326
507 331
522 344
643 349
622 401
612 430
732 355
724 368
713 386
656 433
615 480
657 448
719 412
686 436
689 461
700 456
813 428
743 463
764 470
858 475
891 473
740 547
890 506
1099 474
914 538
794 596
1119 492
790 632
868 619
978 624
990 626
1032 620
1181 569
925 666
1321 539
1024 641
1223 575
1051 677
1201 617
1158 657
1074 699
917 776
1264 660
1174 695
1407 634
1011 795
1139 739
1168 730
1192 734
1098 777
1199 737
1157 753
1387 680
1136 791
1496 669
1106 839
1581 668
1343 778
1346 814
1124 958
1494 809
1499 815
1350 948
1718 822
1446 943
1539 889
1474 924
1515 914
1653 863
1619 879
2128 754
1688 885
1601 928
1533 975
1645 932
1604 967
1785 892
1782 935
1623 1015
1946 881
1521 1086
1928 923
1705 1058
2172 888
1656 1081
1766 1038
1587 1157
2179 925
2202 922
1908 1027
1894 1039
1896 1041
1962 1016
2294 920
1833 1130
1759 1164
1733 1176
1681 1217
1970 1113
1905 1166
2166 1067
2059 1119
2090 1108
2027 1151
1940 1186
2256 1074
1955 1240
2233 1138
1837 1324
1983 1248
2724 992
2153 1201
2174 1197
2601 1059
2944 1043
2197 1295
2372 1221
2244 1313
2296 1291
2389 1274
2434 1258
2367 1299
2419 1286
2418 1326
2527 1298
2317 1410
2007 1575
2534 1363
2528 1382
2265 1494
2906 1264
2379 1457
2447 1464
2388 1490
2591 1459
2520 1475
2339 1560
3241 1287
2665 1480
2269 1681
2686 1524
2765 1512
2170 1789
3406 1317
3026 1442
2949 1509
3074 1500
2592 1687
3027 1554
2776 1630
2741 1654
3017 1567
2812 1642
3071 1586
2885 1651
3085 1599
3280 1548
2638 1772
2886 1672
3058 1620
2525 1859
3262 1581
3172 1600
3214 1597
3105 1646
2930 1735
2850 1768
2892 1758
3311 1607
3010 1725
3111 1698
3233 1655
3142 1699
2953 1791
2675 1934
2853 1874
2897 1868
2750 1944
3006 1823
3355 1719
3076 1844
3051 1860
2924 1941
3387 1734
2898 1985
2867 2007
3244 1862
2786 2098
3477 1730
2693 2236
2959 2112
3258 1969
3034 2121
3312 1999
3245 2069
3143 2198
3454 2066
3139 2301
3341 2274
3408 2249
3430 2290
983357929 1261438133
1
sift 221
197 85
199 271
194 277
185 454
182 607
263 389
268 487
203 812
723 192
245 659
312 446
270 611
259 700
212 1298
551 345
404 499
786 351
336 888
428 667
660 436
324 1043
357 895
281 1759
927 447
397 1141
407 1333
536 908
394 1614
507 1015
503 1073
468 1248
499 1194
485 1247
677 832
528 1128
522 1154
1084 591
573 1064
576 1269
1319 614
623 1260
656 1250
524 1775
1488 599
757 1137
557 1796
1443 687
914 1002
512 2167
681 1578
829 1249
1297 858
1062 1005
616 1867
1589 754
933 1216
596 2136
622 2097
671 2012
1859 774
862 1629
682 2207
1454 977
1196 1227
1051 1444
795 1888
652 2585
641 2799
1316 1228
894 1845
737 2354
806 2123
1181 1453
777 2293
864 1997
839 2087
1697 1029
1115 1685
1005 1858
1740 1057
994 1945
758 2780
1213 1642
2009 964
697 3175
1776 1132
817 2739
2012 1037
827 2725
1141 1893
1135 2045
1204 1967
783 3374
841 3121
858 3072
1053 2519
913 2954
1225 2074
981 2853
935 3015
1223 2155
1007 2867
1000 2989
1192 2511
1134 2731
2509 1152
1080 2973
1090 2913
1426 2066
1601 1913
962 3676
1473 2122
2412 1324
1445 2241
1010 3588
1156 3000
896 4155
1651 1941
953 3946
1760 1865
1271 2835
1603 2076
1050 3695
2250 1547
1375 2706
1065 3750
2008 1757
1656 2128
1149 3465
1298 2991
1030 4172
1241 3157
2677 1381
2798 1346
1323 3012
1061 4124
1252 3218
1139 3766
1346 3062
1024 4500
2734 1443
3083 1368
1671 2603
1964 2135
1841 2310
1205 4082
1390 3331
1419 3313
1824 2450
2013 2196
1436 3398
1220 4331
1561 3086
1389 3694
1499 3270
2041 2401
1593 3168
1460 3573
1723 3052
1581 3383
1875 2831
2028 2743
1911 3009
2196 2630
2599 2242
1516 4351
2911 2051
1623 4056
1737 3753
2733 2322
2034 3342
1698 4195
1927 3650
1629 4578
2031 3631
1896 4036
1917 4006
3196 2368
2049 4012
2773 2877
2518 3132
1925 4501
2470 3305
3403 2502
2197 4193
2891 3096
2785 3190
2317 3980
2315 4046
2516 3603
2465 3729
2399 3857
2824 3215
2298 4171
2436 3883
3222 2925
2582 3706
2231 4533
2419 4175
2556 3922
2208 4660
2850 3564
3058 3391
2664 3957
2520 4236
2612 4107
2438 4435
2286 4696
2418 4541
2818 3903
3362 3206
2977 3866
2737 4359
2686 4477
3041 3953
3377 3471
2965 4392
2569 4738
3339 3899
3254 4496
3241 4757
983357929 1846734614
1
sift 64
1989 243
166 848
291 536
728 262
1045 228
493 491
642 426
1172 306
277 1202
529 582
570 672
1492 376
897 628
1479 496
676 1023
2431 428
966 838
902 882
756 1076
1856 568
961 976
1068 953
724 1370
2498 624
2257 671
1236 1069
1032 1380
1713 910
1119 1312
791 1883
1571 1018
2115 832
1128 1609
1497 1217
1730 1098
809 2485
2085 1064
1017 2071
1438 1450
1885 1196
1735 1373
1234 2082
3418 958
1804 1558
1350 2153
1954 1541
2006 1629
2458 1463
1985 1857
2514 1602
2857 1509
3044 1462
3162 1522
2673 1785
2460 1948
1955 2682
3322 1659
2682 2064
2570 2151
2615 2307
2807 2477
2946 2404
2627 2734
2792 2717
983357929 1887534972
1
sift 248
194 72
352 165
177 81
318 112
810 610
316 121
295 128
1015 561
291 131
404 132
728 702
321 167
550 142
1314 703
363 206
503 177
1172 777
439 231
403 251
1381 879
507 228
523 224
1398 978
656 220
315 441
1544 988
501 288
516 297
1194 1773
643 248
700 244
1933 1238
719 271
932 285
2131 1377
838 332
724 362
2187 1518
756 392
1011 345
2402 1670
650 464
1074 369
2678 1543
890 422
903 430
2501 1948
1158 400
778 567
2572 1919
1014 489
1077 484
3449 2284
1032 505
1063 497
1225 435
1157 451
1321 432
1264 442
897 593
1199 479
635 763
912 607
1263 491
1124 550
1405 458
1066 600
1247 538
1069 615
1234 551
1154 611
1201 602
1308 583
961 690
1128 681
1106 707
1601 566
1619 616
1387 674
1535 641
1603 644
1721 626
1499 671
1228 787
1350 767
1457 735
1655 678
1306 869
1446 811
1497 784
1360 883
1515 835
1549 815
1633 789
1692 772
1468 870
1653 794
1927 733
1571 854
1651 819
1510 900
1687 834
1605 873
1656 868
1587 913
1713 864
1928 803
1896 836
1853 849
2034 790
1733 899
2059 814
2049 821
1645 955
2074 817
1730 928
1606 995
2527 734
1804 941
1521 1113
2006 946
2090 923
2296 862
1532 1161
1885 1009
2153 929
2079 992
1955 1044
2007 1035
1683 1190
2265 968
2418 952
2197 1042
2601 932
2958 892
2815 934
1985 1186
2636 972
2230 1116
3027 920
1919 1265
2724 1004
1895 1303
2773 1000
2317 1130
2085 1237
2339 1125
1884 1341
2044 1277
1946 1312
2271 1184
1954 1329
1990 1325
2850 1064
2379 1215
2388 1221
1849 1500
2434 1242
2269 1314
2943 1106
2201 1361
2244 1349
3144 1074
2686 1193
1965 1549
2949 1163
2255 1441
2737 1284
2591 1332
2534 1357
2378 1422
2359 1440
2166 1569
2528 1373
3058 1271
3017 1287
3051 1282
2615 1414
2174 1663
3213 1253
2460 1521
2458 1535
2631 1461
2665 1450
2626 1465
2524 1515
2853 1400
2585 1520
2905 1419
3074 1369
2556 1604
2514 1634
2675 1580
2743 1563
2930 1503
2548 1667
3233 1413
2682 1619
3262 1430
2801 1596
2629 1704
3142 1511
2638 1745
3039 1577
2673 1735
2858 1679
2648 1769
2953 1661
3026 1635
2741 1758
3006 1642
2510 1849
3217 1573
2794 1751
2956 1701
3188 1608
3266 1586
3072 1671
3363 1583
2946 1780
3076 1753
2525 2018
2807 1859
3333 1718
3038 1848
2897 1910
2875 2005
3070 1894
2868 2048
2950 2037
3105 1995
3193 1975
3316 1902
3280 1936
2368 2520
3044 2060
3410 1891
2822 2205
3312 1980
3454 1943
3107 2140
3375 2063
2788 2522
3371 2218
3322 2337
3430 2303
3488 2601
3467 2906
983357929 2048594538
1
sift 57
141 297
127 406
185 363
147 781
178 492
206 457
214 818
219 798
245 624
202 988
228 892
261 728
270 941
260 1119
213 1875
324 835
385 673
357 907
290 1524
335 1135
356 1145
397 1371
417 1295
441 1149
491 1257
536 1162
607 963
469 1583
553 1256
463 1712
468 1726
528 1854
690 1235
768 1111
585 1699
825 1383
596 2269
634 2187
707 1926
671 2091
692 2113
821 1746
863 1666
860 1752
892 1891
758 2462
888 2046
900 2223
913 2211
933 2209
1195 1921
1072 2317
1071 2352
1134 2241
1217 2054
1206 2169
1186 2405
983357929 2075366909
1
sift 384
10 3385
209 48
104 133
151 90
133 140
100 351
411 86
149 190
118 430
128 459
140 390
515 122
309 197
204 320
210 370
192 418
182 652
618 173
301 334
185 766
195 733
247 563
244 585
715 180
206 776
263 578
264 582
214 894
300 485
349 375
236 770
245 845
196 1169
551 313
388 492
259 977
261 981
998 237
342 618
464 423
367 617
636 336
260 1328
329 815
325 914
786 324
1146 274
368 778
432 685
665 429
660 434
385 880
560 559
296 1338
490 674
958 356
417 887
280 1753
340 1162
334 1281
709 518
281 1936
927 448
324 1619
466 939
467 951
356 1405
290 2072
422 1126
365 1423
426 1147
336 1734
1208 421
455 1122
1081 500
1452 394
532 992
441 1252
1038 542
582 938
506 1082
601 947
357 2013
509 1151
499 1216
438 1624
1266 552
607 1043
522 1280
507 1359
1764 439
739 903
1058 696
481 1613
559 1262
394 2228
470 1787
476 1758
468 1816
1584 529
397 2401
373 2628
1302 634
637 1211
2151 471
1031 847
619 1364
963 909
588 1497
573 1569
594 1561
1596 632
528 1967
552 1902
644 1535
1443 721
599 1711
887 1086
1319 806
1589 709
567 1984
986 1100
662 1835
1542 793
1560 805
984 1198
1125 1121
1034 1231
2039 727
554 2640
862 1536
838 1611
1338 1041
623 2265
1258 1116
852 1675
825 1767
540 2957
633 2405
885 1737
622 2592
2918 673
535 3366
640 2647
1144 1462
892 1858
706 2360
1073 1617
1108 1600
1110 1608
1195 1488
1238 1458
1025 1828
959 1901
625 3135
616 3224
837 2241
679 2867
1088 1827
736 2602
1129 1800
1454 1402
795 2547
1296 1622
1163 1851
1321 1660
970 2186
3274 800
1062 2114
652 3715
1167 1987
894 2594
1677 1420
1317 1864
1040 2346
672 3728
941 2576
1283 1918
1550 1596
3303 884
2354 1089
2739 998
1776 1424
737 3368
1176 2107
1318 1924
1262 1993
701 3690
853 3002
987 2635
2709 1046
888 2896
977 2707
901 2911
1157 2329
1231 2214
827 3326
843 3260
993 2821
1697 1687
1822 1625
946 3017
2480 1191
864 3381
1983 1548
1747 1757
758 4240
1214 2535
1189 2596
2985 1113
1740 1825
1109 2838
1217 2615
3338 1063
1143 2803
806 4167
1280 2517
1223 2660
1879 1789
937 3485
783 4431
2929 1181
2543 1361
1142 2944
1473 2249
841 4270
1303 2648
2591 1394
1141 3031
1271 2738
1054 3401
1504 2315
860 4480
1445 2563
1356 2745
3173 1240
1221 3048
2509 1564
2207 1817
981 4082
1601 2398
3146 1351
935 4488
1666 2368
1070 3933
1099 3750
1535 2589
1426 2831
952 4453
2283 1849
2906 1495
1514 2664
1689 2408
1204 3448
1010 4377
2412 1814
2602 1694
1050 4297
1183 3573
1059 4336
1252 3420
1090 4221
1824 2363
1612 2692
1001 4623
1288 3423
1450 3012
1471 2960
1030 4615
1346 3328
2008 2245
1325 3416
1089 4413
1184 3984
1475 3026
1182 4042
1499 3009
1882 2447
1937 2399
2735 1839
2250 2110
1414 3363
1267 3897
1139 4465
2214 2190
1523 3212
1390 3739
1707 2935
1816 2807
1825 2808
1754 2912
2282 2320
1984 2717
1376 4152
1624 3290
1298 4451
2457 2254
1650 3287
2178 2637
3011 2048
1679 3471
3384 1884
2798 2156
1906 3093
2126 2870
1328 4661
2911 2153
1568 3966
2264 2716
2049 3000
1581 3980
2013 3069
1698 3697
2196 2913
1671 3878
2599 2526
2356 2770
1927 3329
2120 3085
1621 4155
2733 2495
2116 3166
2028 3312
1857 3620
1744 3959
1702 4131
2041 3357
1793 3903
1723 4120
1721 4185
3159 2350
1922 3720
2020 3509
2291 3080
2158 3408
2222 3307
1994 3723
2246 3241
2837 2685
2062 3629
1654 4594
1887 4128
1920 4085
2101 3688
2270 3336
2202 3501
2459 3112
2144 3671
1502 4685
2229 3560
3498 2069
1977 4217
2799 2959
2286 3695
2046 4305
3016 2893
2284 3821
2504 3396
2200 4068
1923 4600
2803 3095
2410 3792
3031 3068
2560 3636
2191 4450
2197 4492
3077 3142
2267 4489
2582 4081
3402 3118
2392 4529
2471 4433
2785 3942
3222 3441
2664 4330
2813 4208
2686 4496
3074 4175
3109 4244
2997 4553
3125 4423
3383 4216
3339 4351
3234 4555
