 1.000000 -0.000000
  0.999760  0.000084
  0.999041  0.000338
  0.997844  0.000759
  0.996169  0.001347
  0.994017  0.002100
  0.991392  0.003016
  0.988293  0.004092
  0.984725  0.005325
  0.980690  0.006711
  0.976192  0.008247
  0.971233  0.009927
  0.965820  0.011748
  0.959954  0.013704
  0.953643  0.015790
  0.946891  0.017999
  0.939704  0.020326
  0.932087  0.022763
  0.924049  0.025306
  0.915595  0.027946
  0.906733  0.030676
  0.897471  0.033489
  0.887817  0.036379
  0.877779  0.039336
  0.867367  0.042354
  0.856590  0.045425
  0.845457  0.048541
  0.833980  0.051695
  0.822167  0.054877
  0.810031  0.058081
  0.797582  0.061298
  0.784832  0.064522
  0.771793  0.067743
  0.758477  0.070954
  0.744897  0.074148
  0.731065  0.077317
  0.716996  0.080453
  0.702701  0.083549
  0.688196  0.086598
  0.673494  0.089592
  0.658609  0.092525
  0.643555  0.095390
  0.628349  0.098180
  0.613004  0.100888
  0.597536  0.103509
  0.581961  0.106036
  0.566293  0.108463
  0.550548  0.110784
  0.534743  0.112994
  0.518894  0.115088
  0.503016  0.117061
  0.487125  0.118908
  0.471239  0.120625
  0.455373  0.122207
  0.439544  0.123652
  0.423769  0.124955
  0.408063  0.126114
  0.392443  0.127125
  0.376926  0.127987
  0.361528  0.128698
  0.346266  0.129256
  0.331154  0.129660
  0.316211  0.129910
  0.301451  0.130006
  0.285908  0.129830
  0.270494  0.129222
  0.255340  0.128194
  0.240469  0.126764
  0.225903  0.124950
  0.211662  0.122771
  0.197767  0.120249
  0.184237  0.117406
  0.171090  0.114264
  0.158343  0.110848
  0.146013  0.107182
  0.134114  0.103291
  0.122660  0.099201
  0.111664  0.094936
  0.101137  0.090523
  0.091090  0.085986
  0.081532  0.081352
  0.072471  0.076645
  0.063917  0.071889
  0.055873  0.067108
  0.048348  0.062325
  0.041344  0.057562
  0.034867  0.052841
  0.028919  0.048181
  0.023502  0.043601
  0.018620  0.039120
  0.014271  0.034754
  0.010458  0.030517
  0.007179  0.026425
  0.004435  0.022488
  0.002223  0.018718
  0.000542  0.015124
 -0.000610  0.011714
 -0.001237  0.008493
 -0.001342  0.005465
 -0.000928  0.002634
  0.000000  0.000000
  0.001421 -0.002404
  0.003315 -0.004546
  0.005675 -0.006429
  0.008496 -0.008058
  0.011769 -0.009438
  0.015490 -0.010574
  0.019648 -0.011475
  0.024237 -0.012148
  0.029248 -0.012601
  0.034672 -0.012845
  0.040500 -0.012890
  0.046721 -0.012748
  0.053327 -0.012430
  0.060306 -0.011949
  0.067649 -0.011319
  0.075346 -0.010552
  0.083385 -0.009663
  0.091756 -0.008666
  0.100448 -0.007578
  0.109451 -0.006411
  0.118755 -0.005184
  0.128350 -0.003909
  0.138225 -0.002605
  0.148371 -0.001286
  0.158779  0.000031
  0.169440  0.001331
  0.180345  0.002597
  0.191486  0.003814
  0.202856  0.004966
  0.214448  0.006037
  0.226255  0.007012
  0.238271  0.007876
  0.250490  0.008612
  0.262906  0.009207
  0.275515  0.009645
  0.288313  0.009911
  0.301402  0.009993
  0.315665  0.010017
  0.330108  0.010071
  0.344717  0.010153
  0.359481  0.010256
  0.374384  0.010378
  0.389414  0.010513
  0.404556  0.010657
  0.419797  0.010808
  0.435122  0.010959
  0.450518  0.011109
  0.465970  0.011253
  0.481464  0.011388
  0.496984  0.011510
  0.512517  0.011618
  0.528047  0.011708
  0.543560  0.011777
  0.559040  0.011825
  0.574474  0.011849
  0.589845  0.011847
  0.605139  0.011819
  0.620341  0.011763
  0.635436  0.011679
  0.650408  0.011567
  0.665244  0.011427
  0.679929  0.011258
  0.694447  0.011062
  0.708784  0.010839
  0.722925  0.010591
  0.736857  0.010317
  0.750564  0.010020
  0.764034  0.009702
  0.777251  0.009364
  0.790203  0.009007
  0.802876  0.008635
  0.815257  0.008248
  0.827332  0.007850
  0.839090  0.007441
  0.850517  0.007026
  0.861601  0.006605
  0.872332  0.006181
  0.882696  0.005757
  0.892684  0.005334
  0.902284  0.004915
  0.911486  0.004503
  0.920279  0.004098
  0.928655  0.003703
  0.936603  0.003320
  0.944116  0.002951
  0.951184  0.002598
  0.957800  0.002262
  0.963957  0.001944
  0.969647  0.001647
  0.974865  0.001371
  0.979603  0.001118
  0.983858  0.000888
  0.987623  0.000684
  0.990896  0.000504
  0.993671  0.000352
  0.995946  0.000226
  0.997718  0.000127
  0.998985  0.000057
  0.999746  0.000014
  1.000000  0.000000