1.000000 -0.000000
  0.999764  0.000113
  0.999057  0.000452
  0.997879  0.001015
  0.996230  0.001801
  0.994113  0.002807
  0.991527  0.004030
  0.988476  0.005465
  0.984961  0.007107
  0.980984  0.008950
  0.976548  0.010989
  0.971656  0.013216
  0.966311  0.015624
  0.960518  0.018204
  0.954280  0.020948
  0.947601  0.023846
  0.940487  0.026889
  0.932942  0.030066
  0.924973  0.033366
  0.916585  0.036779
  0.907784  0.040293
  0.898578  0.043896
  0.888973  0.047577
  0.878977  0.051322
  0.868597  0.055121
  0.857843  0.058959
  0.846723  0.062825
  0.835247  0.066706
  0.823423  0.070589
  0.811261  0.074461
  0.798774  0.078310
  0.785970  0.082124
  0.772861  0.085889
  0.759460  0.089593
  0.745778  0.093225
  0.731827  0.096773
  0.717621  0.100224
  0.703173  0.103568
  0.688496  0.106794
  0.673604  0.109891
  0.658512  0.112849
  0.643235  0.115658
  0.627787  0.118309
  0.612185  0.120793
  0.596443  0.123101
  0.580579  0.125225
  0.564608  0.127159
  0.548548  0.128895
  0.532415  0.130428
  0.516226  0.131752
  0.500000  0.132862
  0.483754  0.133753
  0.467505  0.134423
  0.451272  0.134869
  0.435074  0.135088
  0.418928  0.135079
  0.402852  0.134842
  0.386867  0.134377
  0.370989  0.133685
  0.355238  0.132768
  0.339631  0.131628
  0.324187  0.130269
  0.308924  0.128694
  0.293861  0.126909
  0.279014  0.124919
  0.264402  0.122731
  0.250040  0.120351
  0.235947  0.117787
  0.222139  0.115047
  0.208631  0.112141
  0.195439  0.109078
  0.182579  0.105868
  0.170064  0.102521
  0.157909  0.099049
  0.146127  0.095463
  0.134732  0.091774
  0.123734  0.087995
  0.113147  0.084137
  0.102980  0.080214
  0.093245  0.076237
  0.083951  0.072218
  0.075106  0.068172
  0.066721  0.064109
  0.058801  0.060042
  0.051355  0.055982
  0.044388  0.051942
  0.037907  0.047933
  0.031917  0.043965
  0.026422  0.040049
  0.021426  0.036194
  0.016933  0.032411
  0.012945  0.028707
  0.009465  0.025090
  0.006495  0.021568
  0.004035  0.018148
  0.002086  0.014833
  0.000649  0.011631
 -0.000277  0.008543
 -0.000693  0.005574
 -0.000600  0.002726
  0.000000  0.000000
  0.001093 -0.002568
  0.002666 -0.004944
  0.004715 -0.007126
  0.007236 -0.009117
  0.010225 -0.010918
  0.013678 -0.012530
  0.017588 -0.013955
  0.021952 -0.015195
  0.026761 -0.016253
  0.032011 -0.017132
  0.037693 -0.017835
  0.043802 -0.018366
  0.050329 -0.018729
  0.057266 -0.018927
  0.064605 -0.018965
  0.072339 -0.018848
  0.080457 -0.018582
  0.088951 -0.018171
  0.097813 -0.017622
  0.107032 -0.016940
  0.116600 -0.016132
  0.126507 -0.015204
  0.136742 -0.014164
  0.147297 -0.013018
  0.158162 -0.011774
  0.169326 -0.010439
  0.180779 -0.009022
  0.192512 -0.007531
  0.204514 -0.005973
  0.216775 -0.004357
  0.229286 -0.002691
  0.242034 -0.000985
  0.255011  0.000754
  0.268206  0.002515
  0.281608  0.004292
  0.295207  0.006075
  0.308991  0.007854
  0.322951  0.009623
  0.337075  0.011372
  0.351352  0.013093
  0.365771  0.014778
  0.380321  0.016419
  0.394990  0.018009
  0.409766  0.019540
  0.424638  0.021005
  0.439593  0.022399
  0.454620  0.023714
  0.469705  0.024946
  0.484836  0.026089
  0.500000  0.027138
  0.515184  0.028090
  0.530376  0.028941
  0.545560  0.029687
  0.560725  0.030328
  0.575855  0.030859
  0.590938  0.031281
  0.605958  0.031593
  0.620903  0.031795
  0.635756  0.031888
  0.650505  0.031872
  0.665134  0.031750
  0.679629  0.031523
  0.693975  0.031195
  0.708158  0.030770
  0.722163  0.030250
  0.735976  0.029641
  0.749581  0.028947
  0.762965  0.028174
  0.776114  0.027326
  0.789012  0.026411
  0.801646  0.025434
  0.814001  0.024402
  0.826065  0.023321
  0.837824  0.022198
  0.849263  0.021041
  0.860371  0.019856
  0.871134  0.018651
  0.881540  0.017433
  0.891577  0.016208
  0.901233  0.014986
  0.910496  0.013771
  0.919355  0.012571
  0.927800  0.011394
  0.935820  0.010245
  0.943405  0.009131
  0.950547  0.008058
  0.957237  0.007032
  0.963465  0.006059
  0.969225  0.005143
  0.974509  0.004290
  0.979310  0.003504
  0.983622  0.002789
  0.987441  0.002149
  0.990760  0.001588
  0.993576  0.001108
  0.995884  0.000712
  0.997683  0.000402
  0.998970  0.000179
  0.999742  0.000045
  1.000000  0.000000