1.000000 -0.000000
  0.999769  0.000124
  0.999075  0.000494
  0.997919  0.001109
  0.996301  0.001969
  0.994223  0.003069
  0.991686  0.004407
  0.988690  0.005979
  0.985238  0.007780
  0.981332  0.009804
  0.976974  0.012046
  0.972167  0.014499
  0.966913  0.017155
  0.961216  0.020007
  0.955080  0.023047
  0.948508  0.026265
  0.941504  0.029652
  0.934074  0.033199
  0.926222  0.036896
  0.917954  0.040731
  0.909275  0.044695
  0.900192  0.048776
  0.890711  0.052963
  0.880840  0.057245
  0.870585  0.061610
  0.859955  0.066045
  0.848958  0.070540
  0.837603  0.075082
  0.825899  0.079659
  0.813855  0.084259
  0.801481  0.088870
  0.788789  0.093481
  0.775788  0.098078
  0.762490  0.102650
  0.748908  0.107186
  0.735052  0.111674
  0.720935  0.116101
  0.706571  0.120457
  0.691973  0.124731
  0.677155  0.128911
  0.662130  0.132986
  0.646914  0.136947
  0.631521  0.140781
  0.615966  0.144481
  0.600265  0.148034
  0.584434  0.151433
  0.568490  0.154668
  0.552448  0.157729
  0.536327  0.160609
  0.520142  0.163300
  0.503912  0.165793
  0.487654  0.168083
  0.471386  0.170161
  0.455126  0.172022
  0.438893  0.173660
  0.422704  0.175070
  0.406579  0.176249
  0.390047  0.177165
  0.373269  0.177706
  0.356609  0.177859
  0.340089  0.177629
  0.323734  0.177016
  0.307568  0.176028
  0.291615  0.174670
  0.275898  0.172950
  0.260440  0.170877
  0.245263  0.168462
  0.230390  0.165716
  0.215841  0.162653
  0.201637  0.159286
  0.187799  0.155631
  0.174343  0.151703
  0.161290  0.147519
  0.148655  0.143098
  0.136454  0.138456
  0.124703  0.133613
  0.113414  0.128588
  0.102602  0.123400
  0.092278  0.118069
  0.082452  0.112615
  0.073135  0.107057
  0.064334  0.101415
  0.056057  0.095709
  0.048310  0.089957
  0.041100  0.084178
  0.034431  0.078389
  0.028307  0.072609
  0.022730  0.066854
  0.017703  0.061139
  0.013226  0.055480
  0.009300  0.049890
  0.005925  0.044382
  0.003101  0.038967
  0.000825  0.033657
 -0.000905  0.028460
 -0.002091  0.023383
 -0.002737  0.018435
 -0.002846  0.013619
 -0.002423  0.008940
 -0.001473  0.004400
  0.000000  0.000000
  0.001966 -0.004203
  0.004397 -0.008152
  0.007284 -0.011849
  0.010622 -0.015296
  0.014403 -0.018497
  0.018618 -0.021453
  0.023259 -0.024169
  0.028316 -0.026647
  0.033781 -0.028894
  0.039643 -0.030911
  0.045893 -0.032706
  0.052521 -0.034283
  0.059515 -0.035647
  0.066866 -0.036805
  0.074562 -0.037762
  0.082593 -0.038525
  0.090948 -0.039102
  0.099615 -0.039498
  0.108586 -0.039723
  0.117848 -0.039782
  0.127393 -0.039685
  0.137209 -0.039440
  0.147287 -0.039055
  0.157617 -0.038539
  0.168191 -0.037902
  0.178999 -0.037152
  0.190034 -0.036300
  0.201286 -0.035354
  0.212750 -0.034326
  0.224416 -0.033225
  0.236279 -0.032062
  0.248332 -0.030848
  0.260569 -0.029593
  0.272983 -0.028308
  0.285570 -0.027004
  0.298323 -0.025694
  0.311237 -0.024387
  0.324307 -0.023094
  0.337528 -0.021828
  0.350894 -0.020600
  0.364400 -0.019419
  0.378041 -0.018298
  0.391810 -0.017247
  0.406039 -0.016266
  0.420861 -0.015281
  0.435774 -0.014280
  0.450766 -0.013268
  0.465824 -0.012253
  0.480936 -0.011241
  0.496088 -0.010238
  0.511269 -0.009250
  0.526464 -0.008283
  0.541660 -0.007340
  0.556843 -0.006428
  0.572000 -0.005549
  0.587116 -0.004708
  0.602177 -0.003908
  0.617169 -0.003151
  0.632077 -0.002439
  0.646887 -0.001775
  0.661583 -0.001160
  0.676151 -0.000594
  0.690576 -0.000078
  0.704844  0.000388
  0.718939  0.000804
  0.732846  0.001171
  0.746551  0.001490
  0.760039  0.001762
  0.773295  0.001989
  0.786304  0.002173
  0.799052  0.002317
  0.811525  0.002421
  0.823709  0.002489
  0.835589  0.002524
  0.847152  0.002528
  0.858383  0.002503
  0.869271  0.002454
  0.879802  0.002381
  0.889963  0.002290
  0.899742  0.002181
  0.909127  0.002058
  0.918106  0.001924
  0.926668  0.001781
  0.934802  0.001633
  0.942499  0.001480
  0.949747  0.001326
  0.956538  0.001173
  0.962863  0.001023
  0.968714  0.000878
  0.974082  0.000739
  0.978961  0.000609
  0.983345  0.000488
  0.987227  0.000378
  0.990602  0.000281
  0.993465  0.000197
  0.995813  0.000127
  0.997643  0.000072
  0.998952  0.000032
  0.999738  0.000008
  1.000000  0.000000