Time/BA(s)	RefinedPose	ConstPose	IgnoredPose	RefinedPts	ConstPts	IgnoredPts	RefinedK	ConstK	IgnoredK	ResidualBlocks	SuccessIter	BadIter	InitRMSE	FinalRMSE	dAR=-1	dAR=0	dAR=1	dAR=2	dAR=3	dAR=4	dAR=5	dAR=6	dAR=7	dAR=8	dAR=9	dAR=10+	New Views	
0.0531097	3	0	0	519	0	0	1	0	0	2250	20	0	0.736896	0.260729	0	0	0	0	0	0	0	0	0	0	0	0	1716575903	
0.0285724	4	0	0	744	0	0	1	0	0	3642	7	0	0.762211	0.395253	0	0	0	0	0	0	0	0	0	0	0	0	78293061	
0.0481143	5	0	0	1041	0	0	1	0	0	5478	8	0	0.497354	0.368378	0	0	0	0	0	0	0	0	0	0	0	0	1861578657	
0.0696563	6	0	0	1428	0	0	1	0	0	7760	7	0	0.554969	0.435929	0	0	0	0	0	0	0	0	0	0	0	0	1643728630	
0.0590725	7	0	0	1580	0	0	1	0	0	8714	6	0	0.513376	0.445209	0	0	0	0	0	0	0	0	0	0	0	0	1906096636	
0.07437	8	0	0	2002	0	0	1	0	0	10910	6	0	0.513335	0.428704	0	0	0	0	0	0	0	0	0	0	0	0	1474416471	
0.0926579	9	0	0	2044	0	0	1	0	0	12276	7	0	0.539105	0.441848	0	0	0	0	0	0	0	0	0	0	0	0	251570085	
0.109069	10	0	0	2276	0	0	1	0	0	14588	6	0	0.587278	0.459929	0	0	0	0	0	0	0	0	0	0	0	0	1523815439	
0.147398	11	0	0	2463	0	0	1	0	0	16880	7	0	0.633352	0.5014	0	0	0	0	0	0	0	0	0	0	0	0	1150832366	
0.12195	11	0	0	2458	0	0	1	0	0	16764	6	0	0.451265	0.441382	0	0	0	0	0	0	0	0	0	0	0	0	1150832366	
0.154329	12	0	0	2549	0	0	1	0	0	18802	7	0	0.603855	0.504314	0	0	0	0	0	0	0	0	0	0	0	0	1785851268	
0.147055	12	0	0	2544	0	0	1	0	0	18672	7	0	0.454836	0.443828	0	0	0	0	0	0	0	0	0	0	0	0	1785851268	
0.166925	13	0	0	2764	0	0	1	0	0	21046	7	0	0.56143	0.484484	0	0	0	0	0	0	0	0	0	0	0	0	115006752	
0.181621	14	0	0	2950	0	0	1	0	0	23150	7	0	0.55819	0.491133	0	0	0	0	0	0	0	0	0	0	0	0	1186326363	
0.14956	15	0	0	3235	0	0	1	0	0	24896	5	0	0.510133	0.477928	0	0	0	0	0	0	0	0	0	0	0	0	136395905	
0.128279	16	0	0	3482	0	0	1	0	0	26842	4	0	0.513556	0.473231	0	0	0	0	0	0	0	0	0	0	0	0	304795499	
0.235651	17	0	0	3629	0	0	1	0	0	28300	7	0	0.568567	0.50616	0	0	0	0	0	0	0	0	0	0	0	0	1029832138	
0.222138	17	0	0	3616	0	0	1	0	0	28146	7	0	0.471203	0.466065	0	0	0	0	0	0	0	0	0	0	0	0	1029832138	
0.242245	18	0	0	3907	0	0	1	0	0	30096	7	0	0.553027	0.507319	0	0	0	0	0	0	0	0	0	0	0	0	579717169	
0.214928	18	0	0	3900	0	0	1	0	0	29968	6	0	0.478321	0.472041	0	0	0	0	0	0	0	0	0	0	0	0	579717169	
0.160535	19	0	0	4199	0	0	1	0	0	32072	4	0	0.56089	0.51586	0	0	0	0	0	0	0	0	0	0	0	0	936120456	
0.151779	19	0	0	4188	0	0	1	0	0	31902	4	0	0.482145	0.475668	0	0	0	0	0	0	0	0	0	0	0	0	936120456	
0.198599	20	0	0	4415	0	0	1	0	0	33770	5	0	0.545923	0.507242	0	0	0	0	0	0	0	0	0	0	0	0	2045004962	
0.168968	20	0	0	4405	0	0	1	0	0	33638	4	0	0.478915	0.474095	0	0	0	0	0	0	0	0	0	0	0	0	2045004962	
0.177564	21	0	0	4668	0	0	1	0	0	35608	4	0	0.526272	0.495877	0	0	0	0	0	0	0	0	0	0	0	0	1430327691	
0.254683	21	0	0	4660	0	0	1	0	0	35488	6	0	0.472945	0.468989	0	0	0	0	0	0	0	0	0	0	0	0	1430327691	
0.306223	22	0	0	4840	0	0	1	0	0	37184	7	0	0.549755	0.506319	0	0	0	0	0	0	0	0	0	0	0	0	476880634	
0.292808	22	0	0	4828	0	0	1	0	0	37004	6	0	0.476583	0.471815	0	0	0	0	0	0	0	0	0	0	0	0	476880634	
0.193991	23	0	0	5112	0	0	1	0	0	39226	4	0	0.534886	0.503443	0	0	0	0	0	0	0	0	0	0	0	0	1228518096	
0.23197	23	0	0	5105	0	0	1	0	0	39082	5	0	0.476787	0.472547	0	0	0	0	0	0	0	0	0	0	0	0	1228518096	
0.295753	24	0	0	5276	0	0	1	0	0	40766	6	0	0.55096	0.514445	0	0	0	0	0	0	0	0	0	0	0	0	528510916	
0.212629	24	0	0	5272	0	0	1	0	0	40590	4	0	0.48096	0.475016	0	0	0	0	0	0	0	0	0	0	0	0	528510916	
0.311919	25	0	0	5453	0	0	1	0	0	42524	6	0	0.541462	0.511939	0	0	0	0	0	0	0	0	0	0	0	0	2146998783	
0.21725	25	0	0	5441	0	0	1	0	0	42308	4	0	0.476229	0.472307	0	0	0	0	0	0	0	0	0	0	0	0	2146998783	
0.232657	26	0	0	5665	0	0	1	0	0	44306	4	0	0.524098	0.497601	0	0	0	0	0	0	0	0	0	0	0	0	411685623	
0.27924	26	0	0	5659	0	0	1	0	0	44160	5	0	0.476534	0.473783	0	0	0	0	0	0	0	0	0	0	0	0	411685623	
0.406571	27	0	0	5834	0	0	1	0	0	46040	7	0	0.54509	0.514611	0	0	0	0	0	0	0	0	0	0	0	0	1358582240	
0.285629	27	0	0	5820	0	0	1	0	0	45828	5	0	0.483041	0.479407	0	0	0	0	0	0	0	0	0	0	0	0	1358582240	
0.249659	28	0	0	5911	0	0	1	0	0	47456	4	0	0.551036	0.5193	0	0	0	0	0	0	0	0	0	0	0	0	1788219329	
0.34059	28	0	0	5901	0	0	1	0	0	47242	6	0	0.488177	0.48372	0	0	0	0	0	0	0	0	0	0	0	0	1788219329	
0.468615	29	0	0	6061	0	0	1	0	0	48920	7	0	0.56229	0.528919	0	0	0	0	0	0	0	0	0	0	0	0	2014127030	
0.394091	29	0	0	6051	0	0	1	0	0	48662	6	0	0.496424	0.49039	0	0	0	0	0	0	0	0	0	0	0	0	2014127030	
0.27654	30	0	0	6180	0	0	1	0	0	50248	4	0	0.544503	0.518602	0	0	0	0	0	0	0	0	0	0	0	0	1799436415	
0.275588	30	0	0	6173	0	0	1	0	0	50052	4	0	0.494858	0.49123	0	0	0	0	0	0	0	0	0	0	0	0	1799436415	
0.529761	45	0	0	8955	0	0	1	0	0	71740	6	0	0.688796	0.590575	0	0	0	0	0	0	0	0	0	0	0	0	463090087	517252654	561836557	670484749	751210311	856798745	868876902	1076394345	1203176847	1240301939	1305823326	1636735110	1689478995	2019709110	2124113243	
0.309738	45	0	0	8912	0	0	1	0	0	70892	3	0	0.518341	0.507334	0	0	0	0	0	0	0	0	0	0	0	0	463090087	517252654	561836557	670484749	751210311	856798745	868876902	1076394345	1203176847	1240301939	1305823326	1636735110	1689478995	2019709110	2124113243	
0.657241	53	0	0	10964	0	0	1	0	0	84002	6	0	0.564917	0.511893	0	0	0	0	0	0	0	0	0	0	0	0	249725355	278451837	401566863	580816557	789706637	1115818466	1811936640	1865606473	
0.354457	53	0	0	10941	0	0	1	0	0	83802	3	0	0.496851	0.494287	0	0	0	0	0	0	0	0	0	0	0	0	249725355	278451837	401566863	580816557	789706637	1115818466	1811936640	1865606473	
0.83982	61	0	0	12193	0	0	1	0	0	96012	6	0	0.570535	0.526188	0	0	0	0	0	0	0	0	0	0	0	0	233907011	460401179	742308222	962831950	1064082008	1347700863	1701417931	1745211470	
0.423879	61	0	0	12168	0	0	1	0	0	95666	3	0	0.50347	0.500089	0	0	0	0	0	0	0	0	0	0	0	0	233907011	460401179	742308222	962831950	1064082008	1347700863	1701417931	1745211470	
0.433265	62	0	0	12197	0	0	1	0	0	95986	3	0	0.503861	0.499958	0	0	0	0	0	0	0	0	0	0	0	0	1279412758	
0.597464	63	0	0	12426	0	0	1	0	0	97132	4	0	0.50086	0.4975	0	0	0	0	0	0	0	0	0	0	0	0	874093608	
0.43961	65	0	0	12807	0	0	1	0	0	99430	3	0	0.505951	0.498324	0	0	0	0	0	0	0	0	0	0	0	0	356180607	454164500	
0.459083	66	0	0	12951	0	0	1	0	0	100436	3	0	0.497756	0.494894	0	0	0	0	0	0	0	0	0	0	0	0	1973424357	
0.463447	67	0	0	13083	0	0	1	0	0	101282	3	0	0.496003	0.493949	0	0	0	0	0	0	0	0	0	0	0	0	1146127176	
