1029832138 1150832366
1
sift 100
6 12
40 51
15 14
51 62
31 53
96 150
69 66
146 120
135 170
122 152
191 158
159 148
174 227
804 115
295 279
238 228
268 283
211 330
349 295
317 262
603 465
281 285
587 521
187 894
643 566
350 396
492 754
848 237
870 1064
380 453
958 1041
363 600
1025 1074
519 568
929 1360
601 524
1591 1428
677 497
1804 1640
564 557
595 563
597 610
582 629
600 681
634 663
616 703
1334 452
563 898
831 605
625 916
723 767
614 950
557 1121
668 907
724 822
622 1037
637 1091
719 905
714 935
629 1253
822 815
663 1181
684 1163
810 855
688 1290
1030 780
823 1123
738 1436
1279 739
907 1067
1066 930
1471 702
1007 1175
882 1339
1121 1057
1107 1094
1237 984
873 1503
1320 944
1048 1287
1099 1266
1603 873
1295 1124
1102 1335
1598 932
1005 1596
1274 1193
1111 1413
1078 1494
1105 1472
1137 1524
1491 1200
1265 1400
1158 1604
1080 1741
1665 1348
1345 1725
1671 1421
1708 1443
1624 1740
1029832138 1186326363
1
sift 373
440 433
15 27
14 7
41 48
28 21
54 52
39 33
60 90
40 45
98 99
43 38
108 100
66 51
129 116
125 47
127 135
73 80
112 140
90 76
135 147
117 112
120 154
144 110
149 164
122 131
160 170
146 118
175 190
133 138
184 210
106 179
191 207
151 124
217 212
152 130
193 263
150 174
201 237
159 224
203 242
255 192
202 250
196 272
208 234
211 260
223 278
187 336
220 287
238 249
242 267
256 245
266 246
225 312
268 264
194 397
252 300
281 286
269 296
260 307
258 320
264 321
292 293
311 291
295 309
315 317
298 362
293 342
342 331
380 305
353 330
282 418
312 400
296 424
382 333
343 390
360 378
327 442
581 274
350 412
349 414
412 345
348 427
449 351
396 467
317 596
463 413
446 366
469 448
494 340
464 468
383 466
458 568
567 346
401 625
462 436
371 847
528 391
467 539
421 511
377 850
410 552
530 590
489 453
603 558
433 543
545 609
454 496
689 487
517 456
492 684
422 618
403 1084
766 361
471 764
481 522
550 639
650 421
643 567
411 724
608 607
532 486
587 663
434 707
612 661
583 479
511 805
681 447
483 1043
564 488
552 795
450 686
638 713
522 579
692 703
558 542
709 719
574 570
659 807
597 564
662 929
555 624
675 1069
600 586
870 927
561 633
911 978
582 623
836 1081
560 646
958 947
559 652
784 1367
684 574
777 1358
668 620
853 1254
616 673
851 1287
715 585
819 1393
588 708
1092 1073
696 634
1025 1142
641 698
1050 1211
627 718
1035 1291
688 685
1469 1217
654 716
1058 1730
634 760
1427 1464
614 776
1410 1601
660 743
1591 1452
723 689
762 647
711 699
624 808
747 674
637 798
700 727
886 571
847 601
629 823
621 854
761 681
750 696
484 1339
664 835
739 740
714 780
704 860
719 840
649 997
775 773
756 809
830 721
730 921
974 671
663 1076
822 771
703 1031
810 790
759 930
856 778
748 994
735 1034
823 909
793 952
625 1422
842 903
807 955
924 817
811 983
808 1003
868 904
901 876
720 1226
797 1044
838 1011
875 940
815 1039
935 880
916 902
1033 794
891 935
948 887
1052 800
876 1010
980 889
1028 846
702 1456
993 899
1027 877
971 946
1100 815
969 965
883 1055
999 962
942 1037
1056 925
1066 953
1070 957
898 1120
857 1189
843 1233
889 1161
865 1205
873 1201
1279 821
966 1159
986 1138
1006 1122
1010 1115
955 1191
1080 1075
1095 1060
1023 1150
1005 1197
1167 1057
903 1413
972 1290
1022 1220
906 1433
1107 1130
1121 1133
1045 1245
1009 1296
996 1340
1059 1251
1165 1131
1210 1112
1293 1041
1078 1264
1031 1378
1084 1294
1257 1102
1158 1214
1103 1301
1316 1104
1038 1476
1077 1438
1057 1467
1137 1319
1378 1094
1274 1174
1046 1504
1065 1489
1273 1192
1237 1236
1124 1405
1433 1095
1150 1390
902 1721
1136 1414
1123 1449
1162 1411
1149 1435
1265 1246
1448 1128
1105 1521
1277 1281
1295 1269
1517 1117
1426 1180
1384 1198
1348 1249
1120 1590
1241 1382
1213 1457
1129 1606
1205 1495
1187 1519
1115 1677
1232 1486
1491 1221
1301 1441
1413 1312
1184 1640
1251 1557
1159 1700
1575 1240
1285 1527
1373 1442
1271 1573
1268 1577
1462 1362
1339 1493
1340 1496
1538 1318
1261 1632
1344 1541
1308 1589
1359 1517
1346 1560
1488 1403
1216 1707
1226 1701
1740 1204
1323 1604
1670 1263
1603 1332
1312 1637
1437 1502
1408 1603
1598 1455
1475 1598
1504 1569
1723 1366
1665 1453
1455 1645
1620 1505
1671 1475
1460 1679
1760 1443
1699 1522
1565 1670
1501 1710
1638 1648
1728 1578
1734 1596
1757 1592
1774 1597
1708 1655
1395 1734
1748 1657
1786 1661
1768 1695
1802 1713
1029832138 1240301939
1
sift 67
21 30
175 195
18 19
430 509
184 230
38 48
143 145
195 205
73 51
220 292
76 52
212 228
217 327
87 78
242 342
99 89
263 244
252 322
117 127
300 282
152 169
270 287
313 402
196 138
330 417
211 142
334 435
598 527
198 154
675 532
146 267
440 539
511 675
238 152
530 667
165 308
526 581
550 695
179 278
784 545
231 218
578 653
587 684
443 153
909 1000
207 361
897 1081
1051 1090
326 310
1035 1194
274 408
931 1094
1606 1181
271 449
329 379
386 410
346 469
261 936
407 753
452 660
630 569
489 797
685 768
726 747
864 844
923 963
1091 1217
1029832138 1430327691
1
sift 52
60 41
280 323
324 713
120 97
361 287
175 135
329 342
220 191
366 586
242 265
452 476
330 307
475 521
453 312
575 652
471 365
473 855
675 414
527 740
550 547
615 901
587 606
555 1147
909 865
509 1373
1051 982
637 1254
1676 1635
679 1202
1702 1877
642 1382
652 1432
923 1000
749 1357
634 1779
711 1597
699 1649
900 1224
703 1769
695 2136
989 1304
885 1578
800 1991
920 1827
1214 1644
942 2388
1015 2338
1059 2417
1290 1888
1226 2326
1662 1752
1542 1974
1029832138 1474416471
1
sift 180
15 12
28 16
57 88
40 33
98 79
117 89
135 135
151 96
160 171
122 126
174 181
152 110
191 173
238 207
184 208
196 274
217 196
211 281
250 206
268 226
266 197
276 234
208 236
218 381
230 271
848 160
269 265
353 297
360 358
449 311
396 408
299 466
464 472
380 378
603 413
344 443
689 402
489 394
643 479
650 336
545 584
681 351
725 475
383 641
492 713
583 412
550 665
564 437
612 626
601 454
638 796
422 837
870 798
539 548
958 804
597 504
1025 938
600 512
675 1713
582 563
911 1187
634 556
837 1566
616 620
1050 1188
559 693
1036 1435
677 580
1591 1295
763 532
1787 1548
588 692
684 601
563 801
625 797
668 739
723 677
750 654
773 648
614 862
637 869
810 645
654 855
714 775
621 991
854 660
663 962
759 786
1100 558
730 844
831 714
980 649
822 757
916 687
868 723
719 987
748 921
842 846
971 764
823 925
898 877
812 1032
891 915
896 980
876 1023
1066 888
808 1180
996 1018
907 1106
1095 912
1471 704
969 1074
1260 839
873 1242
1165 947
1121 1006
1107 1037
1295 882
1277 897
1320 884
1039 1156
986 1229
1099 1111
1008 1234
1067 1211
1237 1060
955 1426
1005 1346
1059 1266
972 1421
1210 1118
1105 1219
1009 1404
1603 889
1289 1090
1045 1433
1163 1257
1598 988
1426 1072
1205 1239
1137 1361
1038 1590
1003 1682
1610 1049
1057 1639
1103 1551
1162 1473
1129 1515
1158 1531
1112 1638
1282 1352
1576 1145
1373 1289
1491 1225
1332 1385
1236 1543
1257 1528
1216 1620
1348 1424
1390 1412
1455 1366
1665 1221
1757 1157
1374 1504
1551 1324
1284 1643
1364 1629
1802 1165
1658 1349
1499 1523
1466 1583
1370 1679
1400 1659
1568 1576
1694 1558
1774 1468
1553 1686
1734 1569
1768 1619
1724 1702
1029832138 1523815439
1
sift 222
135 154
28 24
149 190
40 50
160 199
73 91
174 211
151 121
191 189
122 153
184 236
238 235
217 226
196 286
208 256
211 274
203 269
281 261
266 241
268 254
223 297
276 278
269 275
311 303
253 322
315 400
360 349
353 309
312 457
412 310
348 434
363 377
396 429
327 461
463 385
344 453
603 446
380 430
689 435
449 363
535 512
650 351
837 402
422 581
401 864
564 467
492 606
583 474
643 496
465 611
545 584
519 532
550 657
597 527
585 642
600 543
612 654
582 583
709 637
560 608
638 774
561 613
552 1001
473 816
604 985
641 565
870 792
616 609
958 830
586 658
1025 824
588 669
911 957
634 629
836 1114
762 555
675 1614
563 754
1062 1023
684 664
853 1395
688 671
1050 1189
724 648
1036 1386
614 756
1591 1334
750 646
1787 1479
711 692
621 809
677 738
668 771
660 797
625 858
793 659
773 688
756 716
854 624
739 753
722 783
704 810
775 724
714 805
831 678
730 822
637 1010
703 885
663 965
719 897
810 740
759 843
995 656
889 721
748 933
822 819
916 736
869 759
838 877
842 909
901 832
738 1133
969 802
823 967
811 1071
794 1100
1234 712
898 992
971 938
876 1039
942 1076
1279 772
1023 987
1066 962
884 1152
1065 1032
1165 942
1260 849
1163 971
1273 865
1010 1136
1121 1027
1471 790
1266 913
1603 752
1320 895
1059 1129
937 1288
1210 1048
1099 1145
875 1462
1107 1151
1067 1203
972 1317
1295 1002
906 1504
1080 1236
1009 1335
996 1389
1057 1309
1111 1238
1277 1102
1005 1441
1237 1149
1084 1331
1426 1066
1105 1313
1124 1283
1236 1183
955 1607
1103 1341
1455 1064
1137 1299
1390 1113
1265 1210
1610 1029
1115 1448
1232 1269
1038 1594
1031 1625
1129 1483
1538 1109
1162 1554
1112 1637
1491 1192
1740 1094
1504 1216
1284 1453
1169 1656
1226 1575
1703 1169
1576 1253
1302 1506
1377 1438
1268 1593
1530 1315
1348 1528
1636 1277
1312 1619
1374 1557
1251 1741
1488 1466
1466 1496
1326 1664
1308 1717
1468 1527
1370 1636
1658 1408
1499 1556
1408 1674
1624 1549
1400 1770
1671 1555
1568 1650
1460 1778
1527 1766
1626 1684
1748 1584
1734 1661
1695 1740
1768 1685
1694 1794
1029832138 1716575903
1
sift 83
60 56
28 19
160 154
39 34
103 116
106 68
202 212
112 124
120 113
116 114
223 191
122 152
149 140
156 226
208 206
175 178
184 197
187 231
371 474
466 130
220 248
182 290
550 610
242 276
252 282
238 301
608 648
300 329
289 339
257 416
565 695
313 330
330 429
276 545
805 911
360 417
382 419
636 411
849 1205
779 386
530 649
484 627
1050 1048
564 560
587 678
422 1064
1035 1155
545 753
675 806
573 736
1660 846
770 576
958 686
680 666
1410 1627
702 703
784 827
629 800
1705 1751
478 1457
909 1074
668 1224
974 811
827 1582
637 1444
754 1148
1442 1038
823 1026
660 1565
1701 1870
621 1780
653 1944
1676 2025
704 1779
903 1119
979 1171
822 1518
957 1344
842 1685
1099 1724
1023 2001
1393 1330
1301 1470
1029832138 1785851268
1
sift 109
15 21
40 61
31 65
150 126
135 184
122 174
140 194
159 153
160 227
238 230
174 237
211 336
191 224
317 263
266 232
196 424
269 318
281 300
349 304
187 716
360 418
350 412
396 475
848 253
299 567
446 355
603 470
489 512
689 459
383 776
587 504
677 477
643 534
564 522
612 719
600 550
585 777
582 585
870 921
597 581
958 959
560 628
1026 922
588 656
1739 1608
634 650
1804 1598
616 674
559 748
563 880
625 849
831 642
637 930
557 1082
621 974
701 831
654 949
868 697
714 929
822 770
1052 646
901 710
754 919
748 925
810 828
684 1096
722 1062
971 792
891 878
842 1014
839 1086
823 1123
1066 893
1320 753
1279 769
884 1105
1603 727
1065 1061
986 1148
1107 1053
882 1365
1295 935
1121 1084
1099 1159
1059 1239
1237 1056
1005 1364
1060 1351
1137 1235
937 1561
1078 1357
1105 1301
1111 1362
1080 1427
955 1615
1265 1205
1598 1041
1390 1172
1039 1614
1455 1164
1491 1166
1158 1548
1332 1373
1348 1464
1665 1248
1694 1334
1450 1541
1466 1549
1734 1465
1029832138 1799436415
1
sift 136
21 26
112 72
8 17
143 165
175 157
17 27
186 246
220 221
44 41
192 232
550 596
76 51
263 289
587 639
66 62
270 318
608 624
85 81
440 529
86 77
430 635
1393 1140
80 125
806 367
124 67
526 594
92 105
568 657
89 116
931 1272
99 93
578 692
125 107
117 124
145 127
151 153
146 163
152 181
165 273
234 185
198 254
121 1269
205 266
214 282
232 260
215 294
207 359
235 385
254 354
326 297
406 293
356 342
329 370
337 387
304 453
314 475
333 421
336 413
392 393
354 466
357 462
388 420
470 364
306 668
418 424
327 746
494 414
411 548
387 612
383 651
400 669
422 632
324 1149
475 558
452 604
527 515
534 539
489 640
449 804
579 592
465 785
473 778
557 695
508 795
519 799
575 740
542 780
525 875
1093 484
669 754
642 787
556 916
595 889
939 579
637 877
685 853
665 913
683 941
726 890
672 1001
606 1142
761 908
667 1154
804 915
653 1375
704 1231
696 1331
877 992
652 1519
923 1082
864 1148
924 1129
888 1307
800 1501
956 1263
1032 1167
908 1365
900 1378
998 1313
1007 1305
906 1459
1278 1060
1055 1327
1209 1166
861 1628
1191 1245
1045 1510
1071 1547
1126 1533
1118 1573
1513 1341
1195 1618
1437 1621
1458 1624
1662 1581
1766 1625
1029832138 1861578657
1
sift 80
60 54
28 12
407 664
39 37
120 126
116 130
565 778
122 148
149 144
146 142
1660 724
152 172
175 174
274 438
184 202
202 189
321 377
208 192
220 221
276 549
217 233
230 280
484 362
242 273
252 263
533 514
289 287
299 302
564 580
277 383
330 395
422 938
382 351
360 421
573 595
550 584
530 613
702 528
608 604
675 629
522 704
473 926
545 763
478 1258
553 960
784 673
850 622
668 878
958 641
557 1095
614 1147
827 780
637 1131
805 852
801 897
823 847
754 994
909 829
704 1223
849 892
1050 1115
1334 680
756 1225
1035 1201
980 978
738 1551
974 1047
794 1372
1148 920
807 1360
822 1382
800 1632
957 1422
972 1460
1054 1504
1023 1567
1439 1067
1260 1206
1273 1221
1197 1584
1029832138 1906096636
1
sift 91
40 50
152 137
159 142
238 237
196 372
211 315
276 293
327 523
380 453
460 378
583 492
422 949
600 598
582 620
560 660
574 712
634 658
616 720
677 675
655 714
588 815
563 900
625 842
854 636
637 935
621 965
663 978
629 1066
730 930
684 1018
719 994
822 827
748 1032
1100 735
842 969
891 927
971 855
735 1326
738 1354
889 1040
969 979
1066 940
1165 856
884 1163
876 1177
1295 941
1107 1115
1237 1085
1099 1207
1603 867
1277 1051
1320 1025
1010 1366
1455 981
1005 1467
1598 950
1426 1099
1265 1204
1274 1234
965 1746
1137 1423
1301 1245
1158 1498
1257 1331
1031 1726
1129 1587
1251 1440
1282 1412
1084 1754
1124 1688
1390 1344
1339 1488
1436 1365
1488 1339
1665 1246
1216 1761
1576 1337
1348 1593
1344 1614
1466 1539
1551 1464
1408 1636
1708 1341
1612 1597
1748 1507
1678 1666
1669 1687
1624 1771
1734 1670
1695 1779
1694 1795
1029832138 2014127030
1
sift 79
192 242
60 62
39 24
84 112
40 25
112 106
73 78
217 295
97 133
149 181
116 142
230 347
122 150
195 225
211 258
550 666
203 239
220 283
280 287
805 965
289 249
242 357
317 443
295 292
252 354
476 355
300 333
330 415
261 1004
386 598
471 513
671 375
744 425
675 575
729 543
587 682
512 778
574 695
522 760
639 725
730 653
749 640
530 864
625 789
544 848
826 649
634 795
632 881
552 1115
687 960
689 942
658 1036
754 962
823 927
909 1082
1046 793
1251 794
1035 1185
1212 821
968 1048
1210 894
810 1281
858 1270
1020 1144
971 1232
1401 920
881 1399
1336 974
1107 1154
1264 1044
895 1503
1087 1340
1505 1038
1158 1371
1568 1085
1488 1449
1623 1372
1642 1405
1782 1330
1029832138 2045004962
1
sift 105
143 259
120 120
55 39
186 290
149 175
80 64
931 1461
160 172
65 91
175 184
68 79
897 1565
209 190
86 107
242 319
145 130
313 322
134 158
295 392
198 156
330 406
167 234
382 559
215 174
587 696
205 264
826 988
235 238
1442 1140
207 305
361 225
232 398
280 395
314 401
306 410
310 437
305 447
329 417
346 454
356 557
366 572
423 499
388 550
375 622
422 579
383 672
452 578
475 644
465 756
556 682
525 735
478 864
599 684
527 775
557 721
575 713
652 726
693 723
619 799
738 791
962 681
705 926
642 1027
660 1015
679 1041
583 1340
726 1037
634 1361
794 991
759 1130
955 913
1597 697
711 1423
846 1136
780 1294
729 1486
923 1090
703 1711
743 1564
1005 1054
800 1345
1019 1057
1000 1082
864 1231
972 1213
914 1278
885 1383
919 1498
912 1624
908 1754
1077 1485
960 1791
1013 1747
1226 1532
1059 1852
1167 1665
1146 1720
1084 1869
1126 1804
1241 1673
1251 1724
1460 1482
1554 1578
1662 1699
1543 1889
1029832138 2095558067
1
sift 62
60 62
40 41
395 292
103 113
120 103
122 140
371 494
149 139
160 152
169 155
396 489
184 180
217 179
238 250
805 854
202 203
208 194
350 452
1081 816
223 190
203 274
445 431
992 1354
242 254
252 252
327 837
230 281
360 360
383 1028
330 419
382 514
422 1081
618 482
550 581
484 806
530 602
608 578
456 936
587 661
659 791
600 724
573 910
675 945
630 871
588 1190
784 950
637 1160
553 1488
827 903
561 1473
668 1156
909 1122
754 1050
822 1504
1035 1242
1229 978
1442 989
901 1656
1099 1433
979 1706
1301 1460
1168 1688
1029832138 2130703568
1
sift 98
143 205
112 118
80 49
186 263
160 168
65 81
178 154
120 111
134 119
263 360
212 268
149 160
270 423
175 180
215 137
284 349
419 695
220 243
578 792
242 301
361 255
336 455
331 1137
253 320
568 867
289 350
329 433
795 683
609 685
295 413
897 1741
330 417
315 746
1735 1077
669 1282
375 692
1206 1442
587 730
422 586
1403 927
388 711
530 850
452 574
475 564
545 1635
652 510
474 826
909 1204
525 750
556 706
1139 1725
575 755
449 1155
478 1068
555 950
517 1222
634 1175
653 1145
660 1127
583 1445
637 1324
794 1084
749 1288
679 1486
711 1429
842 1185
696 1578
1019 1010
907 1147
807 1322
756 1502
748 1593
972 1184
988 1179
900 1380
800 1676
1214 1088
1005 1351
923 1488
919 1509
1078 1401
997 1605
965 1798
889 1994
1215 1435
1112 1603
1023 1815
1226 1503
1046 1895
1039 1906
1174 1710
1291 1600
1285 1727
1251 1825
1476 1586
1163 2019
1573 1560
1461 1818
