1064082008 1347700863
1
sift 402
23 22
15 15
33 48
20 16
88 97
26 20
69 85
24 23
109 145
41 32
75 100
38 39
120 151
42 58
89 106
44 57
128 155
48 63
156 174
51 67
134 222
49 79
162 191
60 66
245 248
58 73
169 197
59 74
244 270
64 77
180 218
73 82
233 454
77 92
207 241
82 101
231 648
76 108
236 260
80 116
319 366
102 99
272 313
113 107
451 403
106 112
248 335
110 117
771 408
103 125
543 563
85 164
531 627
111 139
518 643
97 154
537 621
116 147
649 556
127 148
560 695
129 163
553 709
132 162
676 736
137 171
625 715
146 184
840 955
176 166
647 724
155 185
813 1028
170 173
924 927
168 190
901 972
167 198
889 974
163 209
820 1078
173 203
709 1245
205 188
967 991
178 204
956 1119
188 206
835 1255
198 208
1078 1045
182 244
1193 1160
203 232
1203 1228
199 243
174 276
221 246
241 254
217 312
229 317
268 269
256 279
226 346
261 284
302 265
249 310
274 293
282 286
262 314
288 290
292 295
279 315
300 301
273 324
246 367
308 306
286 330
306 328
421 264
314 329
289 358
340 325
317 342
355 323
329 341
401 300
335 347
284 399
372 334
326 362
353 345
368 352
376 360
351 376
366 386
398 364
334 448
394 374
346 431
397 375
402 370
342 439
378 401
384 398
367 434
396 411
434 372
420 389
422 404
370 487
427 422
409 451
512 354
388 491
374 512
424 446
440 420
411 473
418 462
359 575
449 426
464 413
429 475
472 410
461 432
448 453
385 570
435 492
473 442
459 477
445 501
431 534
477 486
455 524
484 500
497 490
549 449
520 478
475 525
478 523
471 535
782 369
506 495
554 465
567 459
516 494
499 530
496 538
494 551
487 573
505 536
812 383
559 502
483 604
492 588
528 541
488 602
526 555
588 506
476 644
776 429
534 580
565 544
563 552
447 786
527 617
645 527
581 577
481 741
529 669
615 586
569 634
600 600
540 674
617 593
605 601
604 611
589 641
628 605
583 656
587 662
656 599
641 624
816 498
576 685
913 483
623 658
585 702
699 595
602 679
759 549
607 682
593 710
984 472
695 615
611 692
631 668
620 697
660 650
582 738
562 792
608 749
833 550
670 707
502 935
596 772
757 628
694 693
610 764
766 631
658 731
627 781
678 740
713 704
606 806
668 752
629 790
636 785
687 750
557 898
697 761
799 663
667 803
875 619
743 739
789 694
541 1000
823 665
648 865
595 944
783 734
701 827
745 797
672 878
763 766
644 913
857 696
706 832
798 754
717 837
684 895
747 822
721 870
762 816
796 787
838 757
764 840
845 771
843 774
731 906
800 815
659 1004
744 896
821 804
830 800
822 828
688 1022
1017 721
837 831
682 1067
768 940
942 783
836 875
872 845
908 824
892 834
888 839
801 920
871 859
842 880
940 810
886 848
885 867
887 864
760 1041
751 1064
773 1029
865 909
893 902
839 958
952 866
883 933
964 872
862 965
986 854
882 959
1106 798
825 1030
831 1020
978 884
848 997
959 903
778 1163
980 923
919 1006
920 1008
1003 934
910 1034
937 1015
1137 856
854 1108
847 1129
1145 857
976 985
815 1194
947 1047
1085 911
1177 850
851 1158
1149 879
1000 1002
1206 844
917 1122
1142 922
1033 1012
1100 966
935 1151
936 1150
1101 979
1086 987
944 1154
1125 983
1068 1042
1141 982
1008 1103
928 1199
1048 1096
841 1262
1081 1074
1163 994
1082 1085
975 1202
1042 1148
1037 1149
1121 1079
1146 1053
982 1200
1184 1014
1075 1153
1006 1217
1202 1033
1148 1115
1160 1100
1071 1192
1183 1081
1130 1164
1215 1065
1223 1058
1143 1185
1233 1051
1195 1141
1226 1118
1158 1208
1099 1253
1171 1236
1242 1098
1152 1247
1245 1128
1228 1215
1204 1240
1209 1264
1064082008 1701417931
1
sift 76
80 114
141 177
297 188
234 286
249 309
274 301
292 340
293 364
353 353
394 328
384 360
420 351
402 378
376 398
440 389
397 493
464 449
366 566
500 468
529 472
459 533
498 555
641 492
640 525
767 488
719 518
508 647
620 606
710 611
694 627
799 590
569 756
607 733
610 767
568 848
721 685
830 626
659 790
760 699
764 700
540 956
843 671
831 688
596 934
819 714
664 871
822 726
800 753
847 724
846 760
796 793
890 750
562 1094
752 893
959 736
855 851
919 834
1163 693
865 877
882 966
1100 839
1048 886
1228 787
1033 964
841 1146
936 1073
1171 913
1121 1049
862 1349
1043 1170
1099 1176
1178 1127
1152 1286
1213 1212
1089 1392
1245 1372
1064082008 1745211470
1
sift 299
23 22
24 19
75 79
17 41
88 92
27 27
157 107
40 45
151 139
52 48
156 154
55 55
145 223
60 65
181 160
61 77
244 268
66 82
196 175
67 85
255 250
78 72
207 172
87 105
245 300
102 93
290 260
103 95
392 254
96 99
468 440
89 123
649 587
92 115
626 374
116 102
813 742
111 110
543 491
129 111
924 856
127 124
646 511
132 117
967 903
133 126
889 911
138 140
966 941
155 134
1207 828
135 150
1210 1100
146 163
1105 1000
162 146
169 142
167 153
165 171
176 157
175 173
168 182
179 178
199 165
149 230
217 179
188 190
221 189
198 221
281 170
242 191
236 217
209 257
239 224
284 205
227 269
241 251
232 270
273 245
257 253
262 255
272 248
249 283
279 262
317 273
293 293
292 298
297 312
310 309
268 358
541 232
335 324
334 327
254 399
388 304
366 326
353 344
378 341
384 352
397 349
237 789
424 355
372 395
326 465
394 376
440 364
398 408
395 410
423 385
406 409
400 435
439 397
486 361
427 431
476 375
435 428
458 398
470 394
492 387
463 421
506 400
496 419
464 456
547 402
499 459
611 393
461 499
517 451
455 525
623 404
488 489
535 457
606 424
534 483
481 544
528 495
477 558
514 515
569 486
595 479
562 502
571 507
565 513
494 580
612 506
527 583
582 540
600 534
657 496
637 520
602 538
529 597
472 721
688 503
644 559
687 546
593 602
598 603
619 599
765 516
641 601
473 870
568 664
744 553
697 586
554 749
724 581
731 576
608 682
584 711
615 683
680 625
669 643
689 637
672 668
678 679
710 638
665 689
656 727
1009 526
729 673
789 614
792 640
745 700
825 630
832 628
801 656
778 699
746 755
843 660
763 754
783 741
748 814
766 792
755 817
693 910
768 827
761 833
815 785
704 927
851 756
776 847
908 728
927 723
721 934
830 818
885 783
854 810
1054 672
848 835
738 994
1006 732
847 864
1032 726
944 815
845 879
969 813
857 887
1078 738
1033 780
886 892
1122 746
920 878
935 885
982 855
937 894
888 945
964 869
757 1146
1137 791
831 1017
932 936
838 1021
1069 844
892 980
1064 852
762 1213
1081 848
873 1005
1027 893
918 988
1055 918
824 1201
1183 849
1129 884
1071 932
869 1159
879 1170
1169 875
1003 999
1030 977
912 1122
1157 898
931 1110
1115 942
953 1078
1142 929
923 1182
1085 984
1123 971
1025 1052
919 1208
1090 1029
1134 1008
1037 1108
1150 1004
959 1238
1219 944
1050 1130
1143 1031
1043 1172
1066 1138
970 1297
986 1299
1072 1190
1005 1326
1220 1016
1194 1079
1089 1218
1086 1232
1080 1255
1173 1154
1152 1205
1196 1168
1231 1092
1148 1320
1096 1410
1126 1368
1132 1400
1166 1324
1189 1310
1178 1328
1184 1333
1042 1507
1197 1411
1199 1471
1155 1506
1181 1490
1243 1521
1064082008 1811936640
1
sift 318
827 796
128 68
16 11
572 412
60 35
27 19
856 816
924 551
17 25
691 819
61 39
38 26
966 577
45 29
1057 1666
75 50
55 33
967 605
85 38
116 69
80 63
67 73
111 85
103 61
92 86
129 81
89 92
127 83
152 75
106 120
143 103
156 95
229 101
155 99
172 98
176 129
169 102
167 108
154 151
162 116
196 189
175 145
188 143
236 159
221 149
149 226
248 164
168 209
238 165
273 161
191 213
260 160
279 212
234 188
232 192
272 216
241 190
325 156
396 274
284 173
183 262
496 307
257 211
227 266
506 308
274 228
249 243
543 329
209 327
541 166
626 312
258 252
297 246
473 441
310 238
293 256
600 388
268 273
335 254
825 341
318 269
292 301
646 394
340 280
411 261
657 398
366 287
334 321
1009 440
378 292
289 367
1006 535
388 294
355 319
986 601
354 320
440 270
889 658
397 297
342 347
1012 624
449 284
867 230
1105 646
420 316
686 247
1115 697
394 340
486 288
1071 709
384 354
402 342
1090 763
423 335
367 370
1231 737
524 286
476 298
1203 807
439 343
448 333
1243 1108
510 311
481 355
442 382
445 380
564 330
489 360
483 365
475 369
497 373
326 653
395 508
535 379
435 490
463 460
406 569
627 385
455 495
427 593
513 448
493 478
569 433
528 457
534 453
488 507
499 498
470 547
529 501
540 503
641 454
606 477
587 496
604 492
562 546
570 540
464 671
593 578
628 561
596 597
556 631
619 588
670 555
667 557
614 595
494 700
690 558
565 641
713 544
979 439
680 607
582 661
659 613
741 567
698 608
688 614
687 632
695 630
939 502
847 537
789 572
656 662
731 625
669 665
1000 494
376 1645
778 612
745 634
638 695
557 776
763 633
819 610
744 650
776 635
799 623
678 707
707 692
584 789
952 563
1088 523
672 744
1137 521
568 859
854 637
908 620
834 657
821 667
602 844
822 669
800 681
831 666
830 673
815 685
837 672
559 960
851 675
693 800
635 884
665 849
801 712
865 690
887 682
729 786
863 699
748 787
757 780
843 710
838 743
1003 674
842 758
879 745
761 855
768 853
940 729
919 755
782 865
845 829
937 784
883 823
987 775
848 868
920 831
724 1096
704 1148
766 1051
882 911
928 886
959 912
1143 798
1033 861
942 976
982 917
944 985
1050 891
833 1135
1121 858
909 1067
935 1077
1122 898
970 1075
1086 943
738 1521
1211 848
1016 1025
1030 1021
762 1461
1055 1012
1142 930
892 1222
994 1092
980 1122
873 1281
933 1210
1048 1070
816 1411
1081 1049
869 1302
1181 967
1171 988
978 1198
1166 1002
1178 997
1069 1105
1187 1015
1228 951
1186 1054
1170 1072
1037 1228
1152 1101
1145 1116
969 1327
918 1419
1025 1257
1194 1081
1157 1129
913 1503
923 1498
1129 1208
1184 1151
1234 1064
1004 1425
1066 1329
1075 1351
1196 1223
1151 1290
1150 1305
1220 1211
931 1758
1096 1518
1100 1575
1192 1460
1106 1689
1229 1410
1065 1790
1148 1731
1197 1628
1175 1861
1242 1641
1064082008 1865606473
1
sift 362
120 88
10 7
48 25
16 8
128 85
17 11
51 28
26 12
902 524
42 32
60 26
46 34
966 609
55 24
75 50
50 42
924 634
58 55
116 78
77 46
967 682
85 47
111 95
80 61
835 1187
93 67
129 93
103 69
1014 1445
89 90
127 100
82 97
92 86
135 101
106 126
152 98
155 109
138 124
153 121
167 114
170 122
169 115
162 123
141 147
172 118
180 116
176 138
175 143
198 139
199 134
160 149
236 158
149 167
229 135
273 159
221 144
203 164
360 145
234 180
241 181
248 187
191 217
232 190
279 192
211 241
205 250
272 201
256 193
258 195
396 295
284 197
249 209
496 327
254 214
274 211
506 328
268 222
209 322
543 312
297 225
266 252
473 359
239 296
306 245
626 354
293 255
354 220
600 388
261 286
330 240
573 398
298 269
288 275
773 391
541 188
317 265
658 439
335 261
283 298
647 459
292 308
340 270
825 433
411 237
302 300
1009 529
414 239
355 281
986 551
402 273
372 282
889 648
351 297
289 362
1006 603
366 307
409 279
1115 736
334 335
378 314
1071 757
344 346
440 280
1231 764
394 330
398 337
1203 815
388 352
461 302
486 291
423 339
368 370
367 381
524 290
448 332
476 325
510 305
400 385
481 351
403 428
489 360
503 356
471 376
371 483
500 363
422 432
442 416
497 367
395 484
326 638
415 468
459 421
535 397
498 423
413 528
528 410
514 419
455 467
435 535
444 527
529 434
418 579
385 666
470 511
564 443
427 624
534 485
979 355
679 449
604 474
641 464
488 585
614 494
593 503
576 518
727 453
607 516
587 538
770 460
697 492
596 541
715 486
565 595
571 598
464 755
628 569
613 580
619 591
494 734
667 573
710 547
656 582
648 596
584 650
563 676
713 557
659 607
695 594
554 711
692 610
885 505
699 623
806 561
763 597
939 533
661 698
776 618
799 600
698 691
1000 532
557 812
589 785
588 786
952 548
678 727
830 613
559 843
789 643
512 965
527 949
672 743
800 651
822 642
693 747
831 652
610 839
821 661
893 621
976 587
837 668
526 1069
887 655
819 695
834 699
731 769
796 724
748 759
729 779
865 689
1088 581
746 776
843 705
908 687
668 887
920 686
812 740
723 864
1003 671
784 791
802 781
707 895
847 752
815 777
842 760
766 833
615 1100
1137 636
851 768
857 766
568 1231
752 908
854 789
635 1186
848 827
795 894
791 938
721 1050
816 884
1048 739
845 861
919 799
883 846
762 990
747 1018
879 865
818 956
959 818
877 898
913 868
738 1161
743 1168
780 1094
781 1095
798 1057
1202 731
836 994
964 944
942 977
886 1053
1076 866
761 1275
1144 835
1033 907
931 1093
1106 940
873 1198
1121 947
869 1205
888 1202
895 1189
1142 948
1041 1009
909 1181
1030 1024
1171 922
1072 1000
1181 904
910 1216
824 1377
1101 1012
1046 1097
1228 885
1075 1066
1217 953
923 1295
936 1288
1145 1077
980 1265
1166 1070
1194 1067
946 1382
1195 1085
1042 1268
1155 1145
1183 1120
917 1480
1086 1252
1233 1041
1087 1290
1184 1184
1043 1366
1186 1196
1084 1304
1150 1273
1125 1317
1152 1327
1158 1315
1238 1162
1226 1214
1100 1395
1020 1545
1002 1574
1157 1388
1220 1278
899 1823
1089 1501
1189 1368
1099 1497
1025 1619
1138 1498
1131 1516
1234 1308
1143 1602
1127 1693
1208 1546
1130 1713
1051 1867
1175 1716
1229 1613
1160 1821
1223 1755
1222 1762
