1076394345 1203176847
1
sift 175
97 86
3 4
436 392
113 77
7 8
189 87
17 14
250 146
15 19
229 159
31 27
331 268
37 34
382 297
94 54
443 271
101 124
469 284
63 810
360 397
117 126
455 350
146 156
410 403
175 149
518 448
106 333
673 479
261 142
576 407
177 192
742 554
230 194
570 413
356 154
663 617
248 232
619 442
258 302
761 563
411 200
751 423
308 309
1222 490
357 367
694 487
335 523
865 619
381 425
637 555
522 331
989 586
504 373
705 542
399 568
934 611
515 435
813 584
655 363
834 717
635 420
996 524
542 508
960 689
646 431
770 623
435 677
974 696
543 536
718 1011
479 669
1124 654
553 592
1013 733
1379 329
908 859
534 628
1007 797
599 557
1121 890
704 560
916 865
521 787
1085 1077
578 724
1313 659
454 1066
1384 1276
497 967
1231 775
1020 518
1411 1428
755 646
1272 766
670 737
1665 1207
626 814
1423 749
780 714
1537 1600
666 837
876 1211
717 819
612 1036
1065 999
800 752
1086 622
1671 878
994 706
805 913
1664 929
1260 631
783 984
1632 1308
775 1019
723 1122
1698 1279
923 815
693 1240
1050 759
1032 784
1064 779
786 1134
1080 792
914 985
1256 747
1068 876
1604 658
1034 977
756 1486
1141 959
931 1220
1030 1118
1078 1082
1281 946
1109 1139
1105 1176
852 1722
919 1484
1201 1107
975 1424
1473 922
1324 1030
904 1704
1383 1005
1012 1440
1210 1152
1640 898
1228 1164
1538 1014
1345 1131
1460 1058
1542 1041
1591 1038
1101 1551
1043 1734
1695 981
1438 1157
1163 1497
1493 1156
1211 1457
1129 1823
1250 1605
1576 1263
1378 1422
1238 1740
1215 1816
1566 1417
1608 1431
1598 1769
1551 1856
1656 1708
1574 1864
1673 1738
1713 1647
1076394345 1228518096
1
sift 67
110 76
94 51
312 372
411 260
469 483
406 297
576 429
432 361
518 532
459 403
558 606
504 487
742 541
515 478
1013 512
654 455
960 775
559 627
989 786
553 724
865 1001
636 678
908 1161
635 688
1599 940
683 728
1375 1116
1526 420
1603 1011
679 828
1632 1505
641 888
1537 1835
806 815
626 1175
701 1102
797 985
858 929
1078 802
693 1418
971 941
1175 825
783 1415
1080 1004
759 1609
972 1138
756 1705
929 1344
964 1354
1105 1206
861 1649
963 1548
1501 970
977 1683
1363 1132
1088 1529
1056 1638
1138 1594
1298 1371
1047 1957
1132 1797
1163 1928
1538 1361
1219 1947
1193 1966
1578 1574
1571 1713
1076394345 1305823326
1
sift 52
229 127
257 193
926 466
402 386
312 158
637 320
397 344
848 587
724 399
515 353
705 377
1086 464
1066 832
742 500
694 434
770 480
666 757
1458 846
865 477
843 502
989 429
612 964
834 583
1080 566
761 692
605 1095
992 551
717 870
960 650
931 747
1384 679
786 899
1423 589
914 844
1665 750
1201 749
1375 785
1105 949
1537 882
961 1122
942 1271
1012 1088
1411 1045
1218 1086
1065 1465
975 1557
1215 1483
1632 1638
1351 1476
1551 1449
1560 1568
1598 1637
1076394345 1358582240
1
sift 69
250 165
4 4
436 236
425 363
86 54
431 511
94 61
673 494
262 229
700 522
406 210
537 739
414 349
668 612
459 354
865 897
480 391
1065 813
465 420
908 1012
539 411
1007 941
504 468
1603 858
515 458
1111 1247
553 550
490 700
666 528
468 785
874 516
635 749
773 742
1379 535
693 881
750 824
1080 751
861 967
723 1249
719 1283
759 1343
904 1158
971 1119
928 1207
1145 996
972 1227
880 1383
1026 1334
1460 937
963 1458
895 1652
1047 1363
1089 1306
1163 1270
964 1743
1356 1157
1250 1244
947 1830
1235 1297
1676 1044
1138 1566
1088 1710
1232 1404
1113 1689
1156 1665
1426 1373
1433 1465
1560 1520
1549 1692
1076394345 1788219329
1
sift 76
250 175
94 66
229 256
89 568
361 208
188 179
431 587
245 162
589 527
262 218
668 565
238 338
700 620
414 367
675 667
459 360
1096 540
407 473
742 687
465 443
834 689
553 511
960 723
521 608
989 727
748 455
865 842
490 680
954 852
468 757
1007 990
1379 410
1112 966
679 733
1149 968
697 749
1603 1208
773 675
1539 1285
882 656
1411 1423
750 812
1632 1230
1077 659
1664 1213
723 985
783 962
904 822
923 813
914 821
861 880
1080 751
928 870
1105 793
1034 840
759 1189
1141 815
902 1095
1145 884
855 1228
1089 1110
1203 1033
1250 1003
1088 1276
964 1498
990 1470
1211 1197
1197 1227
1232 1236
1305 1277
1310 1381
1690 1103
1560 1373
1551 1464
1574 1550
1707 1387
