1115818466 1636735110
1
sift 267
5 6
8 11
21 30
29 32
16 18
41 72
24 41
176 283
56 71
33 65
70 90
38 69
77 101
55 87
73 106
59 98
135 190
65 99
196 194
69 110
147 313
75 124
159 291
71 133
185 270
87 114
209 303
83 129
126 514
95 123
260 579
86 130
203 305
78 151
475 468
98 135
237 389
101 138
433 552
76 188
322 516
90 191
609 717
114 155
675 700
112 160
481 1236
108 181
568 966
124 158
522 1130
130 189
582 1209
145 177
524 1478
138 183
822 921
133 192
776 1205
141 207
627 1145
136 212
724 1564
152 195
947 1274
157 204
156 221
829 1464
139 239
144 234
919 1344
163 217
166 233
1068 1192
151 287
161 248
929 1884
171 232
162 271
172 260
208 311
183 386
220 324
229 314
207 374
201 401
191 431
216 359
285 319
246 397
242 402
249 407
300 361
304 367
256 448
286 434
270 474
269 518
333 439
321 471
318 527
303 607
338 532
355 507
340 535
470 419
320 590
314 612
361 542
486 425
339 608
327 639
312 677
362 597
377 585
364 616
358 641
386 600
372 674
380 662
408 622
382 728
385 723
430 618
335 884
406 705
549 504
379 813
1140 393
383 803
350 893
356 887
392 815
412 736
415 810
399 988
445 784
464 771
423 877
448 800
437 825
432 888
462 842
436 924
476 826
460 880
514 758
391 1262
515 917
440 1149
404 1550
469 1112
584 862
541 940
559 948
548 972
512 1065
531 1036
692 772
560 998
562 997
485 1169
558 1023
483 1237
580 1038
539 1116
633 949
491 1235
496 1196
553 1106
494 1255
606 1051
616 1069
498 1324
757 904
523 1314
810 919
579 1228
636 1133
612 1219
622 1189
578 1325
639 1201
574 1379
554 1486
648 1240
555 1568
753 1108
748 1117
635 1318
587 1588
601 1562
714 1254
621 1561
716 1291
684 1342
706 1310
885 1128
1004 1057
798 1203
689 1369
662 1468
769 1249
641 1670
720 1452
907 1212
623 1829
638 1819
778 1416
830 1346
649 1810
800 1407
751 1519
754 1549
695 1735
832 1434
642 1910
768 1567
669 1860
752 1706
843 1566
865 1509
817 1647
876 1504
758 1809
850 1674
790 1774
852 1685
813 1747
895 1590
950 1485
1177 1187
892 1654
926 1578
986 1488
861 1732
903 1680
990 1532
858 1799
932 1659
969 1581
961 1595
884 1753
912 1717
914 1721
980 1608
819 1887
976 1656
910 1764
983 1669
870 1844
931 1767
943 1771
887 1870
945 1793
964 1792
978 1778
1013 1758
1035 1711
1148 1579
998 1851
1003 1856
1153 1752
967 1924
1050 1903
1129 1839
1185 1703
