1146127176 1973424357
1
sift 225
104 1205
19 23
312 256
42 35
1001 1088
39 41
51 44
57 53
64 60
68 61
65 74
84 109
155 99
110 147
150 118
145 151
167 142
166 154
169 156
186 159
238 181
247 173
277 167
221 229
251 211
272 196
226 257
227 254
171 878
264 269
269 265
253 293
287 262
314 245
317 284
333 279
301 346
343 298
327 332
357 289
332 336
318 358
356 302
366 314
290 475
341 413
361 372
381 338
394 360
389 393
393 388
323 580
432 326
420 347
421 359
409 404
468 319
446 397
470 357
454 391
426 426
436 417
413 450
406 474
534 340
386 559
456 420
487 395
484 403
1184 220
473 431
448 494
441 604
514 473
482 518
520 470
411 760
451 622
542 466
475 596
538 493
399 893
500 549
469 670
515 572
564 503
557 520
581 500
571 527
491 682
528 619
535 624
552 613
512 698
576 602
593 584
628 538
640 551
615 607
641 560
587 654
517 805
621 653
539 795
645 612
657 609
585 720
589 734
655 628
646 644
617 717
634 726
556 870
687 676
577 863
675 748
672 757
740 667
787 627
619 827
757 664
712 728
682 779
673 792
764 694
714 765
665 802
635 866
734 753
773 723
636 905
733 774
697 821
724 798
725 800
685 857
616 1037
610 1073
855 704
702 890
632 1062
730 858
973 658
759 831
812 785
731 887
670 1004
722 923
995 678
667 1074
728 940
769 909
799 861
941 742
648 1148
778 901
651 1150
735 959
822 859
767 948
858 828
624 1266
762 961
783 947
863 837
720 1110
989 781
864 881
1089 730
896 868
745 1099
876 898
741 1141
931 869
847 958
838 984
823 1020
827 1043
866 977
841 1027
919 927
845 1033
903 945
790 1162
897 955
807 1142
1061 832
1064 834
923 937
836 1090
871 1023
1079 841
843 1125
856 1112
1038 911
828 1181
1009 934
890 1092
810 1226
894 1101
904 1096
938 1122
1002 1041
1015 1038
993 1085
1077 992
985 1133
1036 1086
1021 1109
1095 1012
1091 1068
1016 1175
963 1229
1210 953
1177 1053
980 1262
1042 1244
986 1285
1070 1232
1114 1216
1187 1161
1050 1270
1153 1217
1120 1253
1205 1267
