115006752 136395905
1
sift 63
112 132
130 167
195 207
277 254
340 383
384 732
436 838
562 632
458 992
590 689
576 870
697 830
797 855
623 1221
914 837
923 864
810 988
681 1286
713 1177
817 1004
727 1193
741 1174
737 1209
701 1295
764 1170
865 1040
749 1224
794 1136
841 1202
710 1628
1140 930
913 1190
960 1157
932 1232
857 1449
879 1408
987 1251
1110 1087
1126 1091
869 1562
1049 1258
920 1514
897 1519
855 1687
1099 1292
952 1724
1136 1369
996 1708
1357 1213
1339 1322
1072 1784
1008 1818
1211 1693
1419 1487
1398 1506
1493 1439
1523 1522
1333 1735
1497 1595
1257 1803
1705 1470
1368 1801
1630 1705
115006752 251570085
1
sift 587
8 9
21 17
563 539
15 11
23 16
20 20
33 26
746 661
52 32
34 24
106 62
40 33
761 759
81 86
38 36
89 82
45 42
800 819
94 93
55 44
113 112
59 41
121 110
58 49
114 125
64 54
144 128
62 58
122 119
68 78
153 141
104 55
129 124
86 68
178 186
79 87
157 216
67 96
198 164
103 70
186 183
96 88
199 189
109 74
227 165
148 66
197 208
105 102
213 211
112 98
229 203
119 109
223 220
130 99
257 235
127 108
251 291
125 116
286 242
128 117
267 273
145 105
290 248
131 115
274 280
132 127
268 289
91 287
287 268
142 133
292 285
136 147
283 338
147 150
358 304
205 113
317 368
180 137
403 301
177 144
332 375
160 187
373 370
183 162
390 359
173 175
318 526
172 204
759 247
196 177
369 418
189 196
515 319
193 205
401 404
195 199
450 406
208 190
510 405
217 195
451 478
226 209
437 509
214 229
511 416
221 234
517 451
271 194
456 558
228 228
569 492
241 219
544 530
255 210
520 662
216 294
607 615
395 168
611 645
256 258
598 668
278 246
519 840
259 271
796 550
280 257
603 770
263 284
685 686
330 236
646 745
281 286
698 709
343 232
539 995
294 282
617 940
331 250
809 753
277 310
731 920
325 260
659 1088
295 307
651 1128
320 324
807 863
246 470
944 791
321 328
910 865
397 269
906 873
304 366
1092 738
348 325
1181 800
309 383
994 990
346 331
995 1102
314 382
1214 950
329 365
1108 1168
324 373
1081 1332
340 361
1177 1252
341 364
1403 1159
384 323
1367 1268
367 340
1518 1208
365 345
1489 1291
339 399
1558 1381
391 334
1417 1553
398 330
1405 1572
364 354
1353 1703
351 390
1444 1676
323 456
1421 1712
396 346
1515 1669
402 350
379 397
399 387
443 351
405 417
389 437
462 384
347 547
463 400
356 545
430 432
368 529
458 415
393 524
441 467
414 510
494 410
296 971
540 395
497 424
371 617
524 423
465 500
427 572
485 476
469 507
498 473
457 538
507 475
500 504
477 540
453 582
577 446
493 522
501 516
543 480
512 520
499 561
596 479
473 605
546 531
490 620
535 555
552 548
622 513
561 568
525 627
541 599
537 607
555 596
528 638
752 468
637 542
578 601
579 603
572 614
624 569
623 575
609 585
654 565
630 581
593 626
548 688
687 564
689 570
608 635
600 648
612 641
635 611
649 632
733 566
606 676
509 866
638 659
601 712
530 843
643 687
527 879
662 663
575 798
683 653
645 701
675 674
650 702
704 643
741 613
727 637
671 704
711 664
610 792
616 788
699 681
682 723
574 927
1129 498
709 708
708 741
663 817
868 619
795 665
774 698
694 785
736 729
719 752
743 727
765 717
679 857
1023 594
722 793
830 695
700 827
726 823
729 826
850 724
760 821
841 731
788 789
971 683
772 833
776 831
676 1012
755 874
777 848
826 787
784 836
845 783
950 720
749 885
799 834
948 722
794 838
870 781
815 822
801 842
840 806
977 730
983 742
754 958
990 750
738 1000
792 946
837 886
882 856
814 908
822 907
810 925
797 965
992 796
997 801
832 926
930 861
1010 794
1083 735
846 937
968 845
818 968
865 914
1461 608
900 881
979 850
955 867
889 906
887 922
946 883
861 967
905 938
897 941
914 936
989 876
903 944
879 970
928 931
1072 808
1058 829
972 909
1066 824
998 892
1187 739
834 1040
975 929
973 939
853 1042
982 957
947 977
952 976
894 1004
876 1039
970 985
926 1016
935 1013
939 1011
1028 948
949 1018
1062 904
923 1052
778 1221
964 1030
1223 805
1226 809
1015 989
1040 972
988 1021
962 1053
911 1101
1053 975
1039 986
932 1107
839 1179
1016 1034
1009 1068
1027 1046
1031 1057
1001 1119
1216 894
1176 930
1217 902
919 1191
1711 711
1342 844
1123 991
1119 1006
820 1393
960 1190
999 1161
1097 1044
1133 1001
1045 1125
931 1260
1025 1166
1088 1098
985 1224
1145 1038
1500 846
848 1459
866 1427
1171 1025
1431 878
1077 1146
1182 1043
991 1276
1334 962
1168 1078
1017 1235
1159 1084
1137 1115
1213 1048
1358 961
959 1401
1488 899
1143 1124
1261 1029
1005 1338
1131 1140
1233 1066
1056 1236
1033 1350
1302 1047
1109 1202
1197 1136
1113 1219
1095 1257
1049 1388
1098 1261
1064 1364
1222 1162
1196 1177
1238 1153
1287 1132
1414 1064
1042 1516
1139 1285
1449 1076
1234 1188
1152 1281
1118 1360
1179 1246
1251 1195
1185 1262
1327 1149
1262 1194
1317 1155
1283 1186
1186 1303
1474 1117
1313 1193
1249 1266
1311 1205
1411 1176
1351 1210
1219 1397
1263 1333
1284 1300
1158 1497
1359 1240
1436 1199
1457 1189
1256 1370
1292 1323
1709 1079
1328 1292
1231 1441
1312 1307
1297 1331
1193 1522
1600 1152
1252 1442
1381 1296
1198 1548
1277 1411
1365 1313
1369 1319
1273 1434
1338 1372
1148 1680
1332 1426
1473 1299
1126 1743
1609 1207
1305 1499
1018 1783
1373 1437
1407 1408
1486 1326
1545 1265
1270 1584
1435 1405
1401 1435
1439 1400
1151 1742
1446 1402
1628 1231
1385 1461
1368 1487
1443 1423
1547 1310
1307 1558
1306 1569
1346 1534
1293 1588
1552 1327
1425 1463
1641 1244
1325 1565
1530 1371
1638 1269
1164 1762
1459 1484
1255 1720
1672 1270
1482 1479
1526 1449
1521 1468
1445 1562
1371 1636
1702 1294
1698 1297
1510 1533
1357 1686
1534 1526
1511 1555
1484 1582
1555 1512
1573 1500
1462 1613
1397 1688
1533 1563
1471 1632
1657 1430
1712 1368
1575 1539
1735 1230
1528 1615
1577 1570
1494 1671
1517 1682
1568 1622
1586 1644
1699 1544
1584 1687
1506 1744
1608 1666
1679 1589
1687 1577
1661 1610
1730 1491
1674 1623
1694 1611
1630 1701
1593 1732
1722 1597
1706 1670
1643 1745
1707 1706
1684 1725
1668 1777
1718 1769
115006752 304795499
1
sift 101
213 212
1 0
282 240
19 10
223 211
36 41
317 259
92 68
659 599
103 133
120 109
118 116
128 108
112 135
127 142
131 190
174 159
195 198
208 243
254 348
339 252
310 337
344 313
308 379
352 386
379 358
340 458
475 387
453 433
411 475
389 578
469 470
885 367
480 606
384 831
594 500
434 758
555 539
545 555
498 647
502 717
541 679
431 955
505 854
613 742
458 1121
660 708
773 618
781 640
602 947
675 867
638 931
697 855
664 910
1192 611
1525 546
797 865
883 828
623 1275
972 832
914 887
713 1194
884 948
632 1493
923 957
810 1051
722 1254
814 1077
749 1251
741 1283
764 1303
1044 987
865 1169
687 1689
887 1168
993 1116
817 1314
833 1388
960 1253
1128 1115
868 1604
1139 1178
879 1645
1110 1272
1152 1256
889 1758
1223 1231
1049 1538
1148 1378
1116 1467
1064 1693
1017 1795
1357 1447
1211 1726
1339 1649
1368 1663
1398 1718
1648 1555
1428 1803
1523 1820
1610 1849
115006752 476880634
1
sift 74
302 451
77 79
31 37
94 75
45 41
138 118
142 135
178 170
803 143
223 185
231 256
213 275
281 292
317 314
723 388
373 435
579 428
539 421
531 540
390 648
638 494
510 500
812 468
544 599
563 570
569 673
606 667
659 590
561 786
603 806
680 680
1285 528
746 683
761 796
636 831
1318 625
642 896
906 957
865 706
731 1365
757 794
807 1218
503 1481
1406 1124
700 935
1417 1171
716 983
1231 719
801 995
895 955
988 925
964 974
882 1051
984 968
1175 904
844 1240
868 1212
799 1489
889 1411
1262 1012
1462 944
1714 862
1116 1230
1303 1184
1536 1122
1664 1127
1519 1289
1254 1582
1399 1570
1704 1350
1593 1573
1577 1599
1733 1337
1715 1594
115006752 517252654
1
sift 52
225 300
138 123
5 6
38 55
302 290
563 580
112 129
103 184
746 717
131 145
148 151
761 877
125 209
205 137
800 917
173 205
208 281
1114 1112
231 280
256 322
262 330
277 476
420 318
399 369
309 624
423 429
346 575
379 479
494 453
469 540
405 737
434 729
490 657
697 475
610 594
480 846
613 778
676 954
664 1043
772 936
896 893
884 943
742 1225
736 1265
905 1030
894 1073
1148 1180
1409 1037
1139 1289
1522 1118
1330 1269
1547 1204
115006752 528510916
1
sift 60
94 74
31 31
178 159
45 32
138 112
142 148
213 297
131 168
223 175
231 233
317 337
282 300
268 568
400 292
373 478
1412 176
358 434
388 439
510 617
723 399
659 627
409 663
603 701
569 720
450 1075
680 619
807 1054
458 961
746 684
606 707
1089 1035
453 1045
761 708
715 682
1417 969
636 828
1285 545
896 833
1367 1146
800 797
1318 637
700 1098
1406 1148
844 978
731 1344
988 916
882 1009
1114 963
1231 784
984 952
889 1335
1184 1047
1536 1143
1481 1267
1381 1449
1522 1390
1647 1384
1704 1331
1577 1472
1587 1509
115006752 579717169
1
sift 164
15 36
45 44
81 64
109 72
154 152
142 134
178 156
191 258
219 183
341 168
199 205
336 293
223 196
310 317
213 265
278 382
251 250
314 328
284 233
305 417
282 252
389 377
317 286
384 544
257 329
321 486
287 308
486 471
386 302
579 451
358 342
638 503
456 303
531 591
759 261
723 478
373 393
458 784
437 371
462 777
372 458
606 571
520 425
500 769
510 443
561 716
390 606
551 760
758 407
552 766
592 574
650 690
626 584
643 705
544 694
814 547
659 582
623 754
603 696
662 744
511 867
741 675
686 771
960 572
809 640
817 635
1285 593
642 826
1318 689
636 841
807 1000
832 679
906 1098
690 828
1108 1021
757 798
1420 874
919 693
1444 894
774 795
1181 1069
700 861
1417 970
865 735
1405 1081
503 1483
1214 1298
887 756
1728 1398
717 900
767 857
1039 707
913 806
949 792
753 968
1049 781
788 978
1227 741
882 923
993 898
911 996
964 950
859 1061
868 1085
718 1371
799 1214
801 1234
1113 947
1191 889
889 1244
847 1303
863 1293
1088 1176
1494 960
1565 940
1339 1051
1571 941
1262 1115
1062 1330
855 1735
1115 1288
1368 1062
1613 953
1427 1054
1462 1053
1184 1253
1145 1300
1297 1163
1532 1047
1523 1057
990 1668
1649 1008
1305 1221
1689 1007
1238 1310
1303 1259
1284 1289
1196 1412
1176 1458
1229 1401
1134 1557
1121 1661
1234 1508
1258 1492
1216 1614
1117 1808
1644 1243
1507 1340
1536 1370
1170 1818
1407 1511
1587 1360
1399 1580
1328 1685
1679 1422
1283 1938
1457 1776
1474 1780
1359 1908
1500 1805
1521 1793
1530 1854
1709 1831
1715 1916
115006752 670484749
1
sift 86
7 7
21 26
119 85
52 74
45 45
89 109
112 90
128 126
98 100
131 86
115 131
142 163
205 142
213 211
226 255
286 240
242 245
256 251
251 372
341 236
369 399
281 284
263 306
511 382
314 368
520 579
299 357
351 437
595 565
325 390
598 625
339 473
1263 263
611 614
399 448
862 745
383 471
469 487
995 735
747 405
915 956
375 905
489 619
1214 773
561 554
759 1381
612 498
573 756
695 1727
606 548
1366 890
649 587
1016 866
1558 904
549 732
1177 1544
768 747
985 944
1489 1294
643 1086
1187 668
883 1326
774 1025
701 1279
1179 1033
788 1112
815 1151
1140 1181
1271 882
1355 895
1449 868
1131 1142
870 1596
1438 1023
1346 1092
1143 1308
1570 1077
1584 1135
1482 1196
1320 1314
1495 1195
1475 1243
1273 1554
1404 1484
1546 1392
1550 1736
115006752 936120456
1
sift 100
15 48
45 52
1192 1066
178 169
77 80
223 193
109 84
213 269
142 154
284 233
336 311
282 261
486 365
317 296
723 401
287 329
579 463
358 385
638 538
373 408
462 785
437 387
606 615
319 620
563 685
390 602
561 748
510 503
636 791
659 590
865 698
603 795
746 778
511 1293
642 885
1285 562
552 1099
761 869
757 809
1318 679
1026 702
852 894
503 1455
807 1092
700 942
906 1002
717 1031
809 1144
882 890
1444 808
988 864
1417 911
896 899
1089 1238
1231 761
1406 1090
993 976
1260 1916
868 1138
1368 863
889 1244
1206 932
931 1332
1116 1164
1297 1018
1284 1044
1462 969
1074 1342
1532 994
1427 1059
853 1845
1613 1009
1146 1314
1305 1194
1330 1183
1262 1266
1600 1124
1407 1287
1481 1241
1134 1610
1624 1211
1582 1260
1520 1319
1556 1333
1242 1657
1381 1496
1550 1377
1618 1351
1519 1486
1327 1676
1283 1756
1475 1558
1313 1732
1587 1515
1490 1705
1715 1483
1655 1570
1593 1688
1577 1874
1704 1763
115006752 1029832138
1
sift 287
15 15
21 28
50 69
45 40
94 84
109 73
106 108
118 99
110 98
120 109
121 129
112 117
153 135
126 106
179 120
104 144
168 128
142 123
178 149
202 177
185 161
196 189
197 175
192 255
199 174
310 183
223 184
226 238
213 217
281 211
268 202
280 276
250 209
278 281
306 193
336 265
284 203
348 293
229 266
347 315
282 220
314 350
289 223
370 296
287 269
321 353
316 252
453 261
298 295
414 299
386 292
427 344
456 312
345 446
373 360
498 327
437 349
419 380
470 348
384 449
390 463
590 383
510 396
431 518
758 401
527 433
450 689
391 651
511 603
635 422
745 458
402 681
592 548
458 583
607 545
602 465
544 643
531 519
626 585
500 564
659 550
512 558
603 612
516 601
658 587
606 506
866 471
723 476
809 492
552 597
731 638
561 600
686 709
638 555
908 552
643 561
910 694
636 632
862 746
662 616
759 837
647 641
807 870
660 652
1285 675
623 696
906 958
676 684
1081 836
690 688
1108 911
741 634
1318 826
755 627
1353 851
624 763
1444 853
681 711
1214 1026
749 637
1177 1051
883 557
1405 1035
737 668
1417 1062
733 677
1498 1772
644 772
1732 1787
801 625
675 750
632 796
717 724
757 714
833 654
722 759
972 622
776 739
911 649
991 624
817 705
903 661
763 756
700 810
832 719
753 775
865 730
709 856
952 703
1039 663
882 754
788 822
986 728
949 748
687 1100
868 831
928 812
887 842
841 868
815 901
789 944
1109 735
960 807
857 889
988 823
876 898
863 935
971 857
831 980
913 907
974 876
859 993
1040 839
948 916
979 891
889 971
934 951
1110 794
1031 875
1026 883
1079 843
964 969
1192 789
798 1167
930 1056
955 1066
1049 972
931 1163
826 1279
1397 834
1191 942
1062 1095
1335 865
1235 940
1113 1059
970 1277
855 1439
1131 1099
1211 1045
1497 873
1427 915
1357 955
1088 1210
1242 1065
1159 1122
1339 1015
1368 1005
1072 1273
976 1468
1050 1334
1224 1124
1176 1165
1175 1190
1648 906
1320 1082
1284 1105
1425 1046
1386 1078
1494 1031
1305 1129
1297 1138
1196 1236
1373 1111
1134 1316
1533 1038
1371 1136
1238 1257
1428 1123
1261 1237
1311 1205
1137 1384
1594 1057
1216 1320
1262 1265
1582 1080
1146 1426
1630 1112
1123 1603
1459 1232
1583 1162
1170 1539
1601 1169
1462 1251
1523 1226
1234 1488
1185 1575
1565 1214
1283 1455
1119 1740
1475 1301
1271 1504
1392 1378
1473 1349
1486 1339
1438 1390
1618 1261
1520 1344
1359 1491
1481 1382
1649 1285
1567 1359
1465 1462
1254 1694
1646 1326
1668 1312
1564 1415
1657 1348
1455 1530
1259 1757
1351 1665
1704 1332
1580 1452
1334 1703
1577 1466
1624 1472
1506 1636
1534 1658
1679 1499
1598 1671
1590 1728
1696 1626
1715 1624
1619 1774
1579 1797
1674 1768
1713 1786
1658 1802
115006752 1150832366
1
sift 453
297 340
15 14
2 0
77 65
52 52
23 26
362 449
50 66
34 33
138 140
204 161
31 39
492 458
54 91
46 46
372 525
171 202
45 51
89 62
55 50
563 556
178 229
64 64
81 119
62 67
761 744
186 219
86 81
129 129
103 69
800 800
227 177
148 76
114 159
105 125
1728 1460
197 245
130 105
122 185
127 120
213 243
123 122
144 149
125 131
223 267
132 135
153 170
131 143
219 331
142 151
157 301
205 127
257 273
137 189
199 227
180 137
286 284
160 221
229 201
183 187
290 295
215 200
267 291
195 238
284 314
196 235
268 343
208 218
251 409
226 228
274 350
271 195
376 323
217 251
264 435
231 240
306 505
228 274
373 412
241 253
369 442
256 296
332 512
278 285
390 431
330 250
450 433
308 272
511 465
263 318
401 543
294 298
456 670
281 330
386 843
277 347
569 521
324 305
544 566
246 443
437 761
331 342
607 661
395 297
520 823
321 368
519 929
397 312
611 732
314 396
539 852
346 366
659 826
340 418
698 729
367 369
595 1022
384 361
646 931
391 362
809 754
351 420
685 933
429 357
731 1194
339 460
617 1353
341 492
807 1064
402 389
1092 795
443 370
906 1041
379 422
695 1484
360 456
953 1055
398 416
995 1156
436 377
1214 1073
365 454
1260 1176
399 462
1318 1150
419 453
1081 1628
478 401
1403 1341
347 573
1367 1374
463 450
1177 1737
458 477
1489 1428
494 457
1518 1500
427 555
495 479
468 509
414 592
441 572
512 489
469 537
394 673
485 519
507 522
499 531
457 621
498 551
434 667
500 557
477 601
493 587
531 568
543 560
546 561
501 627
524 604
637 510
577 562
430 894
552 610
733 497
622 553
553 616
548 643
573 632
535 668
624 584
609 629
561 681
537 719
608 676
612 685
649 662
639 672
701 622
650 683
630 712
727 638
662 703
654 710
606 776
711 686
682 716
741 663
683 735
600 846
675 758
868 605
704 726
575 1025
841 655
509 1322
767 717
719 772
616 970
830 677
753 738
689 838
579 1139
878 675
657 942
697 857
850 702
722 820
909 679
700 855
713 877
826 739
1614 515
729 892
663 1068
788 815
774 837
736 906
772 841
764 862
768 874
765 880
815 808
784 859
870 775
757 935
950 762
948 771
845 844
1004 745
802 887
1461 588
801 916
702 1130
990 773
895 831
823 914
799 951
832 905
921 833
749 1091
968 821
601 1557
889 879
916 868
755 1106
690 1290
754 1145
956 872
930 911
818 1017
997 847
1066 789
792 1111
969 896
858 1006
955 930
928 948
810 1097
914 985
960 968
833 1125
1100 817
1065 853
887 1061
922 1028
897 1052
876 1101
949 1013
912 1066
883 1121
894 1108
1072 903
972 1037
952 1059
893 1127
911 1120
1010 1012
1117 888
932 1148
973 1122
1053 1021
854 1287
846 1323
1176 920
1001 1152
1043 1092
822 1377
975 1188
1084 1036
923 1261
1216 944
1088 1081
1158 989
1223 954
1009 1206
1008 1217
1091 1112
1039 1181
1012 1250
1186 1011
962 1319
1119 1119
1159 1056
1137 1109
879 1471
1133 1118
1261 984
1080 1169
1096 1161
919 1436
1358 932
1027 1302
1175 1105
959 1422
1045 1282
1383 947
988 1396
1500 915
1213 1124
1222 1134
1145 1192
1033 1424
1069 1361
1077 1340
980 1546
1099 1305
1488 986
1131 1266
1217 1197
1562 974
1144 1301
1025 1540
1457 1063
1075 1450
1234 1230
1143 1330
1035 1565
1109 1404
1212 1270
1450 1104
1484 1085
1431 1129
1287 1214
1323 1182
1252 1259
1283 1245
1113 1468
1139 1419
1151 1408
1359 1200
1056 1625
1470 1159
1286 1280
1259 1334
1638 1082
1249 1364
1493 1170
1179 1463
1098 1613
1152 1508
1311 1313
1313 1311
1330 1310
1227 1458
1167 1525
1262 1400
1474 1240
1253 1423
1168 1542
1351 1348
1547 1202
1338 1370
1163 1616
1328 1402
1292 1446
1365 1382
1148 1652
1284 1472
1373 1413
1198 1667
1297 1523
1309 1516
1293 1539
1407 1438
1709 1196
1459 1412
1312 1545
1385 1495
1678 1251
1270 1624
1231 1690
1251 1660
1528 1398
1439 1505
1446 1502
1368 1596
1577 1406
1641 1365
1397 1590
1609 1401
1497 1503
1425 1570
1575 1433
1598 1421
1346 1663
1530 1509
1546 1474
1555 1491
1482 1562
1702 1384
1534 1548
1445 1642
1526 1561
1305 1742
1593 1528
1428 1676
1381 1733
1263 1756
1672 1504
1519 1678
1600 1604
1608 1637
1517 1719
1520 1724
1713 1534
1584 1692
1738 1376
1680 1659
1582 1741
1694 1668
1727 1618
1730 1634
1715 1740
115006752 1186326363
1
sift 692
297 289
7 8
19 18
302 341
20 19
21 21
47 48
27 26
89 65
31 33
56 52
33 32
70 75
35 39
81 82
34 40
114 91
38 34
98 115
41 42
106 100
40 47
110 99
45 45
121 116
48 51
135 144
55 59
153 147
58 61
149 187
68 56
178 164
59 67
179 154
64 66
185 171
62 72
159 203
78 63
197 190
92 79
213 212
84 86
223 210
82 89
204 228
87 88
227 251
105 92
229 246
97 107
243 239
119 93
251 234
104 110
268 250
118 104
279 226
112 112
257 268
120 106
267 248
125 113
275 275
127 118
306 263
128 119
283 276
123 127
282 287
130 124
289 278
132 122
287 296
148 114
290 306
131 130
286 318
136 129
292 314
142 132
298 309
160 136
316 300
145 167
332 333
184 134
386 293
167 151
369 316
166 152
318 372
162 156
358 364
165 159
373 378
172 157
416 388
182 150
390 413
173 162
437 414
188 176
456 400
195 168
470 427
183 182
404 521
180 196
442 477
189 188
450 487
192 192
510 467
196 191
511 558
214 180
517 557
202 211
556 495
201 216
714 444
208 209
544 567
272 178
569 612
217 220
651 526
228 229
598 606
226 249
611 589
236 241
607 609
246 230
603 661
248 233
659 639
285 219
745 568
256 256
588 741
262 253
658 663
296 235
669 656
325 224
646 697
277 262
758 625
312 232
685 720
281 260
617 807
310 247
698 709
255 302
731 713
278 286
728 737
280 304
809 684
313 266
751 739
303 301
862 789
321 284
807 927
341 272
908 795
324 281
957 850
329 295
1037 805
308 319
965 884
344 291
906 947
328 312
910 1022
336 322
835 1086
347 317
953 996
351 325
944 1145
331 347
995 1113
330 361
1108 978
348 342
1155 1014
360 337
1081 1081
396 327
1086 1084
345 366
994 1212
314 412
1181 1038
398 339
1011 1227
352 374
1420 999
366 367
1089 1250
333 429
1285 1069
384 351
1214 1141
379 352
1177 1210
375 365
1606 1135
430 336
1353 1287
410 357
1444 1254
340 453
1405 1291
414 363
1092 1711
399 368
1388 1451
393 381
1432 1641
409 391
1489 1601
388 399
1478 1654
425 384
424 392
427 389
391 420
405 407
367 454
389 428
349 483
411 416
417 422
457 394
441 409
463 393
402 447
436 432
431 455
429 465
477 415
465 435
469 431
481 425
475 436
480 439
518 405
460 464
530 406
524 417
498 442
462 476
458 479
443 499
448 560
526 460
554 449
502 486
500 488
472 541
478 534
493 497
485 512
525 480
541 473
587 461
490 547
725 397
497 546
590 466
516 530
512 542
494 573
680 445
527 543
548 506
534 537
531 554
572 508
545 549
546 551
583 500
575 519
579 516
335 1558
552 564
630 493
535 600
555 585
561 586
567 602
616 556
594 571
606 579
601 603
613 593
609 615
608 623
654 578
591 645
610 631
720 532
676 574
623 634
635 618
638 624
650 629
643 633
624 648
683 605
649 636
663 626
655 637
622 671
660 642
453 1160
693 632
671 649
641 681
662 673
736 619
647 698
553 877
675 696
690 685
681 699
704 676
697 680
828 596
711 688
917 563
773 640
856 584
891 572
743 692
713 733
618 917
718 744
716 756
755 718
765 710
747 725
774 708
687 815
709 778
700 790
812 686
741 760
699 822
776 740
771 754
820 706
753 773
757 780
707 859
833 716
810 728
749 798
794 761
802 750
788 771
868 722
797 768
754 817
763 809
871 731
722 930
767 858
792 820
866 764
903 742
784 841
615 1208
811 806
921 757
837 792
954 746
764 931
826 821
832 840
902 785
838 837
1023 727
818 860
814 866
739 1030
847 848
815 876
861 830
962 770
923 793
879 818
830 890
854 861
791 962
983 784
823 923
805 944
841 904
863 880
845 922
859 899
884 870
894 867
865 921
991 808
881 907
887 903
905 892
897 908
972 856
973 871
1027 814
889 946
930 925
798 1057
948 902
942 932
939 942
1033 843
692 1368
988 909
928 982
955 953
911 997
960 955
979 935
938 985
1189 753
964 965
1016 901
949 994
990 963
936 1025
882 1051
1065 864
974 1010
1002 972
952 1031
1031 940
982 1013
950 1042
1042 945
840 1136
1118 853
876 1120
1008 1028
1098 896
1056 961
1192 812
855 1158
1148 849
857 1161
1041 1011
1028 1036
1043 1029
997 1063
1076 975
1010 1052
992 1093
1060 1033
1026 1055
967 1124
1078 1021
858 1259
1231 869
1110 998
1039 1076
1045 1072
987 1143
801 1422
1062 1060
971 1189
1306 857
1009 1159
1055 1100
958 1228
1047 1122
1125 1044
1050 1129
1080 1082
1299 920
1218 1005
1223 1004
1014 1209
1088 1112
970 1281
1099 1101
1293 939
1191 1037
1138 1071
1247 1016
1126 1099
1069 1171
1067 1172
1115 1125
1127 1108
1053 1217
1133 1105
1072 1192
1139 1109
1292 1012
998 1337
1356 979
1049 1290
1159 1132
1251 1061
1079 1233
1352 1020
1082 1237
1176 1131
1200 1118
1119 1204
1208 1130
1238 1102
1145 1181
1147 1177
1249 1098
1137 1198
1113 1251
1198 1175
1184 1186
1094 1304
1157 1218
1382 1092
1185 1240
1123 1332
1664 954
1392 1094
968 1669
1310 1137
1143 1313
1211 1245
1256 1195
1179 1272
1365 1140
1170 1317
1168 1334
1182 1324
1201 1305
1261 1236
1262 1246
1277 1235
1212 1328
1071 1600
1357 1191
1335 1205
1414 1168
1582 1075
1227 1340
1237 1325
1422 1170
1226 1357
1368 1197
1161 1446
1419 1183
1359 1221
1222 1404
1224 1405
1561 1115
1316 1277
1234 1403
1397 1243
1297 1320
1457 1213
1162 1510
1327 1310
1385 1265
1268 1407
1497 1201
1339 1327
1449 1256
1320 1356
1347 1355
1287 1425
1228 1514
1407 1316
1242 1489
1539 1225
1370 1380
1430 1323
1431 1330
1338 1434
1600 1214
1369 1410
1371 1414
1083 1717
1257 1539
1401 1389
1328 1465
1351 1453
1284 1521
1465 1362
1358 1455
1398 1430
1532 1297
1263 1583
1259 1592
1271 1569
1311 1495
1596 1261
1445 1401
1525 1336
1302 1543
1494 1378
1428 1449
1411 1460
1512 1383
1657 1249
1470 1437
1549 1341
1536 1370
1305 1606
1475 1441
1546 1369
1576 1351
1283 1645
1425 1504
1608 1346
1376 1581
1342 1612
1459 1486
1511 1459
1519 1454
1409 1567
1583 1411
1486 1493
1589 1432
1462 1557
1323 1662
1533 1476
1396 1618
1565 1458
1530 1497
1346 1665
1312 1696
1645 1413
1643 1420
1520 1541
1484 1574
1355 1676
1637 1436
1594 1467
1648 1433
1439 1627
1598 1475
1617 1471
1567 1517
1507 1604
1555 1562
1526 1609
1577 1537
1638 1474
1624 1491
1592 1535
1483 1634
1590 1578
1584 1594
1644 1531
1682 1468
1649 1527
1554 1626
1619 1597
1635 1589
1607 1622
1652 1582
1628 1607
1681 1529
1485 1705
1675 1563
1680 1550
1523 1701
1618 1632
1609 1639
1575 1660
1655 1611
1586 1663
1668 1637
1672 1680
1674 1695
1713 1661
1720 1667
1718 1720
1740 1728
115006752 1474416471
1
sift 643
297 279
7 7
1 0
138 124
15 12
21 16
302 347
52 34
32 20
492 354
57 44
34 21
54 50
29 31
563 503
81 59
33 26
89 73
40 29
746 647
94 78
38 32
106 63
45 33
761 728
110 79
55 38
113 98
59 37
800 766
129 88
58 39
114 112
64 48
1206 943
149 87
62 49
144 122
68 62
1522 1089
153 135
86 55
122 214
97 53
157 182
67 76
186 171
79 71
199 181
104 56
197 191
103 64
227 177
96 77
213 196
119 70
223 208
105 91
229 197
112 89
219 227
148 68
250 238
127 92
268 267
123 94
267 255
130 96
286 235
125 103
290 244
128 109
292 243
126 121
274 272
145 99
283 257
131 110
287 265
132 119
264 296
161 104
289 293
142 125
306 314
136 131
358 302
147 137
318 361
162 138
332 357
167 151
403 305
180 142
373 358
177 148
390 360
165 163
401 377
160 168
415 404
205 136
450 402
172 160
437 448
183 155
451 436
173 166
470 415
193 161
510 408
189 184
511 413
195 185
456 482
208 174
416 546
202 211
517 439
216 193
544 479
217 205
569 474
214 215
520 599
231 194
592 545
226 207
539 603
228 213
607 584
221 225
598 596
241 216
611 590
271 198
603 626
238 222
519 756
255 212
646 655
322 203
658 639
256 242
685 607
222 326
659 665
262 260
698 684
280 234
617 731
259 288
728 743
277 278
651 899
281 281
731 796
305 262
809 713
308 263
807 798
330 239
906 804
296 300
910 828
329 284
994 878
341 274
695 1601
273 350
1092 931
321 297
1045 1020
303 318
759 1566
320 321
1214 939
344 307
1181 1055
314 337
965 1390
397 276
1108 1187
346 316
1081 1235
348 325
1177 1189
331 353
1260 1127
384 311
1432 1201
361 331
1367 1256
339 375
1558 1147
351 355
1476 1209
365 346
1388 1294
340 394
1542 1298
391 335
1405 1434
396 341
1403 1445
367 366
1353 1500
323 432
1421 1460
324 445
1489 1419
327 456
1444 1475
402 351
1732 1548
453 328
436 339
430 348
398 371
379 390
399 387
388 396
419 378
443 368
420 393
505 334
540 317
462 367
424 400
395 433
393 452
417 428
427 443
458 412
414 466
463 410
441 447
434 453
452 438
478 406
524 403
497 425
457 476
469 469
500 437
494 458
488 462
477 478
473 480
516 454
512 460
479 522
493 495
531 473
507 499
546 493
425 740
535 519
552 504
525 534
553 507
580 489
601 484
561 512
528 547
577 525
555 537
622 500
548 568
578 543
623 506
537 586
575 570
541 593
527 632
572 577
624 532
585 582
609 563
630 571
637 574
612 592
606 600
591 630
590 641
608 622
687 558
639 588
628 618
643 602
649 612
650 615
648 628
676 601
683 598
600 689
662 620
616 676
741 556
727 572
645 672
733 580
593 741
675 654
671 662
682 659
413 1644
647 705
700 645
716 635
579 840
711 653
694 671
710 660
574 875
704 673
663 730
767 625
784 613
708 700
699 742
763 682
768 685
713 754
830 650
736 737
760 701
702 762
747 715
774 692
729 752
845 657
878 637
722 786
653 937
776 747
755 774
757 775
771 761
764 782
788 757
777 765
772 784
794 759
841 723
868 714
948 687
838 750
693 982
706 945
801 797
818 771
749 869
922 716
802 808
939 725
792 841
990 698
814 810
754 906
836 807
810 832
815 834
889 764
822 838
1004 711
791 881
888 792
870 809
765 968
1082 681
833 855
900 815
865 844
896 818
904 821
726 1056
837 872
851 870
861 864
1223 651
887 846
950 812
997 779
882 867
853 900
876 877
930 852
989 830
905 871
992 831
884 890
946 861
914 887
832 987
983 847
1461 606
1066 769
952 883
909 922
960 880
883 955
955 888
969 896
941 927
949 921
897 970
872 1002
968 917
973 920
979 915
1005 895
1002 904
1119 793
988 925
856 1061
848 1082
1015 910
932 1019
972 990
928 1032
962 1011
911 1044
923 1041
974 1023
797 1195
947 1038
840 1131
998 1003
1062 912
921 1073
1008 995
1010 992
1038 959
1039 962
866 1122
1043 964
1072 919
935 1093
1053 972
913 1106
964 1074
1075 936
1106 918
999 1064
1009 1069
1041 1051
1226 873
1213 882
1216 884
1018 1105
1115 999
959 1179
1091 1027
1176 947
1186 961
991 1182
1025 1136
931 1257
919 1275
1035 1137
1133 1031
1159 1007
1083 1088
1017 1158
1056 1150
1088 1118
1080 1123
1227 1018
893 1400
1145 1071
1222 1030
1137 1096
985 1300
1185 1052
1286 980
1131 1111
1033 1238
1109 1142
1151 1109
1192 1086
1431 924
1095 1177
1182 1102
1358 988
1042 1278
1229 1081
1251 1050
1261 1060
1217 1116
1545 909
1139 1168
1488 951
1591 905
1158 1161
1098 1241
1148 1181
1287 1094
1099 1285
1113 1266
1049 1421
1136 1251
1124 1267
1219 1194
1262 1139
1302 1124
1234 1192
1259 1157
1179 1247
1152 1276
1268 1175
1126 1342
1338 1132
1231 1236
1561 1042
1252 1228
1201 1302
1284 1219
1168 1355
1409 1140
1249 1260
1303 1217
1198 1339
1143 1427
1449 1149
1184 1398
1474 1146
1351 1221
1311 1239
1256 1316
1359 1225
1325 1248
1255 1328
1490 1154
1309 1271
1396 1222
1211 1433
1313 1272
1273 1325
1459 1196
1330 1283
1473 1204
1197 1486
1283 1366
1292 1362
1308 1337
1297 1360
1196 1543
1436 1263
1408 1293
1346 1344
1373 1322
1401 1304
1369 1327
1263 1461
1277 1447
1368 1346
1497 1242
1238 1528
1435 1306
1312 1420
1546 1231
1365 1383
1484 1279
1658 1165
1617 1205
1503 1281
1254 1558
1357 1426
1642 1202
1398 1409
1471 1356
1638 1220
1305 1515
1485 1333
1428 1397
1575 1264
1486 1348
1438 1412
1609 1262
1457 1403
1625 1255
1555 1310
1445 1425
1534 1349
1480 1417
1350 1559
1456 1451
1593 1315
1332 1576
1347 1568
1429 1512
1463 1487
1465 1492
1526 1439
1547 1402
1375 1592
1637 1334
1553 1438
1572 1418
1530 1479
1464 1552
1517 1518
1608 1442
1514 1545
1583 1473
1709 1330
1641 1422
1568 1494
1425 1645
1619 1468
1519 1573
1592 1489
1629 1459
1657 1424
1704 1385
1528 1598
1533 1590
1600 1531
1694 1430
1672 1450
1735 1261
1577 1583
1487 1662
1584 1581
1679 1523
1510 1687
1687 1505
1594 1639
1730 1436
1630 1638
1654 1622
1722 1522
1613 1670
1696 1584
1661 1633
1663 1632
1740 1320
1505 1724
1550 1720
1698 1667
1727 1654
1731 1706
115006752 1523815439
1
sift 731
225 181
7 11
2 1
77 67
20 26
4 3
297 295
52 46
19 29
138 98
54 57
21 24
302 301
81 74
24 19
362 307
89 70
32 35
1441 944
113 104
31 38
746 690
121 113
30 41
114 128
34 39
761 777
149 122
33 42
144 144
27 49
852 815
122 184
40 45
153 154
38 48
1728 1256
219 119
45 50
163 167
55 52
157 207
59 55
178 190
62 61
186 199
64 60
199 211
68 66
197 215
67 85
213 226
101 62
227 222
85 71
223 236
86 75
229 241
78 82
318 223
92 79
250 258
104 69
257 255
97 77
267 277
87 99
268 281
103 89
264 293
91 117
283 270
109 91
286 265
96 108
290 266
105 100
287 275
108 105
292 284
112 114
289 297
111 123
279 312
123 112
306 311
130 121
317 322
125 129
342 330
126 132
332 373
128 135
358 335
148 107
373 349
131 139
369 392
145 134
403 355
132 149
390 385
136 157
401 367
142 152
415 422
139 161
442 399
147 165
386 444
161 146
450 435
176 150
451 450
162 170
470 434
167 173
437 468
166 183
456 457
160 195
510 429
165 191
511 446
180 178
517 464
177 180
759 402
183 188
544 496
188 197
569 493
193 206
539 544
189 208
592 558
195 205
607 584
208 204
598 598
205 227
611 586
217 230
595 634
214 237
519 741
226 235
603 654
228 234
659 657
231 232
685 638
221 250
658 699
236 239
651 717
241 246
617 750
255 248
646 743
271 242
728 677
256 271
698 715
278 261
809 606
240 306
731 774
262 282
695 878
281 274
758 864
280 278
807 792
277 290
910 761
322 259
906 830
248 334
953 838
304 279
908 1001
308 287
994 978
330 285
1181 814
296 313
1214 825
341 286
1092 1015
329 300
1108 957
321 309
965 1260
344 303
1081 1114
272 390
981 1346
314 325
1366 976
336 332
1417 1023
313 357
1177 1190
348 323
1155 1244
340 342
1478 1088
331 359
1542 1154
346 338
1388 1337
324 364
1405 1385
397 315
1420 1376
351 358
1476 1338
345 371
1489 1334
323 410
1444 1395
395 328
1285 1614
339 393
1353 1564
320 426
1281 1705
423 327
1515 1670
360 370
1602 1646
347 400
1732 1479
392 351
1440 1806
380 361
375 368
365 387
367 384
384 363
379 407
398 403
396 409
405 408
443 372
399 417
433 388
424 405
436 394
417 420
460 381
429 415
393 436
327 548
419 430
414 443
505 382
425 442
441 432
427 453
540 365
448 440
452 448
463 439
457 463
526 419
465 458
458 474
493 447
494 449
469 479
480 470
534 431
507 455
473 485
498 461
370 660
477 487
516 452
500 467
484 481
497 478
488 489
468 534
501 510
509 525
499 545
528 518
634 465
546 516
535 523
601 490
531 532
522 550
490 596
552 527
577 517
555 531
545 549
525 569
561 543
527 580
524 585
597 526
580 553
557 578
541 604
572 577
622 537
548 612
574 592
739 488
453 898
624 554
654 542
610 572
752 497
609 583
575 643
606 600
647 565
635 581
571 661
602 611
648 571
608 607
585 655
614 620
612 623
600 645
649 601
474 951
590 675
630 630
587 686
643 613
591 674
662 609
684 594
689 590
650 658
675 646
578 751
579 763
711 619
710 624
676 664
683 662
616 745
690 671
694 663
716 647
681 692
663 705
741 629
670 706
653 746
699 702
775 649
767 656
702 719
708 729
704 732
774 669
700 740
784 666
697 762
733 738
753 724
763 716
713 786
736 769
755 748
868 678
760 781
776 753
838 710
891 681
772 779
830 731
722 843
747 817
845 730
861 713
757 805
1093 588
857 721
655 1035
765 820
764 828
909 723
718 930
826 772
833 764
841 758
788 819
754 863
823 795
792 833
858 776
968 727
917 742
817 811
850 790
948 736
791 853
794 851
870 791
815 832
856 804
801 858
844 834
814 852
1023 733
865 822
903 798
777 946
837 857
926 800
749 1010
879 823
914 816
840 871
832 897
810 916
822 918
964 802
726 1098
882 850
972 808
950 821
900 841
1009 783
1461 587
836 940
797 980
884 870
853 920
811 956
897 866
887 909
930 874
922 893
997 826
895 922
889 938
939 900
1082 760
952 885
883 948
932 917
989 854
866 974
923 935
849 1006
962 903
971 896
1123 752
674 1364
875 991
820 1057
949 933
960 924
905 959
894 970
982 911
916 961
992 899
973 939
911 977
931 971
955 962
1040 876
946 990
983 960
1144 789
988 967
1028 934
1072 865
1066 886
928 1072
947 1047
1006 984
1005 999
1083 891
974 1039
1039 965
1008 1018
1062 949
1017 1014
1053 972
1192 827
812 1205
919 1133
1016 1053
1187 847
970 1102
1027 1059
998 1096
1018 1074
1061 1009
848 1221
1045 1043
1038 1069
999 1104
1138 941
991 1122
1216 895
1080 1019
1293 836
1064 1063
1077 1038
827 1303
1176 942
1088 1048
892 1245
1091 1049
1133 1017
987 1179
1226 954
954 1237
959 1233
1042 1148
1033 1159
1159 1026
1145 1065
1213 1002
1119 1094
1365 908
1110 1100
1229 1011
938 1314
1222 1031
1238 1013
1056 1173
1136 1097
1200 1052
1021 1227
1050 1191
1025 1231
1113 1129
1191 1076
1242 1032
1488 875
1116 1147
1251 1045
1131 1145
1151 1121
1170 1108
985 1345
1014 1297
1168 1116
1231 1092
1137 1150
1109 1176
1060 1251
1283 1064
1049 1317
1270 1099
1493 998
1263 1131
1196 1183
1182 1188
1139 1228
1207 1177
1218 1168
1261 1149
1099 1296
1031 1462
1268 1152
1143 1261
1429 1086
1152 1258
1126 1302
1614 989
1101 1342
1223 1222
1098 1383
1179 1263
1327 1153
1282 1186
1262 1210
1157 1305
1438 1113
1235 1241
1198 1273
1302 1185
1334 1169
1271 1216
1277 1213
1292 1198
1224 1283
1162 1349
1287 1226
1278 1243
1425 1157
1522 1117
1359 1192
1338 1208
1431 1161
1249 1279
1193 1405
1201 1397
1340 1253
1227 1389
1373 1238
1413 1214
1284 1313
1297 1300
1352 1295
1256 1419
1234 1466
1680 1119
1349 1321
1711 1110
1459 1269
1312 1380
1316 1390
1339 1374
1252 1491
1408 1316
1500 1271
1335 1423
1385 1360
1347 1415
1506 1277
1474 1301
1455 1315
1559 1249
1582 1236
1418 1350
1273 1512
1305 1483
1331 1470
1368 1441
1392 1439
1375 1456
1638 1239
1437 1410
1333 1501
1473 1378
1401 1458
1398 1474
1503 1362
1457 1437
1490 1396
1446 1451
1255 1642
1594 1309
1530 1388
1528 1406
1486 1444
1514 1432
1534 1408
1525 1443
1311 1621
1545 1416
1586 1372
1470 1493
1609 1354
1584 1381
1357 1607
1332 1650
1642 1356
1325 1683
1416 1605
1640 1399
1608 1442
1698 1333
1574 1480
1546 1495
1643 1424
1445 1617
1669 1394
1577 1496
1428 1643
1464 1615
1649 1454
1523 1575
1307 1776
1692 1391
1571 1525
1593 1522
1713 1407
1494 1625
1533 1594
1555 1570
1583 1554
1519 1624
1644 1505
1598 1555
1648 1504
1589 1571
1702 1477
1656 1516
1550 1630
1511 1693
1462 1741
1655 1529
1657 1528
1575 1634
1617 1606
1592 1645
1687 1538
1636 1603
1679 1556
1487 1760
1601 1656
1682 1568
1630 1637
1400 1802
1715 1549
1661 1609
1569 1722
1573 1726
1668 1619
1615 1709
1646 1664
1532 1788
1635 1717
1722 1576
1674 1685
1688 1668
1696 1684
1731 1577
1645 1787
1637 1793
1694 1779
1720 1769
1663 1807
115006752 1643728630
1
sift 59
178 110
142 121
895 798
186 128
223 136
500 401
1114 946
213 140
251 159
535 407
1207 957
289 155
268 165
606 433
1330 1044
284 202
317 205
622 473
1522 1364
287 232
298 259
480 575
373 279
659 405
1046 416
607 487
1319 645
768 571
635 657
1405 712
576 811
557 873
1489 749
694 787
882 674
1389 977
1664 557
879 844
935 910
1449 718
897 986
919 1010
952 1074
1001 1159
1012 1230
1017 1318
1270 1142
1025 1516
1395 1187
1152 1573
1212 1831
1585 1607
1459 1826
1643 1612
1690 1593
1617 1717
1577 1816
1583 1832
1736 1638
115006752 1716575903
1
sift 124
362 218
138 91
2 0
297 299
119 95
132 79
302 314
178 140
130 133
1593 1140
185 155
142 151
223 197
174 193
268 212
160 228
282 248
195 256
256 269
231 230
317 281
296 236
262 316
277 344
358 363
346 380
339 424
280 545
373 417
333 443
379 382
397 358
539 395
396 372
477 520
406 392
598 647
384 558
683 403
500 560
659 610
469 574
612 767
577 527
607 753
434 984
773 1114
606 700
796 687
501 916
884 1217
512 951
1285 806
708 658
905 1219
543 982
1405 1155
628 832
985 1320
610 867
1319 1582
580 1025
1179 1492
645 971
575 1166
1139 1747
635 1064
623 1179
1249 1615
614 1306
699 1115
1369 1677
1046 780
830 1007
765 1113
736 1225
694 1430
689 1546
697 1480
664 1687
882 1148
749 1444
771 1391
799 1381
713 1879
752 1744
780 1623
797 1593
810 1570
961 1352
879 1535
806 1762
977 1422
817 1778
904 1565
887 1685
950 1591
1066 1344
932 1712
833 1945
926 1812
997 1652
914 1899
972 1781
935 1877
1099 1496
1056 1671
1027 1876
1358 1295
1261 1445
1008 2046
1664 1143
1062 1969
1256 1571
1148 1814
1144 1970
1475 1470
1273 1733
1364 1632
1327 1741
1247 1932
1465 1679
1493 1861
1735 1853
115006752 1785851268
1
sift 445
297 331
15 21
1 1
77 81
52 64
2 0
302 340
98 66
21 33
362 353
81 131
34 38
89 122
31 52
563 559
122 109
33 47
121 135
29 71
746 668
113 143
45 61
114 177
55 60
761 728
144 163
58 76
153 184
62 82
852 766
204 176
86 96
135 249
103 89
178 234
105 139
186 227
96 160
199 237
123 136
157 308
128 146
197 259
125 149
213 258
131 151
229 232
132 159
257 279
142 175
286 285
109 313
290 304
137 197
250 360
180 157
268 345
141 208
287 318
162 186
267 351
205 164
283 333
183 196
274 367
160 236
319 400
195 242
318 420
196 243
317 484
208 218
373 418
215 220
342 469
226 230
369 423
217 252
390 411
255 235
450 459
241 266
401 509
228 288
511 470
256 311
510 475
246 327
517 485
278 300
437 618
216 437
456 629
263 332
569 504
294 307
544 534
281 336
607 662
259 369
520 787
331 301
611 670
277 415
603 719
397 294
539 856
320 354
698 684
321 380
626 777
345 355
595 862
299 403
685 764
366 347
659 818
314 412
646 842
384 346
910 717
340 398
1092 665
341 424
617 1322
402 362
807 921
391 375
731 1110
398 371
906 959
367 391
994 1104
339 465
1214 922
351 453
944 1203
375 422
995 1192
365 441
915 1296
429 395
1558 928
443 384
1181 1290
379 440
1081 1483
399 444
1367 1213
388 457
1318 1311
347 533
1177 1501
462 425
1489 1286
396 495
1388 1506
494 439
463 478
540 438
497 471
414 567
524 474
394 636
469 517
441 571
434 612
507 508
500 522
493 527
457 609
477 591
501 558
430 716
546 528
733 477
561 550
577 535
622 514
637 507
552 581
543 596
535 621
623 549
632 553
624 557
609 585
647 561
582 661
572 673
608 659
612 658
618 654
630 643
704 574
680 606
650 644
649 648
675 655
662 674
606 726
590 776
983 516
727 634
687 689
741 650
683 711
711 692
682 715
600 861
527 1093
663 775
830 630
850 623
579 994
718 732
868 642
722 761
509 1274
694 813
736 767
700 828
774 745
689 890
841 697
1130 582
763 797
788 770
713 889
772 800
765 827
826 769
815 782
729 915
1461 536
754 883
997 698
760 899
992 710
845 798
948 739
749 930
823 824
757 929
990 721
801 849
977 740
889 792
771 933
978 756
792 909
840 863
755 1000
837 879
930 830
865 895
833 949
928 871
968 843
882 919
818 984
946 887
979 878
1187 709
955 893
802 1046
902 952
876 977
1015 857
949 925
964 924
897 967
956 937
969 931
914 980
960 951
1053 858
887 1014
1216 753
894 1025
974 991
861 1092
952 1019
932 1040
1158 819
883 1082
962 1030
911 1069
1100 881
1217 807
848 1145
923 1098
1043 986
926 1116
1009 1062
1176 882
1097 958
1001 1080
888 1187
1008 1085
1091 989
822 1306
988 1123
1306 832
1016 1099
1017 1108
1040 1086
985 1141
1213 935
919 1247
1223 945
959 1217
1119 1036
935 1251
1145 1020
1170 1006
1044 1140
1182 1010
1222 981
1045 1161
1137 1051
1027 1190
1133 1065
1500 848
1080 1138
1334 946
1563 837
867 1487
1159 1083
1033 1252
1212 1066
1229 1055
1077 1196
1010 1326
1287 1026
1000 1368
1242 1061
1131 1159
1261 1056
1083 1227
1098 1208
1144 1149
1545 914
1233 1102
1286 1074
1358 1041
1113 1239
1168 1181
1268 1105
1431 1032
1109 1271
1330 1103
1025 1517
1139 1315
1283 1164
1179 1265
1151 1316
1056 1510
1262 1205
1638 1017
1227 1268
1313 1175
1449 1115
1359 1166
1219 1307
1234 1269
1175 1363
1327 1197
1338 1194
1184 1376
1143 1430
1249 1282
1297 1236
1252 1299
1470 1144
1099 1531
1152 1446
1457 1165
1438 1172
1474 1151
1411 1191
1284 1301
1351 1248
1274 1341
1312 1279
1311 1333
1251 1451
1346 1358
1479 1238
1148 1569
1211 1528
1486 1249
1368 1364
1270 1457
1373 1362
1365 1371
1328 1403
1352 1382
1407 1344
1385 1356
1256 1485
1647 1184
1309 1461
1238 1559
1609 1237
1305 1516
1425 1436
1482 1395
1459 1449
1273 1595
1546 1394
1277 1604
1473 1466
1555 1404
1401 1530
1530 1447
1347 1584
1510 1478
1713 1280
1585 1422
1582 1427
1517 1489
1554 1470
1526 1494
1357 1615
1445 1573
1519 1532
1704 1373
1584 1480
1593 1504
1702 1420
1657 1464
1727 1386
1521 1588
1443 1621
1577 1549
1722 1409
1568 1564
1600 1548
1674 1513
1687 1502
1730 1453
1601 1620
1608 1618
1712 1626
115006752 1799436415
1
sift 53
225 367
282 241
1 1
317 268
19 19
373 409
92 55
807 1434
118 93
1319 1348
112 124
103 169
127 163
131 181
173 168
195 176
396 273
379 395
354 519
329 686
405 506
389 535
469 482
394 586
524 444
453 623
384 804
480 622
505 582
545 580
541 730
502 805
613 725
697 739
773 706
883 695
884 866
699 1125
894 876
810 1050
1192 811
1008 1016
833 1374
901 1302
1139 1075
1148 1086
1576 926
1115 1294
1599 1029
1256 1208
1249 1239
1422 1234
1310 1534
115006752 1861578657
1
sift 154
225 353
77 70
22 20
138 105
182 165
33 33
297 299
563 620
38 47
302 339
1192 757
34 57
362 298
746 838
64 55
761 882
101 60
852 795
59 93
896 1017
73 86
1114 1280
87 102
1593 1668
103 124
119 104
111 155
141 125
127 142
130 145
131 172
148 162
151 157
160 176
165 183
174 186
162 214
195 226
208 224
228 218
231 217
256 250
262 281
308 264
277 311
339 286
333 296
312 345
305 365
299 372
335 341
396 294
344 338
473 278
697 227
351 390
340 426
379 396
405 374
555 313
399 414
384 485
477 441
397 558
490 466
469 510
503 514
481 555
683 432
417 746
577 497
724 436
480 657
572 576
462 747
458 792
781 477
512 794
499 873
613 709
547 797
610 766
553 1172
580 1145
623 1077
773 802
736 877
654 1066
640 1120
1223 612
765 962
576 1585
738 1060
942 845
830 977
850 963
694 1267
749 1131
914 926
689 1397
741 1214
884 1009
855 1067
763 1225
905 1048
797 1178
883 1095
841 1150
923 1078
868 1127
817 1222
810 1249
983 1075
1370 799
950 1196
879 1315
1044 1139
961 1285
900 1390
974 1298
962 1339
960 1360
921 1435
833 1594
1101 1154
1072 1221
919 1551
990 1479
1038 1410
889 1633
1056 1406
897 1632
996 1555
1049 1460
1127 1288
987 1588
1110 1372
1106 1387
1139 1319
1247 1173
997 1619
1179 1279
1148 1385
1112 1485
1249 1305
1213 1461
1227 1570
1176 1620
1144 1652
1369 1466
1136 1673
1493 1488
1562 1474
1692 1597
115006752 1906096636
1
sift 538
225 335
20 21
2 0
77 59
52 44
21 22
297 326
57 57
23 19
138 125
54 73
34 30
492 468
106 58
31 36
746 691
81 102
33 33
89 110
29 47
761 727
94 108
40 39
121 121
46 35
1114 1052
113 134
45 50
129 120
55 51
1728 1242
114 149
64 55
144 143
62 61
170 141
87 68
153 163
86 70
163 156
67 103
219 133
79 95
135 232
103 69
204 168
96 116
178 210
105 123
186 206
148 79
199 218
130 111
227 192
123 118
197 240
119 128
213 243
125 139
229 227
128 140
223 257
131 137
257 265
132 144
286 274
176 124
290 285
142 154
267 311
136 171
251 337
152 158
283 297
147 178
268 320
205 136
287 303
165 157
274 333
141 194
318 407
162 164
306 440
180 151
317 439
150 190
332 447
183 189
264 629
160 226
342 451
173 200
369 394
193 219
373 408
196 212
390 410
195 223
401 481
172 262
450 454
208 209
515 390
217 214
510 465
226 237
451 515
271 193
511 471
231 246
437 556
255 231
517 484
241 250
759 381
228 268
456 630
214 290
544 543
221 282
592 568
278 271
607 652
256 295
520 822
395 221
611 717
280 293
539 794
259 318
603 731
263 319
626 711
330 269
698 696
281 315
728 671
277 354
659 789
397 284
646 809
320 362
685 807
321 366
595 972
299 387
809 756
340 358
617 1001
384 313
1092 680
346 360
731 996
344 369
807 911
341 372
910 866
366 351
906 934
331 401
953 992
329 403
995 1002
375 373
944 1107
325 456
1181 891
391 365
1318 846
367 392
915 1310
339 457
1214 1078
351 433
1045 1247
402 389
1260 1258
436 379
1081 1585
396 412
1177 1435
365 459
1367 1267
379 444
1403 1378
429 406
1558 1269
405 435
1489 1523
419 453
444 419
399 474
462 429
347 587
463 434
356 611
398 518
414 513
368 577
458 492
497 461
494 469
452 514
524 466
441 538
394 635
507 496
469 550
457 586
465 575
498 523
485 542
477 582
488 565
500 554
430 690
493 571
434 687
501 573
489 592
543 532
553 530
546 562
622 520
552 591
577 570
371 1114
535 622
561 598
623 558
541 642
548 641
618 600
579 640
752 512
555 662
637 594
609 620
624 609
537 704
438 1034
506 791
572 708
564 746
608 673
649 656
630 676
612 695
710 636
606 749
632 726
650 713
590 774
643 722
703 644
654 719
675 698
662 720
645 741
711 668
600 793
727 663
687 735
527 988
741 658
733 675
683 757
682 760
704 736
509 1127
768 705
689 784
574 1020
530 1136
610 932
663 841
830 678
850 685
968 647
840 715
700 831
718 820
983 657
736 817
692 889
729 838
708 885
697 917
722 874
757 833
845 763
713 904
774 815
855 761
679 1005
676 1018
802 800
788 827
772 854
754 894
990 748
801 842
760 924
749 935
841 824
755 939
948 773
811 849
815 850
823 843
791 912
872 848
814 915
889 855
960 818
992 803
870 899
997 814
865 930
916 895
1342 674
818 990
1028 828
971 879
832 994
946 902
911 936
989 880
792 1084
837 1019
1226 751
887 969
1066 829
930 954
884 984
979 927
955 940
914 966
897 987
857 1040
861 1048
854 1069
998 937
882 1036
972 964
928 1010
900 1027
964 979
973 991
1223 790
822 1144
834 1148
949 1032
894 1083
1083 887
701 1462
1123 867
969 1050
846 1172
1097 908
952 1080
1039 978
1053 970
1106 914
1176 856
1010 1041
875 1181
848 1202
1138 896
941 1121
956 1117
883 1184
1217 863
1062 1011
962 1139
912 1189
935 1186
932 1200
923 1208
974 1177
1009 1132
778 1473
1461 802
1008 1141
1017 1145
1213 941
1016 1164
1043 1130
1068 1109
1088 1091
988 1209
1119 1060
1027 1197
919 1354
959 1309
1133 1097
1216 1025
1145 1100
1159 1086
1500 878
1222 1039
1080 1173
1098 1156
1283 981
1182 1082
1358 950
985 1321
1286 999
1431 957
1233 1098
1261 1085
866 1654
1293 1063
1137 1196
991 1456
1131 1207
1287 1093
999 1484
1033 1402
1113 1263
986 1541
1096 1307
1251 1165
1268 1163
1005 1551
1479 1070
1056 1500
1229 1239
1474 1092
1262 1204
1414 1118
1136 1356
1167 1329
1158 1361
1042 1626
1274 1248
1139 1420
1449 1159
1252 1278
1179 1389
1484 1160
1327 1237
1238 1331
1234 1339
1143 1487
1351 1246
1231 1396
1488 1188
1152 1519
1249 1377
1148 1532
1151 1537
1313 1295
1365 1264
1338 1288
1709 1089
1270 1379
1373 1280
1311 1351
1340 1337
1475 1245
1638 1169
1292 1394
1548 1211
1256 1465
1470 1265
1408 1313
1332 1384
1297 1424
1352 1371
1325 1407
1369 1381
1438 1344
1401 1385
1368 1467
1224 1688
1198 1721
1708 1219
1609 1289
1404 1490
1305 1587
1462 1440
1277 1649
1584 1336
1385 1534
1561 1366
1530 1414
1459 1494
1428 1543
1227 1790
1486 1508
1517 1491
1546 1460
1559 1450
1519 1531
1585 1503
1641 1448
1600 1498
1672 1421
1577 1539
1514 1609
1617 1521
1520 1614
1534 1608
1505 1651
1511 1653
1702 1444
1397 1757
1445 1716
1510 1664
1381 1781
1425 1748
1553 1630
1593 1620
1494 1726
1636 1610
1713 1535
1687 1547
1657 1593
1568 1696
1587 1686
1684 1599
1680 1603
1608 1707
1722 1544
1555 1756
1688 1616
1661 1698
1674 1689
1625 1751
1707 1672
1727 1628
1724 1682
1637 1803
1715 1771
1712 1783
1730 1730
115006752 2095558067
1
sift 82
185 153
231 191
563 515
213 179
289 190
346 293
761 820
317 253
373 360
365 583
800 780
539 356
598 577
431 526
896 855
459 650
659 581
512 646
1522 1162
434 955
465 841
1330 1315
498 837
548 890
1593 1378
543 967
623 842
590 1028
644 926
687 865
654 917
635 1081
727 931
855 807
576 1628
710 1114
841 914
830 951
664 1308
741 1102
868 939
722 1155
737 1156
765 1129
749 1160
697 1338
977 1011
713 1449
1084 996
833 1279
950 1147
903 1197
794 1438
799 1503
810 1463
817 1477
889 1341
923 1323
806 1574
931 1375
914 1443
792 1703
997 1319
879 1525
967 1430
1111 1262
1213 1159
1099 1464
1119 1441
1216 1370
1256 1437
1327 1357
1488 1302
1562 1274
1261 1629
1474 1416
1252 1675
1267 1672
1475 1460
1259 1737
1638 1434
1218 1758
