1186326363 1240301939
1
sift 54
433 539
190 195
0 2
212 222
1 3
210 230
18 22
267 342
24 29
299 321
33 32
364 421
32 66
353 469
34 61
639 695
47 179
1069 532
92 73
1015 744
104 89
656 1091
112 127
131 116
1260 1278
124 151
130 169
260 142
272 138
236 225
256 315
253 316
325 346
340 366
247 787
581 313
404 454
431 497
516 450
604 552
460 905
509 846
640 694
579 819
827 893
892 944
934 943
706 1253
743 1245
1160 936
1097 1156
1466 954
1272 1151
1242 1236
1186326363 1474416471
1
sift 497
8 7
1 0
27 12
21 16
82 59
40 21
53 44
45 33
78 73
59 38
84 78
58 40
100 63
61 39
99 79
66 48
116 67
72 49
90 113
107 53
120 88
95 64
102 105
93 70
147 135
110 56
144 178
92 91
170 171
114 68
165 214
112 89
194 181
118 92
190 191
113 103
207 173
124 96
212 196
126 95
210 208
117 106
251 177
119 109
246 197
130 110
234 236
131 126
250 267
167 99
276 257
129 131
290 254
133 136
275 273
150 123
306 244
156 138
318 235
151 151
296 265
159 163
263 314
161 167
278 293
196 142
452 240
182 155
364 302
184 162
333 357
169 186
377 359
173 185
448 312
188 184
413 360
208 169
419 377
209 174
427 415
180 215
414 448
211 211
400 482
220 205
467 408
229 213
487 402
249 207
388 546
222 270
558 413
264 226
557 439
302 212
567 479
217 299
612 474
256 242
326 1566
248 255
589 590
252 261
609 584
235 300
606 596
262 278
504 720
260 281
661 626
304 234
639 665
272 274
663 639
295 284
719 608
291 307
526 899
361 239
697 655
301 318
662 691
330 297
709 684
345 282
684 713
407 241
737 743
327 341
713 796
373 291
807 731
342 325
683 1025
351 311
926 799
325 355
947 804
338 331
1022 828
288 414
1072 1020
336 348
1038 1055
281 445
1141 939
339 371
1212 878
334 389
978 1187
352 390
1081 1235
420 335
1473 979
432 339
1210 1189
368 387
1711 931
447 351
1254 1475
392 400
1292 1435
463 346
1451 1294
399 396
1286 1499
393 410
1641 1201
454 366
1257 1578
363 466
1349 1460
389 443
550 329
417 403
476 367
453 394
409 447
499 368
394 476
415 478
431 469
479 412
534 406
488 437
468 467
545 426
530 454
542 460
471 505
384 740
573 458
497 495
551 493
525 511
603 484
472 594
512 557
493 571
510 573
507 578
518 569
586 512
547 561
600 519
610 515
585 537
634 506
671 500
543 632
615 563
648 532
574 601
579 600
593 591
613 583
605 598
556 676
633 602
623 622
629 615
636 612
563 719
645 630
631 667
516 840
673 620
760 556
649 662
877 507
688 653
626 730
619 737
675 674
794 564
696 654
815 558
652 693
700 659
689 677
640 783
618 837
708 692
796 624
698 705
680 744
790 645
777 660
841 613
722 714
858 625
1077 552
733 754
740 747
809 682
717 773
889 649
632 982
825 688
754 761
922 657
1160 549
659 933
969 643
771 757
728 832
898 675
743 821
902 687
1004 651
716 855
914 690
780 775
822 742
679 975
891 710
836 751
785 816
904 723
963 698
784 847
942 725
724 960
860 771
776 862
781 865
820 841
792 872
866 810
798 869
732 1002
946 764
876 834
930 786
897 813
830 864
817 906
903 846
839 895
921 844
770 1011
706 1135
851 908
892 871
925 852
870 890
828 941
1079 746
871 920
934 863
840 987
1063 779
966 861
1042 812
793 1041
909 925
955 880
854 991
953 888
935 915
980 879
764 1122
908 970
972 904
993 887
1083 817
812 1086
1031 883
1093 831
994 921
906 1021
768 1195
1029 964
1203 794
1060 912
1028 995
982 1032
1010 1023
1120 877
1048 976
965 1074
849 1181
997 1044
1076 962
1052 992
1011 1051
1087 994
843 1238
1131 947
1005 1115
1422 797
1628 717
1192 919
1061 1050
1125 999
1105 1031
1132 1007
896 1241
1150 1010
1144 1026
1281 897
1115 1042
1130 1037
1003 1180
1217 972
945 1278
1082 1123
1330 924
1112 1118
1180 1072
1240 1052
1236 1060
1337 1003
1109 1168
1198 1096
1044 1268
1340 1018
1215 1098
1012 1362
1318 1048
1455 988
1161 1183
1404 1030
1097 1259
1196 1153
1154 1215
1138 1229
1101 1285
1246 1139
1324 1102
1445 1039
1456 1035
1230 1179
1255 1148
1099 1342
1425 1094
1221 1225
1201 1242
1366 1130
1140 1383
1321 1185
1163 1354
1175 1339
1434 1132
1195 1316
1300 1218
1251 1266
1484 1113
1272 1247
1197 1346
1407 1175
1403 1192
1186 1398
1191 1426
1369 1231
1213 1403
1315 1293
1231 1394
1305 1302
1338 1280
1567 1140
1059 1706
1500 1176
1453 1221
1471 1205
1486 1196
1487 1200
1245 1433
1249 1424
1235 1447
1474 1220
1409 1277
1592 1157
1319 1361
1334 1355
1388 1305
1296 1404
1214 1531
1290 1421
1521 1219
1442 1289
1313 1427
1495 1239
1410 1327
1314 1432
1436 1334
1346 1442
1618 1222
1430 1409
1322 1512
1574 1279
1301 1551
1449 1397
1361 1491
1561 1309
1493 1348
1411 1473
1639 1262
1354 1567
1713 1165
1509 1389
1426 1516
1660 1264
1412 1541
1379 1602
1497 1479
1454 1573
1645 1366
1535 1489
1665 1344
1583 1461
1556 1487
1609 1439
1627 1405
1597 1468
1608 1459
1655 1393
1476 1590
1705 1333
1467 1639
1606 1515
1653 1455
1530 1604
1696 1420
1596 1569
1680 1450
1594 1581
1698 1444
1504 1645
1728 1320
1375 1736
1716 1497
1695 1619
1630 1681
1707 1620
1731 1740
1186326363 1523815439
1
sift 579
5 5
1 0
8 11
3 1
19 26
20 12
27 30
18 29
82 74
21 24
53 53
31 41
78 83
33 38
100 80
40 39
87 119
26 49
96 104
45 50
90 127
59 52
102 124
72 61
116 113
64 81
115 126
79 79
135 144
110 69
128 171
95 89
187 122
107 77
147 154
118 73
153 169
92 100
144 186
114 107
165 184
112 114
164 190
113 129
170 199
126 111
154 229
124 121
207 189
117 136
194 211
119 135
190 215
130 139
212 226
129 157
210 236
131 153
251 222
167 134
246 241
145 175
234 256
156 170
268 255
151 173
283 233
152 183
250 281
159 191
248 277
182 188
276 270
196 178
296 275
173 205
306 266
191 200
263 311
181 213
318 265
188 208
278 297
209 204
290 304
180 237
299 322
208 227
320 330
220 230
243 469
249 235
387 299
241 239
316 392
222 272
333 373
264 254
364 335
285 252
326 402
256 271
377 350
302 248
419 367
252 283
413 385
260 274
376 444
235 313
521 354
286 261
427 434
262 290
400 457
244 319
477 399
272 286
414 468
233 334
467 429
304 278
388 540
295 300
487 435
291 303
558 446
330 309
557 464
361 285
567 496
281 364
612 493
321 333
589 586
345 310
609 584
342 323
607 599
325 358
526 717
317 400
639 657
337 370
684 606
327 409
661 654
347 359
503 878
329 414
719 637
351 363
663 699
339 403
662 735
365 368
737 677
366 371
709 715
407 338
697 743
352 407
625 864
375 391
713 774
421 351
807 750
368 417
926 793
453 342
1022 761
392 405
947 830
363 443
795 1001
432 394
1038 814
381 436
996 838
454 384
739 1220
383 441
1141 825
393 439
1148 975
389 453
884 1260
409 432
1212 978
394 463
847 1409
460 419
1081 1114
499 372
1014 1244
465 415
1210 1190
550 374
1270 1154
435 458
1473 1056
442 461
1166 1370
415 487
1711 1015
431 479
1069 1614
439 470
1654 1088
537 431
1254 1395
497 447
1043 1782
488 467
1250 1436
479 474
1291 1385
530 452
1349 1377
471 509
1451 1337
573 449
1286 1565
546 478
1257 1706
424 660
1643 1541
462 582
484 547
532 521
551 516
603 490
480 569
472 603
554 532
641 494
549 549
510 570
507 576
461 686
600 523
578 542
543 580
586 543
506 612
493 630
481 675
547 596
561 589
518 644
579 600
671 537
615 583
618 581
631 572
647 555
593 622
623 607
636 601
574 664
613 632
633 613
572 681
605 662
516 763
646 608
629 658
698 565
556 745
673 609
563 742
688 619
645 674
626 705
696 646
978 512
685 671
794 568
584 804
619 769
760 629
689 695
708 669
699 692
676 732
640 778
722 678
1006 548
796 652
653 803
680 762
726 734
717 749
858 656
716 764
841 666
773 724
740 753
733 786
1045 594
822 702
710 820
809 716
830 713
836 709
790 740
952 659
742 798
754 794
775 755
637 1035
890 731
780 805
771 819
914 722
922 730
821 772
761 851
728 916
902 736
785 842
980 725
744 930
924 744
782 856
812 827
904 758
818 823
770 903
792 857
854 809
820 833
860 810
596 1304
817 863
923 795
876 832
764 974
793 935
768 980
784 960
921 822
866 852
840 897
965 802
870 870
931 828
806 956
939 836
930 843
908 866
882 904
897 890
1107 738
686 1205
798 1010
925 874
934 859
871 939
903 909
1161 721
962 853
942 900
839 999
867 970
1077 796
892 959
814 1059
955 924
946 938
909 967
1011 877
1063 826
1031 885
1013 911
994 933
953 962
1048 880
808 1122
916 1034
901 1053
1036 934
966 990
997 977
1259 776
1093 899
974 1038
1060 949
1071 941
843 1159
1332 752
1028 1018
1010 1039
982 1072
1140 908
1076 965
813 1225
1160 898
1131 942
1189 896
1037 1076
1187 906
945 1148
998 1100
1082 1019
1061 1045
1072 1043
1103 1012
1120 992
1105 1017
1085 1046
1150 987
960 1172
1112 1048
1132 1026
1005 1168
1054 1125
1217 972
1075 1112
1012 1198
1144 1078
899 1347
1181 1065
896 1383
1269 1002
1357 954
1115 1136
1033 1251
985 1314
1203 1095
1095 1178
1020 1295
1079 1206
940 1462
1143 1179
1129 1191
1109 1228
1404 1031
1198 1150
1083 1271
1182 1160
1281 1102
1251 1129
1214 1156
1236 1149
1337 1096
1097 1278
1317 1108
1101 1296
1193 1195
1099 1302
1334 1116
1221 1192
1154 1275
1225 1200
1310 1153
968 1631
1235 1213
1175 1273
1246 1210
1230 1233
1094 1439
1330 1161
1407 1152
1167 1357
1059 1577
1645 1064
1218 1305
1219 1308
1272 1263
1058 1590
1163 1412
1550 1119
1313 1261
1195 1419
1583 1131
1434 1208
1504 1157
1205 1423
1197 1441
1321 1282
1425 1226
1290 1317
1319 1299
1265 1360
1294 1331
1293 1339
1296 1335
1315 1316
1301 1341
1428 1266
1277 1390
1405 1283
1474 1239
1305 1397
1327 1374
1484 1248
1326 1382
1569 1216
1340 1389
1379 1358
1486 1269
1191 1607
1249 1528
1354 1414
1300 1476
1456 1319
1346 1442
1467 1309
1472 1318
1409 1431
1543 1287
1420 1424
1646 1235
1521 1313
1388 1459
1403 1466
1369 1495
1510 1349
1430 1474
1223 1713
1497 1388
1433 1504
1437 1493
1376 1561
1493 1444
1594 1381
1511 1446
1527 1454
1432 1571
1586 1434
1378 1625
1509 1489
1639 1354
1401 1617
1440 1579
1386 1632
1564 1481
1634 1393
1531 1505
1475 1555
1468 1568
1663 1372
1606 1483
1661 1407
1375 1716
1454 1624
1476 1594
1449 1643
1471 1606
1297 1788
1447 1677
1562 1570
1677 1448
1495 1621
1611 1529
1459 1693
1478 1689
1575 1592
1627 1536
1535 1645
1610 1598
1530 1690
1572 1681
1436 1793
1596 1661
1657 1584
1602 1673
1637 1619
1557 1741
1589 1717
1636 1652
1701 1575
1501 1789
1729 1464
1695 1685
1679 1778
1731 1653
1727 1752
1186326363 1643728630
1
sift 57
164 110
131 120
247 256
170 128
190 131
345 235
1160 931
210 136
212 140
363 260
812 1380
234 159
250 165
488 401
278 155
267 206
599 406
299 205
309 259
579 433
378 279
364 299
439 575
494 275
526 327
671 473
639 405
663 443
1072 417
947 397
590 622
506 715
618 657
1291 712
528 755
518 811
1601 749
981 667
622 999
1730 974
818 844
1255 717
1726 988
715 1142
908 986
1031 1074
986 1152
1079 1247
1436 1113
1294 1438
1420 1612
1471 1717
1411 1832
1386 1860
1564 1667
1486 1826
1718 1763
1186326363 1716575903
1
sift 107
289 299
164 140
45 38
169 1018
93 95
124 133
170 154
131 152
161 193
190 178
210 197
266 161
250 212
173 256
278 191
226 190
256 269
209 234
287 248
238 194
252 315
235 236
267 276
222 343
352 382
249 301
296 257
262 344
415 520
299 281
364 363
327 372
605 403
407 375
378 417
429 443
431 574
351 558
606 647
488 560
639 610
579 700
609 753
593 768
640 1114
663 678
947 686
542 951
870 1217
506 1012
1069 806
613 872
892 1219
631 867
1015 1049
671 811
1291 1155
518 1165
1367 827
618 1064
1097 1614
823 800
1601 1627
634 1179
1109 1747
619 1225
1726 1580
725 1009
1272 1492
710 1113
1072 779
1410 1677
1087 836
627 1687
889 1006
680 1480
822 1115
754 1391
728 1570
743 1565
798 1444
768 1593
716 1945
818 1535
814 1876
854 1780
849 1814
860 1779
903 1685
891 1908
1042 1591
1101 1496
1063 1652
993 1899
1016 1932
1236 1445
1009 2011
1195 1571
1455 1295
1028 2046
1060 1969
1167 1851
1150 2001
1310 1741
1362 1679
1484 1600
1621 1939
1186326363 1785851268
1
sift 295
5 10
3 0
27 21
7 4
82 131
40 38
96 143
45 61
135 163
59 60
147 184
58 70
164 234
72 82
170 227
92 139
194 237
127 136
207 224
113 149
212 258
130 151
246 232
133 164
268 279
131 174
234 359
156 186
296 318
144 249
243 389
182 196
275 366
168 242
378 418
184 221
413 411
191 243
467 475
209 218
419 509
220 252
487 459
249 230
558 470
229 288
400 629
222 361
414 618
256 311
612 504
252 332
567 534
271 305
589 670
286 300
609 662
248 351
661 719
260 336
639 818
345 316
662 868
272 424
697 842
351 346
713 1110
330 380
926 920
339 371
947 959
367 347
1711 665
366 355
1141 922
325 453
1212 1104
420 375
1113 1192
365 422
1145 1203
447 362
1473 1023
352 440
1081 1483
407 396
1210 1501
368 444
1451 1506
317 533
411 413
454 391
453 398
399 457
417 474
476 425
363 567
431 517
380 636
415 591
679 432
468 542
488 522
497 527
471 605
551 528
586 550
493 643
500 660
671 514
634 549
508 673
615 585
648 557
600 621
481 776
676 574
593 657
698 561
784 516
623 659
547 742
646 628
579 726
673 674
696 655
726 625
722 642
619 767
688 692
516 994
626 775
519 995
760 650
652 748
796 619
640 801
700 715
799 645
882 613
708 745
744 732
815 689
680 834
761 744
917 654
710 827
771 770
825 755
821 769
622 1124
809 797
902 739
716 949
777 841
790 828
1077 669
963 721
876 782
754 933
930 761
694 1048
851 811
916 772
792 879
857 832
1063 698
780 929
922 798
817 883
946 792
785 952
798 930
923 824
820 909
1093 710
925 830
828 908
897 847
770 1030
935 878
1188 706
854 974
953 893
860 984
966 887
908 967
965 924
867 1025
793 1098
955 951
994 925
903 1014
1083 848
1004 945
1010 991
901 1099
814 1190
782 1273
1031 1019
997 1069
1011 1087
843 1252
934 1158
1028 1085
1120 977
896 1208
1144 996
974 1196
1105 1065
1422 849
1085 1094
1181 1020
991 1220
1012 1216
1132 1083
1082 1138
1072 1161
1198 1051
1079 1183
1317 1006
1236 1056
1138 1148
849 1569
1404 981
1330 1032
1020 1382
1052 1326
961 1510
1088 1277
1255 1114
1097 1283
1095 1324
1221 1166
1109 1315
1075 1427
1061 1451
1230 1217
1246 1205
1407 1105
1140 1371
1251 1239
1334 1181
1437 1144
1186 1376
1197 1364
1272 1265
1319 1235
1335 1232
1101 1531
1119 1515
1434 1194
1340 1268
1264 1357
1460 1191
1315 1343
1195 1485
1403 1269
1453 1248
1238 1496
1313 1430
1493 1249
1369 1394
1214 1548
1245 1528
1521 1301
1495 1333
1191 1615
1294 1526
1639 1237
1296 1540
1465 1403
1235 1604
1389 1530
1661 1280
1561 1405
1504 1436
1486 1449
1497 1447
1354 1583
1627 1384
1454 1532
1717 1227
1634 1396
1665 1358
1346 1618
1596 1465
1594 1480
1626 1470
1609 1494
1537 1549
1655 1477
1542 1588
1412 1632
1669 1565
1186326363 1799436415
1
sift 71
433 529
190 157
0 0
287 241
1 1
299 268
18 19
590 614
24 20
608 626
43 45
1069 461
79 55
104 93
114 105
112 124
124 153
118 163
130 181
161 167
236 259
327 273
340 414
352 395
920 293
407 506
431 482
373 570
428 535
404 608
351 804
439 622
549 580
472 731
581 601
593 725
640 706
479 1045
680 739
627 870
588 928
715 763
681 908
1160 623
812 811
825 852
870 866
867 876
728 1050
827 915
634 1331
710 1262
849 1086
817 1129
822 1125
1252 809
716 1374
1028 1016
756 1450
860 1231
1109 1075
987 1219
1351 926
1155 1148
1097 1238
1125 1294
1170 1234
1195 1208
1137 1534
1448 1406
1502 1621
1186326363 1861578657
1
sift 141
289 299
14 13
341 339
150 165
40 57
569 353
66 55
812 757
86 86
93 85
133 121
101 158
118 142
114 162
124 145
130 172
136 176
159 183
161 186
156 214
184 201
169 227
706 120
209 224
235 211
229 218
216 259
256 250
252 282
262 311
232 345
319 264
327 294
291 338
288 368
295 366
325 390
429 296
375 346
352 396
407 343
436 334
368 414
585 313
351 485
415 441
453 426
431 510
425 555
605 432
547 466
428 625
485 514
439 657
488 580
508 576
583 527
476 747
479 792
593 709
478 931
506 840
542 794
631 766
594 860
640 802
619 877
667 797
900 646
618 938
1004 612
627 1065
613 1096
634 1077
710 962
610 1211
680 1041
518 1585
1129 680
932 845
721 1128
784 1075
791 1061
889 978
793 1078
762 1145
981 917
870 1009
728 1249
993 926
775 1148
760 1214
798 1131
768 1178
1071 872
892 1048
693 1578
809 1225
770 1339
757 1435
904 1150
877 1172
825 1281
860 1223
716 1594
818 1315
1380 799
934 1183
849 1385
1016 1173
781 1576
1158 1067
986 1302
1042 1196
955 1360
1010 1298
959 1375
1108 1142
960 1405
998 1372
1156 1134
963 1479
914 1571
1097 1304
908 1632
1109 1319
946 1633
1167 1428
1272 1279
1063 1619
1009 1661
1152 1516
1150 1567
1143 1588
1131 1620
1290 1460
1267 1533
1307 1523
1410 1466
1340 1570
1723 1347
1186326363 1906096636
1
sift 384
5 3
3 0
9 8
21 22
19 21
40 30
27 28
30 47
82 102
45 50
78 110
59 51
84 108
58 54
116 121
72 61
120 120
88 68
147 163
114 79
195 168
92 123
144 232
124 111
164 210
127 118
170 206
113 139
194 218
119 140
207 197
130 137
190 240
133 136
251 192
131 153
212 243
156 164
210 257
197 152
246 227
162 200
268 265
182 189
234 337
168 223
290 287
191 212
306 285
184 229
296 303
209 209
275 334
220 214
263 440
157 367
326 381
208 267
316 394
249 237
452 283
229 268
299 439
222 345
333 447
256 295
378 408
248 311
413 410
286 271
448 388
252 319
419 481
282 284
467 465
260 315
487 454
262 354
414 556
361 269
400 630
272 372
558 471
291 369
567 543
345 308
609 652
330 366
589 717
367 351
661 731
327 412
709 696
288 485
737 671
325 433
639 789
365 373
684 756
420 365
662 852
352 444
697 809
453 358
719 806
375 417
713 996
432 379
926 910
393 434
1022 866
447 389
947 934
339 518
1038 891
368 474
1711 680
454 392
1113 1002
407 435
1141 1078
363 513
1145 1107
465 406
1081 1585
417 466
1072 1247
476 429
1473 1166
349 699
1210 1435
394 586
1451 1378
380 635
1674 1258
442 523
479 492
431 550
546 461
415 582
435 575
468 541
471 579
488 554
512 542
497 571
472 643
551 562
506 641
516 640
634 558
671 520
493 676
586 598
508 708
600 622
615 620
510 740
648 609
570 712
578 719
593 694
623 673
980 500
579 749
646 660
726 607
633 722
605 757
657 702
688 668
673 720
696 698
676 736
760 658
613 816
619 817
917 600
543 988
784 657
626 841
519 1088
700 760
640 853
761 741
574 1018
754 755
618 949
895 665
889 679
815 735
708 815
750 800
643 995
680 917
851 745
744 820
771 827
780 833
733 904
963 748
790 831
718 939
922 763
902 773
1077 721
904 824
876 850
798 935
828 893
1004 790
955 818
923 843
899 870
822 944
866 915
775 1022
946 855
930 874
785 1026
792 1019
1036 828
854 965
921 930
840 994
1005 862
935 927
1063 814
966 902
1093 803
962 912
860 990
870 984
871 991
925 954
770 1139
903 969
953 940
823 1066
908 987
820 1084
965 979
867 1083
1083 878
887 1070
993 966
1071 896
774 1225
1131 856
982 1010
793 1208
939 1063
814 1197
1048 962
994 1032
679 1621
896 1156
901 1164
1188 877
1189 879
1076 978
1060 1011
1031 1080
1052 1041
768 1422
1054 1059
934 1203
1029 1130
1028 1141
1332 867
1010 1177
843 1402
1059 1128
1144 1046
1269 941
1105 1097
1112 1091
1161 1040
764 1654
1132 1086
937 1297
1061 1165
1150 1072
1337 937
1075 1170
1130 1115
1082 1173
1330 957
849 1532
1203 1061
839 1551
1180 1099
1171 1110
1168 1118
1120 1180
1236 1085
1079 1228
1280 1050
1034 1326
1020 1371
1344 1028
1484 946
1012 1394
991 1426
986 1446
961 1500
1404 1039
1255 1158
1140 1264
1097 1376
1246 1204
988 1650
1115 1366
1645 981
1187 1276
1109 1420
1407 1163
1251 1263
1309 1236
1230 1309
1119 1552
1574 1160
1195 1465
1315 1313
1197 1467
1441 1245
1272 1389
1453 1246
1335 1334
1500 1214
1214 1498
1358 1325
1445 1270
1434 1288
1403 1339
1319 1423
1265 1534
1410 1381
1219 1588
1369 1460
1249 1593
1176 1719
1235 1649
1495 1351
1231 1669
1296 1576
1594 1336
1639 1289
1497 1414
1509 1436
1314 1660
1243 1757
1454 1531
1449 1543
1493 1488
1486 1494
1471 1521
1556 1439
1655 1341
1301 1729
1294 1754
1346 1707
1405 1688
1378 1726
1459 1653
1401 1716
1680 1421
1300 1800
1340 1790
1550 1603
1541 1614
1657 1507
1705 1428
1606 1587
1661 1535
1603 1636
1660 1572
1596 1670
1436 1803
1504 1748
1561 1755
1634 1703
1707 1761
1729 1769
1186326363 2095558067
1
sift 93
102 93
21 25
1623 1630
33 43
164 139
154 103
131 140
170 152
145 148
191 138
210 180
266 157
212 179
250 203
226 192
278 190
267 254
411 453
299 253
296 320
455 526
378 360
364 384
488 556
414 354
494 346
435 841
442 837
606 577
542 646
579 596
639 581
686 606
663 661
947 597
506 890
671 675
807 791
636 754
578 917
1015 982
634 842
618 1081
1069 945
613 1138
620 1156
1367 950
722 939
1072 670
1291 1242
518 1628
784 907
1544 1365
815 865
824 871
627 1308
710 1129
633 1473
904 914
760 1102
708 1190
890 951
981 891
680 1338
777 1114
742 1197
716 1279
1158 807
798 1160
728 1463
914 1118
754 1469
793 1323
1046 1037
1345 870
1042 1147
818 1525
860 1478
946 1341
820 1703
993 1443
1063 1319
1056 1503
1456 1166
1195 1437
1203 1442
1310 1357
1408 1304
1332 1427
1236 1629
1474 1434
1318 1632
1592 1737
