1203176847 1228518096
1
sift 199
100 98
39 52
87 81
54 51
122 142
132 103
146 173
147 171
196 194
159 242
195 225
193 197
217 215
176 250
183 274
238 226
245 298
200 260
256 316
220 261
268 347
239 255
315 329
328 239
277 371
349 304
304 364
312 352
401 354
354 323
340 483
331 368
393 596
344 367
416 408
302 444
448 532
530 319
407 429
449 361
454 526
388 403
423 475
373 487
716 407
367 503
589 477
435 478
490 603
330 714
479 625
438 484
554 541
495 438
504 704
518 428
643 600
488 474
733 512
549 421
611 707
472 504
659 587
532 537
586 786
570 553
655 752
673 509
723 691
560 677
689 775
511 829
654 834
630 650
619 1001
610 724
816 993
600 743
1002 731
807 546
859 1161
764 593
853 967
768 644
958 1049
634 862
802 1171
620 899
943 1079
635 943
795 1202
917 673
949 1179
762 825
1144 973
705 942
1095 1215
877 765
929 1227
718 951
1322 1163
823 838
1330 1173
720 1011
1175 1468
698 1138
1049 1541
741 1073
1115 1830
759 1055
1150 1501
815 955
1329 1751
837 917
1307 1506
792 1004
1490 1799
827 947
1575 1796
799 1060
1600 1835
1206 754
1579 1877
660 1528
1536 1948
781 1189
814 1175
826 1220
995 997
1131 906
932 1133
1163 909
988 1112
1041 1091
947 1233
1056 1090
1223 930
1168 1010
1040 1169
926 1317
974 1280
934 1410
1034 1319
1014 1361
985 1396
954 1445
1234 1098
984 1415
1176 1206
1141 1241
919 1676
1345 1111
1139 1332
1281 1269
1297 1252
1405 1200
1152 1453
1036 1730
1027 1794
1293 1309
1172 1539
1265 1384
1240 1418
1132 1669
1183 1729
1313 1477
1486 1391
1436 1511
1299 1756
1990 1186
1606 1491
1321 1861
1335 1860
1812 1403
1685 1514
1629 1608
1434 1811
1348 1919
1807 1473
1551 1735
1469 1825
1545 1780
1466 1901
1497 1928
1494 1935
1861 1585
1571 1933
1576 1930
1544 1961
1591 1944
1623 1936
1711 1871
1841 1763
1751 1887
1775 1955
1963 1757
1906 1874
1912 1880
1857 1943
1203176847 1305823326
1
sift 259
440 466
122 121
29 30
789 832
586 429
54 53
785 846
146 129
80 86
891 1289
554 500
89 89
158 134
101 76
619 477
127 93
183 187
121 105
717 583
114 123
196 203
93 161
689 650
132 135
245 215
135 140
808 607
159 127
256 219
154 133
1175 531
175 166
268 249
194 155
860 683
240 194
305 264
226 204
990 685
221 222
316 316
318 198
1276 679
355 230
364 303
279 265
1207 750
344 253
490 362
280 287
856 1038
348 266
504 369
370 271
1489 702
362 281
655 438
431 268
1600 882
379 298
611 495
615 255
1358 1022
642 252
723 430
372 356
1481 1018
423 331
574 520
444 343
1428 1045
435 353
667 455
388 393
1442 1084
411 382
644 598
524 328
2003 1104
498 349
849 597
492 355
1712 1503
531 336
950 654
475 379
407 410
1370 798
508 368
541 378
1570 772
523 413
487 434
1249 896
731 400
622 464
1412 816
532 532
570 508
1319 854
623 480
592 514
1650 840
651 504
900 402
1569 898
846 411
657 519
1645 873
866 494
718 561
1404 988
948 487
630 664
1367 1044
652 647
750 572
1683 946
755 568
749 589
1582 1070
747 591
827 541
1535 1119
792 566
706 651
1490 1179
635 744
680 693
1871 1071
822 569
766 633
1579 1254
779 648
802 623
1872 1094
857 586
1049 525
1747 1199
853 606
835 622
1897 1216
881 608
930 588
1890 1284
809 676
833 667
1973 1436
842 661
729 766
1977 1560
893 663
737 779
1916 1678
852 707
840 716
988 646
945 696
837 757
784 792
926 727
993 710
1142 658
1059 699
794 847
1034 734
969 763
1211 666
819 870
879 828
1107 749
1002 794
1583 639
995 833
985 844
1220 747
1051 801
1090 810
1139 796
1162 805
871 1069
1265 774
1007 968
1036 964
1134 899
1176 949
1203 914
1245 972
1335 923
1281 979
1278 998
1303 976
1771 791
1408 911
954 1457
1248 1051
1405 954
1333 1013
1215 1092
1390 987
978 1512
999 1465
1580 925
1348 1040
1456 992
1511 970
1545 959
1502 1001
1253 1165
1559 1034
1240 1260
1440 1088
1467 1101
1606 1048
1487 1095
1472 1116
1616 1061
1307 1264
1623 1072
1497 1150
1782 1057
1346 1331
1811 1068
1525 1266
1844 1102
1469 1327
1682 1210
1726 1187
1752 1198
1763 1195
1607 1329
1841 1183
1567 1384
1750 1262
1576 1410
1845 1226
1789 1267
1757 1314
1684 1368
1960 1173
1739 1426
1651 1568
1686 1535
1802 1441
1827 1455
1816 1483
1856 1449
1614 1695
1769 1637
1983 1416
1820 1643
1940 1517
1722 1751
1966 1490
1946 1552
1893 1671
1957 1606
1869 1715
1991 1657
1203176847 1358582240
1
sift 115
120 125
146 165
0 2
170 169
57 80
54 61
233 179
196 203
80 95
260 235
193 198
70 212
217 238
238 180
195 219
176 231
183 338
328 171
245 339
220 245
256 313
210 382
277 374
227 361
282 401
331 334
350 370
344 333
401 368
388 354
423 466
405 391
479 494
329 535
372 608
373 468
454 589
435 458
504 604
438 463
594 522
630 420
768 461
457 607
611 864
420 749
790 572
837 528
619 897
623 733
1138 562
705 803
859 1012
792 751
720 858
815 775
816 1247
742 889
999 813
759 1004
890 1556
781 1056
853 1065
855 931
1328 1060
1067 824
839 1234
977 891
1683 1727
985 950
746 1481
947 988
1747 1703
926 1021
1003 1438
1223 828
2001 1737
1165 862
929 1733
1058 937
1034 1046
1583 1345
1014 1064
1240 881
1314 843
934 1185
1332 850
1041 1078
984 1172
1257 927
919 1317
1267 999
1323 996
906 1507
1297 1058
1486 984
1232 1189
922 1695
1234 1232
1157 1320
940 1746
1667 1138
1497 1270
1281 1440
1605 1244
1576 1306
1603 1429
1648 1433
1333 1801
1651 1520
1452 1726
1571 1776
1742 1729
1688 1848
1775 1769
1203176847 1430327691
1
sift 98
122 112
54 50
146 133
176 226
196 135
193 152
195 160
238 189
217 167
331 268
183 231
352 319
245 257
350 282
256 262
344 361
304 468
388 325
372 366
438 400
490 561
423 417
659 489
373 597
611 606
435 529
720 989
449 526
816 974
532 494
792 899
420 728
1631 1081
630 579
802 1077
511 802
1579 1746
610 640
797 1150
781 731
1536 1926
705 949
929 1110
799 809
1747 2015
947 763
999 1268
815 894
1744 2380
742 1088
1323 980
759 1058
837 965
1307 1347
681 1357
1028 817
1049 1730
741 1223
1163 776
1936 2399
1056 872
830 1201
1168 880
1441 845
1041 1166
1223 984
934 1418
788 1882
926 1492
1232 1182
1313 1118
1234 1232
906 1769
1574 1050
1132 1490
1297 1321
1184 1597
989 2273
1386 1476
1272 1642
982 2417
1281 1705
1321 1908
1304 2114
1486 1850
1348 2098
1233 2404
1457 2075
1571 1925
1434 2161
1651 1863
1497 2067
1648 1919
1576 2144
1821 2136
1775 2331
1782 2363
1856 2403
1203176847 1689478995
1
sift 361
253 201
86 68
16 14
507 444
171 73
26 19
903 734
100 67
21 23
270 235
44 41
1287 878
122 96
43 44
297 264
51 36
139 97
41 47
325 242
57 35
146 115
53 45
393 357
52 57
157 119
70 48
618 275
55 61
184 134
108 51
454 352
80 63
196 146
87 65
448 372
71 88
217 154
93 72
479 423
102 75
252 171
111 103
554 411
110 117
245 194
114 118
586 453
132 104
256 204
144 98
654 473
131 121
282 224
126 138
619 504
159 122
305 228
135 177
765 496
154 147
277 248
147 158
689 569
203 133
275 258
204 140
717 563
218 136
268 269
200 149
860 729
194 166
315 254
150 234
1175 659
210 156
364 276
226 173
1231 690
227 175
465 261
221 187
1331 726
209 206
401 334
240 197
1207 767
224 216
490 343
232 217
1489 727
296 192
583 300
251 239
1276 790
243 270
527 377
318 213
1228 834
219 319
574 371
320 227
1358 912
327 222
504 450
349 238
1481 865
322 265
644 436
362 240
2003 744
321 278
667 435
404 219
1442 993
355 257
655 447
335 287
1428 1077
390 255
816 526
295 315
1674 1021
338 318
942 612
313 340
1932 952
329 354
949 616
372 311
1712 1069
374 313
783 836
423 298
1398 1254
388 331
1102 665
407 322
1575 1235
433 317
1216 683
380 397
1790 1132
435 333
1095 793
443 329
1753 1168
405 384
1210 756
431 366
1542 1390
498 330
1412 802
524 320
1762 1321
449 367
1377 826
426 392
1600 1478
495 348
1369 841
531 341
1322 1728
373 481
1387 906
549 350
1880 1440
519 386
1569 866
629 338
539 402
1490 910
541 400
515 417
1535 930
545 408
509 431
1403 1010
720 346
487 479
1683 920
589 451
668 422
1709 933
1133 324
746 412
1520 1037
680 442
612 492
1579 1034
651 478
731 443
1482 1073
659 483
333 1355
1873 990
614 539
615 543
1747 1105
790 460
775 471
1445 1332
624 556
948 439
1800 1116
625 579
755 510
1976 1035
871 468
750 531
1744 1177
851 495
858 501
1645 1257
705 573
714 583
1977 1392
1027 477
835 527
1973 1496
792 547
802 567
2001 1590
822 566
526 982
793 594
839 565
853 570
682 692
766 633
969 553
910 598
852 622
1002 568
988 580
866 621
929 600
857 635
841 646
661 813
975 614
819 703
809 724
842 713
1141 617
848 750
979 696
754 895
1142 658
1150 662
703 1052
1078 704
1154 675
913 822
761 1094
1583 632
1034 808
1416 670
993 846
985 869
1046 824
733 1330
1068 833
1139 803
1173 788
1084 896
992 988
1220 800
984 1024
1330 779
1215 849
1264 830
1346 784
1296 827
1362 795
1257 860
1405 791
1192 943
1965 691
1238 899
1318 867
1672 762
1036 1113
1502 798
1303 886
1019 1150
1217 975
1559 814
870 1479
1379 883
1315 918
1353 911
1434 875
1390 902
1472 862
1626 815
1469 877
1558 847
1836 776
1496 889
1511 892
1277 1017
1596 873
1348 979
1064 1261
1684 872
1580 913
1214 1110
1261 1096
1203 1138
1307 1064
1278 1099
1323 1070
1553 968
1696 923
1211 1182
1448 1020
1739 928
1844 885
1751 934
1606 989
1134 1395
1623 997
1789 945
1682 992
1714 1030
1153 1621
1447 1206
1706 1081
1782 1047
1845 1025
1820 1042
1616 1163
1816 1092
1812 1114
1940 1063
1451 1417
1764 1191
1784 1176
1497 1431
1856 1194
1440 1605
1920 1242
1701 1466
1509 1659
1869 1328
1802 1386
1811 1385
1480 1702
1699 1523
1908 1334
1919 1323
1991 1237
1741 1494
1886 1371
1946 1345
1862 1456
1949 1425
1881 1526
1711 1735
1996 1468
1203176847 1788219329
1
sift 114
120 110
146 175
54 66
253 266
57 86
131 136
196 208
193 192
195 210
238 162
183 350
176 234
245 329
328 153
256 331
344 322
350 364
329 410
401 381
388 360
407 436
438 390
454 637
532 347
423 496
481 469
479 640
488 465
623 566
420 560
554 687
630 443
586 727
511 701
611 732
705 763
717 689
792 751
689 723
995 644
619 842
815 764
816 967
799 782
802 852
742 844
1428 1423
759 890
797 990
947 753
770 925
720 1208
781 929
959 815
853 1011
1165 745
985 821
1003 1126
977 840
932 901
1307 1229
1067 812
1176 793
1150 1561
1240 766
1023 927
1330 1405
984 962
1212 814
934 1034
1041 936
906 1142
1486 790
1232 907
1234 931
788 1552
1152 1062
1267 972
1314 946
1297 1021
1157 1159
1551 944
922 1603
1051 1413
1132 1307
1265 1164
1605 1003
1386 1099
1667 1002
1199 1365
1576 1110
1414 1186
1281 1296
1497 1144
1154 1520
1457 1197
1193 1557
1629 1175
1135 1618
1299 1422
1321 1416
1417 1449
1571 1386
1318 1572
1451 1477
1651 1373
1607 1562
1856 1464
1810 1505
1775 1531
1644 1633
1864 1550
1867 1554
1869 1575
1203176847 2014127030
1
sift 152
120 134
183 285
1 2
163 172
217 295
38 44
170 180
196 283
39 51
233 231
479 752
53 63
253 257
277 292
70 64
215 332
1570 1514
57 123
260 438
282 472
73 91
499 414
76 85
392 362
611 682
82 94
80 104
507 428
816 1032
98 95
92 111
903 770
942 1082
140 109
125 122
56 408
136 135
130 139
164 140
160 154
155 170
182 157
1698 107
229 188
210 205
208 223
212 239
224 228
204 245
207 242
243 206
239 262
227 278
309 263
272 291
296 351
354 296
363 316
378 343
417 322
414 328
449 349
299 548
388 417
687 282
471 398
439 440
497 410
518 426
446 483
503 442
472 506
539 467
427 607
608 450
556 489
622 468
579 544
589 575
718 498
681 640
702 638
750 609
658 691
788 653
790 655
805 675
813 703
913 728
1027 709
945 773
895 794
901 801
999 774
852 905
933 838
892 906
1177 748
773 1156
1046 866
1078 867
1094 924
1054 1014
1155 964
1067 1037
1266 902
1026 1101
1208 941
1545 823
1416 894
1258 1038
1204 1085
1390 988
1435 969
1257 1097
1362 1051
1515 986
1348 1098
1324 1112
1296 1137
1413 1128
1323 1181
1277 1289
1261 1329
1623 1099
1841 1008
1684 1093
1847 1029
1803 1068
1559 1191
1640 1150
1644 1149
1606 1176
1896 1059
1455 1316
1506 1325
1696 1212
1626 1320
1619 1334
1658 1307
1812 1218
1754 1276
1596 1390
1788 1258
1706 1357
1853 1310
1863 1313
1608 1499
1739 1478
1831 1439
1811 1465
1818 1472
1203176847 2019709110
1
sift 137
1377 676
54 66
444 348
159 120
1973 1374
240 167
1782 857
220 269
301 289
1616 1445
379 325
357 351
331 385
431 360
435 365
438 369
541 342
474 393
485 414
481 418
523 401
557 388
560 425
646 497
651 502
530 710
610 554
699 513
759 518
680 639
771 558
750 610
826 547
706 704
719 689
762 646
635 884
919 597
862 643
779 739
955 604
770 768
970 606
827 713
1142 541
630 1062
823 729
1118 579
806 782
729 929
926 737
945 740
1107 645
959 815
837 925
840 928
1053 770
1014 796
897 878
1034 799
893 947
954 914
1193 789
1131 820
1134 818
794 1299
947 1002
1051 932
1152 850
1087 940
1139 887
995 1084
956 1137
1154 922
1059 1042
1268 849
1171 1009
1221 965
1233 957
1040 1263
1075 1219
1028 1353
1183 1173
1299 1006
1260 1076
1007 1528
1248 1146
1176 1315
1291 1159
1271 1235
1417 1102
1297 1236
1594 1033
1274 1301
1477 1113
1419 1189
1652 1059
1281 1432
1321 1428
1405 1364
1636 1213
1349 1517
1375 1512
1390 1491
1352 1546
1728 1253
1313 1626
1380 1569
1647 1342
1705 1333
1559 1459
1959 1160
1259 1902
1214 2105
1623 1552
1567 1648
1648 1559
1682 1548
1465 1874
1630 1701
1739 1598
1655 1706
1577 1813
1815 1563
1525 1921
1752 1727
1906 1597
1789 1752
1912 1692
1910 1751
1926 1793
1716 2104
1719 2133
1827 2034
1865 2032
1941 2037
1946 2121
1203176847 2045004962
1
sift 121
100 113
35 25
1542 1461
87 92
54 56
122 143
147 194
1975 1418
146 167
193 208
158 189
159 288
196 184
238 220
183 269
195 247
245 315
239 388
256 313
349 276
282 357
331 292
268 408
225 452
277 392
344 364
305 383
407 466
393 625
423 464
490 610
481 448
442 594
435 487
479 673
570 467
659 524
630 529
586 621
770 652
611 696
532 1063
717 744
597 946
689 842
718 774
859 848
634 979
746 859
635 983
816 988
759 837
853 809
968 718
1600 968
729 956
802 1505
1163 658
1175 1786
741 982
1049 1736
720 1011
1631 1599
698 1103
1753 1565
799 995
1579 1873
666 1330
755 1140
879 960
781 1100
962 958
948 1024
929 1146
938 1136
1165 948
1172 969
934 1252
1003 1219
940 1468
1232 1083
1297 1039
1346 1030
926 1620
906 1711
1265 1169
1606 1033
1117 1462
1281 1249
1335 1226
1225 1342
1132 1540
1015 1820
1299 1352
1122 1680
1628 1165
1307 1415
1827 1112
1272 1504
1545 1300
1303 1522
1559 1374
1432 1469
1434 1536
1682 1336
1644 1375
1809 1279
1233 1890
1452 1678
1648 1507
1469 1679
1348 1839
1502 1751
1789 1510
1906 1432
1841 1601
1651 1787
1997 1554
1869 1822
1820 1877
1847 1891
1203176847 2124113243
1
sift 99
28 22
1970 2073
54 65
220 239
419 232
331 327
378 306
523 345
557 364
560 452
532 554
651 504
647 545
549 766
635 603
680 565
940 466
630 738
706 640
919 507
970 519
1118 489
826 633
827 694
926 673
1052 607
779 874
893 810
879 822
837 891
1032 753
988 795
955 857
852 983
1135 717
959 867
824 1064
1131 768
1058 843
945 998
1672 618
1014 1011
1192 844
794 1494
1193 849
991 1090
1354 755
1233 853
1051 1076
1526 732
1221 902
995 1319
1152 1085
1590 829
1116 1311
1183 1351
1652 933
1477 1047
1754 894
994 1838
1274 1315
1299 1278
1452 1162
1291 1408
1321 1377
1176 1636
1146 1815
1759 1194
1927 1075
1405 1479
1297 1624
1910 1143
1719 1329
1313 1676
1728 1350
1342 1671
1294 1753
1352 1670
1559 1497
1350 1824
1623 1594
1432 1870
1380 2005
1417 1932
1599 1721
1543 1844
1684 1819
1613 2028
1815 1765
1811 1776
1554 2152
1752 2201
1716 2296
1892 2096
1893 2195
1757 2375
1946 2115
1940 2183
1966 2133
1203176847 2130703568
1
sift 144
100 115
54 50
384 360
122 142
80 87
146 170
87 88
1753 1741
183 225
157 179
196 180
147 195
1656 2012
245 310
198 230
256 337
175 266
455 442
195 251
304 368
238 240
479 543
220 314
277 413
229 318
490 572
321 350
268 498
349 326
643 641
241 531
611 730
449 424
615 694
407 472
717 878
549 375
614 792
423 501
859 1345
395 603
752 791
419 746
1322 2002
435 776
866 927
498 761
1428 2014
511 870
1786 380
790 546
532 897
651 758
718 760
770 716
835 647
719 810
878 654
580 1163
705 902
883 728
720 967
634 1215
948 770
759 946
806 893
746 1026
827 900
729 1105
781 981
681 1288
1206 707
852 959
989 881
945 915
842 1015
832 1051
774 1213
823 1103
1163 811
742 1358
947 1006
897 1074
792 1280
786 1300
1028 972
822 1252
1129 922
813 1351
1056 1053
1027 1121
1141 1028
922 1315
1131 1114
1041 1249
1253 1018
1190 1131
1030 1331
1345 1021
919 1563
1165 1253
1264 1158
940 1593
1469 1002
1076 1391
895 1825
1293 1197
1152 1348
1116 1433
1214 1326
1405 1199
1082 1569
1235 1338
1606 1111
1150 1498
1172 1485
1628 1161
1313 1317
1086 1886
1323 1430
1342 1469
1281 1566
1348 1551
1290 1648
1233 1885
1299 1781
1545 1526
1463 1610
1517 1575
1682 1443
1271 1937
1559 1688
1446 1838
1333 1979
1502 1843
1731 1673
1591 1842
1644 1832
1684 1788
1789 1734
1603 2021
1774 1957
1859 1930
1820 1971
1203176847 2146998783
1
sift 192
120 133
100 116
54 58
163 159
325 494
57 76
170 164
122 151
87 99
233 199
454 599
97 225
260 246
146 174
149 182
253 269
479 613
159 241
903 937
196 204
221 185
448 673
183 234
217 224
200 237
393 814
175 301
245 316
210 250
586 848
238 244
252 329
220 273
654 842
213 311
256 321
247 309
717 852
377 232
282 346
362 263
619 1245
354 295
277 382
349 323
990 813
304 371
268 449
350 333
859 1135
344 366
317 435
331 387
1175 1593
302 468
490 568
530 286
1674 1604
449 336
527 581
372 422
411 396
643 646
518 341
492 360
723 616
495 390
407 486
655 827
423 483
549 416
816 953
380 634
419 545
949 1149
540 473
481 517
943 1166
589 502
498 669
1102 1210
511 670
647 601
1145 1190
659 578
541 782
1631 914
763 585
630 755
733 660
634 786
747 681
750 684
705 751
699 771
718 768
917 640
635 983
746 794
741 821
759 812
770 828
878 722
779 889
858 788
729 1014
935 762
853 834
877 826
948 774
660 1224
781 981
945 803
852 923
988 819
894 901
786 1046
814 1013
797 1111
1067 851
914 996
837 1069
822 1121
1037 946
929 1055
802 1272
1060 987
1041 1011
1141 951
1259 883
940 1243
1253 929
954 1239
1030 1146
934 1343
959 1309
926 1379
1165 1061
1171 1058
919 1405
1152 1082
1058 1186
995 1336
1049 1281
1405 973
1014 1399
999 1436
1352 1030
1078 1341
1265 1128
1234 1169
1032 1484
1150 1313
1223 1212
1294 1155
1173 1337
1509 1038
1086 1468
1281 1191
1390 1133
1345 1229
1233 1391
1193 1478
1739 1054
1628 1122
1335 1350
1157 1585
1348 1349
1606 1172
1635 1161
1291 1437
1221 1527
1299 1421
1219 1536
1321 1414
1435 1328
1436 1416
1333 1529
1466 1455
1380 1543
1545 1444
1396 1578
1857 1259
1666 1422
1446 1591
1684 1446
1452 1607
1648 1559
1502 1614
1644 1609
1861 1522
1966 1504
