1228518096 1240301939
1
sift 54
173 188
86 73
194 195
226 113
220 194
171 238
225 205
197 202
215 222
248 259
273 283
277 246
328 342
403 369
354 321
724 455
307 402
650 510
380 417
682 546
477 532
661 750
476 560
955 791
587 545
1206 707
520 644
896 897
625 683
1178 747
637 695
1060 841
736 622
1189 785
707 684
1004 909
775 722
1125 919
679 930
1072 963
1144 603
1522 756
973 744
1011 1195
786 978
1269 1118
1177 675
1824 881
1080 1000
1445 1183
967 1175
1849 1016
1215 1090
1791 1074
1228518096 1305823326
1
sift 61
128 120
242 127
51 53
541 500
210 153
285 311
274 187
248 220
786 429
372 158
486 510
298 215
367 253
775 650
332 239
937 1004
347 249
374 385
1468 531
394 380
475 331
478 353
1835 882
513 359
582 384
537 532
703 356
691 430
724 514
707 495
1080 574
650 664
780 647
1171 623
1004 566
851 690
1541 525
947 630
943 744
1116 785
958 757
784 983
1505 1263
909 804
1558 621
1316 726
1138 835
1078 915
1206 949
886 1530
1224 1155
1642 921
1391 1203
1591 1166
1936 1072
1773 1161
1445 1457
1825 1327
1735 1557
1930 1410
1908 1644
1228518096 1358582240
1
sift 461
1 3
37 53
12 18
112 125
49 48
19 16
128 140
89 95
21 22
125 156
70 82
27 29
130 157
81 121
30 32
168 169
96 112
45 39
157 178
98 126
42 52
195 179
90 137
46 54
285 209
103 122
51 61
286 235
142 139
69 89
229 251
173 165
114 136
290 263
174 186
145 134
334 236
183 175
100 168
400 398
194 203
155 145
486 479
232 200
159 153
511 506
197 198
149 170
830 981
208 228
107 259
905 768
225 219
171 172
937 879
220 222
188 211
977 934
215 238
192 207
1696 806
275 205
226 180
1100 942
242 265
239 171
1103 1235
303 248
213 196
1209 1203
304 244
235 174
1172 1447
316 313
214 232
1976 875
272 405
270 192
1518 1145
298 339
312 185
1442 1691
346 302
250 231
1673 1118
307 363
267 227
1953 1625
329 336
251 258
347 325
262 243
328 387
261 245
348 371
327 221
332 394
268 262
354 368
350 226
371 374
392 233
394 358
319 269
373 418
321 271
380 417
305 278
599 288
343 267
434 376
247 391
349 501
310 291
397 437
320 300
424 436
301 314
330 632
357 287
477 443
339 307
475 466
382 282
496 473
331 315
460 521
294 381
515 502
325 341
498 518
340 326
483 538
317 361
531 522
391 299
536 524
367 333
625 494
368 334
644 461
359 380
596 508
418 309
587 532
403 354
520 622
383 402
705 467
430 353
582 559
398 407
632 561
390 415
646 551
353 455
616 594
442 379
704 604
451 377
703 608
452 390
817 572
521 413
603 748
579 385
637 717
578 392
745 623
457 460
602 778
490 440
790 626
446 481
736 689
478 458
727 671
484 463
691 782
487 468
843 686
499 456
1008 620
473 491
1134 592
556 424
796 770
425 547
707 864
366 672
1013 666
482 503
834 804
502 483
752 929
472 517
940 759
558 438
965 753
548 459
865 880
517 498
1001 897
650 420
1011 858
495 555
1144 857
505 546
1107 900
645 448
1214 852
545 554
973 1032
607 519
967 1065
624 514
1069 983
673 496
818 1527
500 670
1160 1011
689 526
993 1247
804 469
1177 1135
669 544
1115 1234
590 601
1506 1019
627 607
1566 1027
672 570
1238 1388
690 560
1080 1621
774 523
1455 1258
724 550
1227 1733
725 552
1337 1519
694 574
1798 1233
619 635
1457 1560
747 549
1975 1241
638 639
1801 1579
844 598
1931 1483
789 631
1948 1576
782 651
1877 1684
529 1041
1939 1637
722 703
1876 1844
687 750
712 719
801 660
792 669
738 727
735 734
824 679
749 757
750 764
810 721
734 797
744 785
1027 627
841 769
771 829
1219 609
883 732
874 761
997 690
822 831
862 809
896 781
819 863
955 775
1032 730
1004 751
906 811
1057 729
930 805
942 803
911 815
1165 709
849 924
889 885
981 821
966 835
987 836
1279 741
961 889
916 928
980 905
887 1066
710 1471
1084 891
1146 861
1023 957
1125 877
953 1028
1157 873
918 1071
1054 970
1024 1000
992 1031
1412 789
1034 995
1498 773
1073 976
1036 1024
1055 1004
1047 1023
1072 993
941 1119
1005 1076
943 1158
1283 894
1170 985
1167 999
1391 842
1091 1078
1112 1068
1233 988
1478 843
1418 881
1189 1056
1196 1054
960 1278
1282 1003
1358 927
1350 937
1140 1108
1102 1142
1126 1129
1404 916
1081 1186
1299 1013
1133 1136
1251 1057
1168 1132
1396 950
1316 1022
1106 1204
1332 1026
1319 1046
1074 1266
975 1381
1138 1227
1178 1202
1361 1064
1204 1221
1351 1072
1216 1217
1218 1226
1322 1128
1649 967
1705 984
1370 1160
1394 1144
1445 1113
1343 1207
1735 1005
1135 1436
1964 907
1415 1172
1916 946
1410 1185
1212 1392
1306 1287
1454 1188
1574 1141
1242 1424
1632 1121
1360 1289
1357 1300
1690 1105
1738 1094
1269 1440
1612 1171
1492 1238
1400 1319
1222 1573
1613 1208
1298 1466
1289 1495
1333 1423
1425 1360
1373 1406
1449 1336
1718 1205
1704 1218
1908 1123
1508 1356
1500 1372
1609 1343
1320 1640
1727 1273
1419 1512
1676 1317
1402 1529
1772 1272
1441 1525
1901 1237
1388 1598
1741 1324
1548 1458
1502 1489
1525 1507
1628 1435
1614 1442
1928 1270
1697 1409
1459 1610
1580 1517
1413 1695
1773 1390
1706 1428
1465 1649
1958 1276
1869 1366
1599 1553
1594 1566
1753 1456
1695 1500
1937 1348
1757 1504
1529 1710
1528 1713
1569 1681
1957 1363
1897 1419
1821 1491
1601 1688
1767 1586
1538 1818
1780 1580
1919 1477
1849 1542
1755 1670
1641 1778
1653 1800
1592 1853
1879 1622
1749 1746
1959 1549
1723 1799
1898 1664
1721 1849
1962 1676
1933 1776
1955 1769
1926 1914
1951 1915
1872 1948
1228518096 1430327691
1
sift 581
80 61
49 41
19 19
38 79
61 59
21 21
125 113
59 65
27 29
128 117
70 56
25 34
130 119
81 80
30 31
157 151
86 87
28 35
210 150
89 85
51 50
228 184
98 106
69 75
400 373
142 112
116 72
221 237
169 122
102 107
511 474
151 134
107 143
325 309
174 129
109 179
1696 595
173 133
171 138
374 298
194 135
155 156
937 889
208 145
121 225
495 446
197 152
181 178
1616 701
220 157
192 192
1347 935
232 155
201 180
1172 1115
225 160
226 189
1405 1672
215 167
235 186
1518 1764
242 240
188 264
1622 1851
304 162
249 202
273 230
248 205
1967 1940
302 198
322 168
272 278
319 173
298 257
250 226
307 260
267 224
316 262
268 229
328 265
236 259
329 266
239 279
347 261
312 206
332 271
261 270
346 281
257 280
348 283
350 216
354 275
251 319
380 307
297 268
349 360
284 297
394 311
269 328
397 333
259 430
403 325
317 326
363 377
357 302
434 312
345 315
424 353
339 323
440 349
300 391
405 404
368 317
408 396
375 316
373 457
343 364
446 379
361 344
515 356
367 361
598 306
358 419
498 381
421 341
512 365
331 470
496 388
413 355
460 422
340 471
477 414
376 429
475 417
492 346
703 366
384 441
520 486
647 291
536 502
451 386
644 453
497 383
587 489
484 400
582 495
441 424
603 561
390 500
637 547
430 451
745 485
494 412
691 545
513 401
707 606
471 434
790 565
463 443
843 538
425 484
736 602
521 467
752 717
551 445
796 753
482 519
870 707
505 492
1219 610
461 550
872 779
537 494
869 792
442 608
973 759
517 555
718 1105
487 597
820 1014
553 524
969 825
558 543
967 862
628 509
1068 820
548 578
1048 857
472 667
1004 899
579 554
1079 864
645 531
1144 840
656 526
993 974
673 522
1177 867
591 593
1116 978
702 528
1011 989
620 588
956 1151
650 579
1214 983
568 653
1589 800
667 590
1171 1077
529 747
1115 1135
670 603
1193 1131
590 664
1227 1110
570 727
1312 1079
709 605
1249 1212
638 674
1238 1285
685 632
1416 1220
808 591
1562 1113
668 687
1455 1208
747 618
1573 1195
681 677
1634 1263
724 640
1505 1346
661 705
1778 1218
743 629
1742 1309
765 623
1658 1456
713 691
1540 1731
688 728
1666 1640
733 698
1750 1621
789 643
1798 1762
712 726
1909 1682
652 854
1877 1746
722 750
1801 2121
725 751
1457 2391
758 721
1501 2444
826 688
1977 1722
913 620
1939 2188
813 704
782 734
749 770
771 768
723 830
739 806
792 758
802 756
690 924
947 639
1333 551
669 973
735 870
757 839
845 752
829 802
819 824
912 718
780 893
770 915
851 798
867 786
823 886
1124 661
908 777
878 811
919 783
863 887
804 985
828 961
883 879
874 901
982 782
849 939
888 900
906 908
891 933
971 868
955 894
981 869
1060 809
1015 852
1027 844
1010 880
889 994
942 949
962 936
985 926
987 925
1071 861
1025 918
941 969
958 965
930 984
1090 872
896 1031
1165 835
1022 943
862 1139
928 1016
822 1277
1188 851
936 1018
810 1381
1738 685
929 1080
1054 986
1033 1011
1162 946
1110 966
961 1088
951 1111
1072 1000
966 1119
949 1145
1246 923
1132 979
953 1173
980 1134
943 1219
1002 1168
887 1371
1032 1146
1112 1045
1207 1001
1157 1040
1005 1243
1062 1207
1091 1166
1521 874
1125 1123
1449 912
1109 1161
1047 1260
1073 1223
1236 1055
1057 1251
1210 1086
1146 1172
1233 1089
1189 1137
1098 1232
1084 1276
1222 1132
976 1421
1137 1224
1262 1083
1178 1193
1282 1075
1024 1382
1234 1152
1235 1149
916 1518
1261 1130
1135 1274
1281 1128
1092 1357
1140 1299
1145 1300
1167 1304
1220 1256
1372 1073
1396 1059
1216 1272
1400 1061
1250 1258
1278 1236
1127 1423
1576 1026
1284 1278
1043 1527
1309 1244
1242 1330
1251 1322
1102 1478
1439 1127
1320 1254
1225 1380
1168 1435
1477 1118
1138 1475
1360 1247
1729 1022
1332 1311
1126 1520
1412 1233
1366 1279
1351 1295
1393 1255
1218 1460
1265 1413
1431 1239
1036 1732
1266 1442
1591 1174
1253 1479
1362 1366
1260 1488
1299 1465
1397 1345
1386 1361
1370 1389
1684 1164
1074 1872
1371 1415
1415 1398
1316 1493
1391 1426
1410 1418
1612 1290
1184 1749
1466 1401
1402 1454
1228 1699
1469 1409
1421 1451
1482 1410
1535 1383
1757 1252
1685 1294
1531 1406
1507 1420
1625 1355
1650 1342
1269 1705
1456 1461
1453 1469
1279 1706
1458 1470
1361 1548
1613 1393
1739 1320
1381 1555
1492 1480
1491 1491
995 2439
1244 1931
1486 1504
1374 1647
1384 1652
1306 1810
1890 1314
1298 1857
1522 1511
1508 1530
1394 1669
1735 1424
1839 1375
1718 1443
1445 1628
1574 1524
1536 1565
1669 1490
1443 1686
1509 1630
1579 1570
1618 1540
1425 1776
1716 1497
1844 1458
1670 1536
1620 1576
1550 1665
1609 1612
1642 1606
1777 1512
1628 1643
1588 1675
1503 1783
1525 1769
1700 1594
1695 1604
1847 1519
1710 1611
1516 1828
1686 1641
1441 1955
1947 1484
1698 1677
1675 1713
1553 1868
1602 1811
1563 1861
1846 1601
1860 1585
1649 1802
1399 2197
1552 1936
1768 1685
1883 1584
1690 1772
1938 1542
1529 2001
1596 1902
1727 1771
1584 1964
1791 1718
1934 1581
1881 1657
1855 1694
1797 1755
1705 1850
1772 1801
1532 2124
1964 1572
1723 1875
1824 1781
1800 1836
1548 2185
1810 1830
1763 1893
1943 1673
1556 2187
1646 2059
1580 2166
1719 1956
1901 1786
1713 2058
1861 1908
1826 1952
1542 2338
1869 1910
1907 1856
1677 2214
1753 2108
1632 2292
1960 1808
1856 2023
1593 2352
1814 2104
1933 1925
1926 1935
1811 2161
1825 2155
1925 1996
1944 1971
1822 2225
1919 2098
1928 2067
1820 2258
1653 2409
1946 2050
1747 2337
1965 1987
1924 2122
1786 2327
1878 2227
1930 2144
1767 2388
1899 2265
1731 2412
1779 2401
1827 2410
1927 2370
1937 2361
1955 2331
1951 2350
1959 2395
1893 2445
1228518096 1689478995
1
sift 93
168 144
81 65
171 158
195 233
93 69
98 67
286 304
142 96
248 153
567 437
526 352
173 115
977 733
242 122
304 238
532 372
194 146
273 134
322 391
596 357
215 154
372 162
403 331
541 411
298 194
316 204
437 349
625 423
332 207
365 228
478 333
786 453
329 254
347 269
427 386
834 473
371 248
483 225
469 362
775 569
354 334
397 309
487 481
1160 729
475 298
429 322
1004 547
1468 659
703 311
843 342
942 573
1835 1478
637 427
818 382
1200 791
704 450
707 458
1698 675
752 447
956 435
1904 676
731 568
999 508
1332 803
993 526
967 570
1454 788
1541 505
1171 567
1396 869
1238 565
1079 613
1415 1024
1227 600
1179 616
1825 877
1068 687
1501 662
1752 898
1173 779
1215 793
1403 1114
1144 937
1798 909
1887 934
1505 1065
1948 929
1936 997
1634 1116
1877 1034
1768 1273
1573 1237
1871 1735
1228518096 1716575903
1
sift 57
142 191
53 65
489 218
173 212
107 51
208 140
248 239
627 314
273 200
194 178
233 190
294 230
1358 546
394 395
220 224
328 276
277 318
1218 1362
637 610
354 281
307 330
528 327
1786 1140
871 1266
316 373
329 365
863 271
1687 1548
1214 1048
380 429
587 827
751 447
1745 1512
1977 2033
736 629
707 678
639 871
455 1807
967 983
740 765
947 571
1080 1074
1300 544
849 884
1177 1070
911 1008
1055 989
1455 1435
1054 1257
857 1833
1183 1299
1145 1391
1252 1260
1549 1555
1738 1399
1752 1675
1849 1848
1228518096 1788219329
1
sift 427
80 67
37 60
12 17
112 110
49 53
19 18
125 129
89 98
21 24
168 161
96 107
26 26
128 127
98 113
30 37
163 168
90 133
45 43
157 173
110 171
42 62
313 170
173 175
46 63
210 184
183 174
51 66
290 266
175 186
69 87
230 195
174 188
114 125
286 280
197 192
145 123
285 201
194 208
100 193
400 406
232 204
155 147
977 908
225 210
171 166
905 768
220 219
179 177
1696 694
208 241
149 224
1100 1028
215 240
115 297
1172 1082
275 227
192 183
1103 1337
242 256
239 153
1174 1391
273 351
235 154
1781 1432
304 230
226 162
1673 1179
272 384
188 268
298 329
312 164
346 294
350 157
316 331
270 200
347 307
267 222
329 340
251 243
332 380
301 238
348 365
252 275
328 393
343 237
354 381
310 259
372 426
319 263
380 420
271 313
434 368
305 273
397 421
320 289
429 436
331 278
330 627
339 290
396 527
379 264
705 327
357 277
477 451
308 314
460 476
340 293
407 540
294 372
475 496
345 304
498 533
325 325
536 514
317 349
520 553
367 322
596 525
391 302
587 530
359 353
531 620
385 324
526 637
368 388
625 640
444 320
602 679
403 360
637 650
430 335
603 677
451 361
703 598
599 288
606 742
361 485
707 732
481 356
736 706
537 347
775 723
484 390
786 727
442 411
796 748
513 377
691 887
542 354
843 746
579 345
836 771
457 428
772 824
398 500
839 817
521 404
752 957
490 429
940 777
473 447
865 856
456 480
870 864
474 465
1013 837
446 502
1001 842
425 524
973 900
502 488
1223 806
482 512
1171 852
548 473
993 967
645 424
967 1011
581 458
1069 1014
558 490
1080 1086
564 489
1144 1056
545 516
1011 1208
607 464
1115 1214
547 519
1566 945
650 443
1214 1272
738 423
1173 1405
673 457
1238 1415
627 507
1678 1102
644 499
1177 1546
689 470
1680 1111
657 508
1457 1244
725 491
1573 1190
724 511
1505 1230
747 504
1337 1486
907 440
1455 1349
628 591
1534 1466
713 547
1778 1323
688 560
1501 1561
774 531
1931 1326
784 538
1876 1453
721 572
638 643
844 536
669 629
792 590
611 731
674 665
670 682
757 623
947 551
712 699
1027 552
709 715
734 702
801 658
812 666
841 648
900 605
750 719
739 737
780 712
1219 549
744 757
829 701
771 756
822 725
529 1262
1032 608
1015 618
828 733
862 700
904 675
857 709
997 644
963 656
863 722
883 707
896 703
906 728
930 708
1057 692
849 828
942 763
981 752
987 750
810 905
955 764
1004 751
887 811
1279 670
889 845
1165 721
992 797
871 892
943 822
918 843
1060 782
961 844
975 851
1233 753
832 1044
980 859
1206 793
903 986
1125 832
1087 855
916 975
1157 823
1055 890
1073 882
1391 749
1033 919
1047 915
1137 868
1005 958
951 1016
1140 877
1170 872
1418 766
1006 989
1002 996
1133 901
1081 935
949 1059
1091 936
941 1077
1098 931
1283 853
1189 929
1319 857
1396 821
1112 987
1220 933
1167 972
1102 1023
1343 870
1498 827
1705 790
1412 874
1372 904
1794 792
1282 969
1332 941
1036 1194
1251 1020
1250 1054
1449 917
1105 1166
1216 1093
1253 1067
1400 949
1649 880
1415 962
1242 1109
1306 1066
1299 1075
1478 946
1222 1143
1339 1053
1289 1108
1322 1091
1410 1034
1373 1063
1292 1130
1126 1291
1218 1198
1445 1041
1212 1240
1260 1195
1690 951
1908 891
1735 944
1453 1062
1727 965
1704 984
1358 1154
1370 1157
1394 1137
1425 1133
1384 1164
1269 1296
1612 1065
1320 1250
1718 1036
1368 1212
1964 942
1525 1142
1474 1170
1456 1193
1333 1368
1576 1183
1628 1160
1608 1175
1609 1189
1824 1103
1958 1047
1548 1261
1529 1276
1594 1251
1650 1237
1614 1271
1676 1241
1491 1390
1509 1384
1928 1144
1584 1371
1715 1280
1669 1307
1617 1351
1697 1320
1641 1382
1721 1321
1516 1494
1601 1467
1724 1369
1413 1603
1860 1299
1797 1357
1757 1393
1574 1537
1755 1421
1962 1255
1542 1568
1528 1576
1809 1413
1627 1544
1912 1354
1821 1434
1861 1416
1927 1366
1698 1520
1849 1440
1763 1548
1926 1447
1856 1503
1965 1408
1878 1512
1767 1580
1959 1458
1892 1528
1960 1461
1951 1479
1955 1531
1780 1640
1898 1631
1228518096 1799436415
1
sift 138
142 148
51 37
208 130
86 64
173 172
160 134
194 157
187 140
220 187
171 177
225 202
197 185
273 228
261 216
328 280
248 263
354 268
250 320
307 307
367 317
298 328
403 346
348 300
510 296
346 319
490 331
329 335
599 295
380 338
644 373
440 450
376 687
477 461
442 622
476 471
517 559
531 456
643 492
587 491
765 426
520 562
908 448
597 584
680 600
602 619
724 569
637 596
971 468
736 532
883 518
745 563
947 507
707 639
761 704
703 786
829 681
776 745
889 662
843 722
757 785
679 921
911 671
1080 611
942 654
1144 583
1006 655
940 729
919 736
973 764
1009 724
1177 676
828 933
967 900
928 828
1000 901
1024 787
996 1052
1242 699
1214 994
961 849
1134 972
1189 733
1193 1032
1047 800
994 1348
896 917
1115 1256
847 1027
1634 1091
955 894
1337 1382
1091 820
1505 1318
857 1077
1455 1383
1060 867
936 964
1522 674
1252 783
1138 880
1004 1004
1011 1010
1384 790
1157 955
900 1224
1340 869
1005 1169
1145 1066
1282 966
902 1481
1230 1087
1322 1036
1119 1230
1511 939
1062 1356
1618 910
1873 863
1102 1375
1441 1045
1537 1020
1458 1051
1137 1378
1104 1510
1612 1086
1306 1310
1901 988
1748 1065
1768 1063
1849 1121
1676 1220
1532 1366
1780 1221
1584 1394
1755 1292
1536 1514
1720 1454
1924 1488
1898 1528
1228518096 1861578657
1
sift 75
49 54
45 96
114 105
366 370
86 84
208 144
109 94
489 298
395 427
187 156
194 174
85 848
627 339
679 968
173 189
220 210
248 245
749 620
1163 1421
273 207
328 273
277 333
819 838
354 262
316 332
442 657
1034 882
329 361
380 395
740 575
1081 1017
691 409
477 629
595 837
1212 1358
622 540
637 584
947 495
1786 1668
496 862
587 673
549 1013
736 583
994 780
782 710
797 774
967 853
906 800
973 896
1080 829
1054 933
882 1135
1177 869
857 1307
919 1166
1214 1115
1618 753
1252 997
1634 1202
955 1329
1613 839
1455 1401
1011 1426
1183 1195
1873 887
1353 1156
1370 1186
1145 1634
1753 1163
1612 1385
1493 1529
1791 1438
1580 1656
1849 1572
1901 1532
1228518096 2014127030
1
sift 150
1 3
49 62
3 1
112 134
130 73
28 34
158 129
61 98
53 66
168 180
142 178
95 68
195 231
59 123
77 85
290 257
215 295
85 79
285 271
81 105
79 95
313 332
273 286
121 88
334 362
90 110
109 108
286 438
298 370
107 113
977 771
173 184
122 119
365 435
133 141
1518 1174
183 186
197 256
394 433
208 181
1673 1188
193 266
240 206
422 581
225 225
1616 1486
302 220
257 228
691 582
294 204
424 249
340 197
603 681
317 278
336 315
339 287
637 666
323 296
371 292
361 349
1193 965
328 357
354 353
325 448
956 1230
316 390
347 451
528 325
1416 1275
380 415
397 470
489 351
555 323
405 464
418 402
427 427
512 513
443 459
810 365
477 575
504 506
540 527
496 592
638 523
520 578
587 618
420 782
882 439
606 658
716 559
951 498
707 682
771 606
784 604
817 655
863 577
819 620
718 851
881 579
849 605
870 725
785 691
814 728
703 942
1255 568
971 706
796 896
1074 696
1033 739
973 857
941 814
1611 626
996 864
1081 784
1100 799
910 1042
1353 735
1183 822
993 1032
1216 831
1218 861
1080 1082
1794 709
1633 747
1031 1135
1242 905
1093 1007
1214 1122
1212 957
1402 873
1115 1297
1590 922
1502 982
1634 1186
914 1516
1358 1097
1459 1095
1763 1008
1403 1218
1491 1176
1747 1084
1904 1041
1870 1089
1919 1098
1833 1303
1836 1317
1786 1427
1923 1353
1745 1480
1738 1512
1228518096 2045004962
1
sift 503
18 27
9 15
7 9
125 132
34 38
19 20
128 137
37 41
27 25
210 216
41 44
30 29
157 171
49 46
42 42
229 227
62 60
51 56
285 337
64 62
70 66
237 532
81 92
59 73
1172 461
90 120
69 75
1600 1417
92 116
86 88
937 645
98 113
116 97
1696 1481
118 123
111 109
1405 903
96 141
102 135
106 166
109 129
1518 1412
142 143
121 139
173 167
101 165
1673 1539
151 168
100 201
174 178
165 146
176 181
154 157
194 184
169 149
183 198
164 164
208 175
148 196
193 213
160 185
220 224
155 197
233 209
171 194
225 247
187 187
242 288
221 163
266 267
181 212
273 268
141 299
276 306
197 208
272 301
192 217
298 315
226 220
302 280
319 176
316 313
213 254
370 272
235 241
307 322
288 206
328 319
256 252
342 323
259 257
329 336
267 260
354 325
322 231
348 331
236 303
332 359
250 289
336 341
312 263
346 378
304 276
347 408
257 317
363 382
297 292
408 338
279 332
371 392
325 296
424 354
255 388
380 406
305 314
396 419
252 404
397 430
357 310
405 439
345 318
460 475
320 362
434 432
300 416
477 477
368 344
372 513
339 395
520 537
375 351
429 466
367 364
587 524
343 407
440 490
543 287
480 637
415 347
475 464
379 384
536 593
366 431
483 501
447 369
582 558
425 393
637 571
331 520
603 610
340 517
596 625
403 425
745 538
421 409
616 633
376 457
691 592
505 365
625 673
390 473
635 749
451 446
843 536
546 391
736 627
495 434
718 626
491 440
790 602
444 469
786 621
490 451
965 540
442 489
707 696
478 487
679 761
521 468
817 655
482 527
798 679
553 467
772 703
517 511
703 859
528 502
968 611
461 584
940 650
572 482
869 674
628 465
775 842
558 505
820 733
454 612
870 797
643 498
872 680
548 579
834 876
673 496
861 752
650 529
910 839
560 588
796 832
620 551
967 809
570 590
839 944
644 561
865 896
615 589
973 879
709 548
1389 743
728 573
1160 849
784 562
1068 882
723 597
996 945
634 692
993 988
599 732
1107 906
579 783
1144 893
590 778
969 1023
789 583
956 1117
638 721
1100 939
670 684
1347 870
680 683
1214 964
678 687
1113 1048
753 620
1048 1105
669 705
1193 1018
754 632
1115 1058
652 746
1337 950
668 723
1249 1035
712 672
1223 1154
724 667
1116 1206
727 678
1589 930
713 688
1227 1146
690 780
1259 1218
721 740
1268 1174
774 693
1007 1557
761 710
1238 1216
840 651
1001 1591
747 764
1171 1505
757 756
1639 1220
749 768
1551 1140
765 747
1455 1320
832 690
1416 1389
873 671
1495 1335
773 790
1634 1314
908 659
1742 1325
607 1032
1505 1416
883 694
1597 1439
851 736
1762 1331
971 653
1688 1478
771 825
1931 1255
919 685
1534 1640
694 913
1501 1579
863 762
1468 1786
878 781
1661 1455
633 1178
1540 1737
941 727
1666 1583
889 784
1750 1650
833 852
1662 1662
951 774
1837 1614
942 793
1909 1623
857 857
1876 1717
849 885
1796 1871
738 1059
1948 1810
1188 718
1877 1873
1006 806
896 902
862 979
1002 850
987 858
1087 819
1055 837
1165 802
1054 856
904 976
936 943
992 917
822 1193
943 983
1017 919
871 1113
949 1007
1168 863
966 1009
1030 974
1047 985
1112 921
1011 1011
1119 926
1023 1008
1073 982
961 1071
900 1160
1060 995
1242 877
1024 1027
964 1081
1175 938
1157 957
991 1082
1135 984
1210 956
887 1301
1034 1101
1284 915
1110 1030
1005 1172
1072 1090
1250 970
955 1245
1032 1179
1178 1037
1458 872
1098 1118
1046 1213
1138 1103
1167 1098
1057 1214
1251 1038
1219 1065
1278 1026
1657 854
1230 1064
1189 1100
1400 960
1104 1217
1299 1069
1668 894
1539 969
1298 1130
1343 1073
1183 1239
1239 1196
1282 1201
1535 1014
1491 1033
1659 992
1269 1249
1456 1091
1486 1080
1383 1170
1382 1191
1218 1388
1331 1267
1394 1212
1571 1093
1563 1115
1522 1171
1300 1373
1410 1252
1576 1157
1748 1060
1443 1248
1279 1449
1608 1166
1413 1291
1332 1390
1492 1237
1613 1184
1723 1123
1498 1242
1509 1235
1350 1393
1474 1272
1369 1382
1650 1197
1304 1486
1441 1340
1433 1369
1220 1719
1574 1328
1463 1404
1312 1631
1316 1619
1412 1476
1592 1339
1307 1682
1339 1627
1485 1446
1943 1168
1860 1226
1599 1372
1514 1443
1747 1294
1642 1363
1718 1317
1699 1332
1780 1300
1617 1409
1516 1498
1532 1503
1698 1362
1755 1353
1538 1549
1391 1764
1418 1757
1425 1752
1615 1553
1752 1452
1714 1474
1669 1540
1749 1468
1606 1616
1525 1711
1703 1547
1591 1667
1874 1432
1847 1465
1768 1531
1609 1681
1912 1421
1810 1509
1811 1536
1727 1597
1459 1841
1735 1596
1763 1601
1873 1526
1637 1728
1792 1655
1720 1716
1786 1690
1849 1647
1926 1574
1825 1679
1848 1696
1960 1580
1827 1743
1852 1724
1626 1911
1870 1777
1901 1756
1833 1823
1920 1763
1930 1778
1862 1855
1925 1807
1959 1768
1745 1924
1951 1792
1919 1839
1857 1915
1933 1861
1898 1894
1228518096 2130703568
1
sift 394
80 66
49 52
15 10
126 108
76 78
19 13
128 125
59 71
27 19
157 132
92 122
30 29
158 141
61 82
51 50
210 188
142 142
46 94
229 208
81 88
108 126
326 296
176 155
89 87
285 526
90 111
116 140
237 887
273 226
98 115
511 422
103 118
100 187
495 388
298 310
151 144
486 447
173 170
146 181
830 527
332 338
164 175
1953 550
194 180
181 177
593 1514
526 443
171 195
1174 1190
208 160
221 146
1518 1800
625 543
183 215
232 211
213 193
1967 1441
691 516
220 222
225 251
260 200
603 572
272 270
302 287
374 213
532 701
350 233
370 265
248 306
637 581
261 314
336 290
236 392
600 641
277 345
307 324
252 386
772 648
305 304
328 301
304 326
596 904
322 327
348 299
345 387
679 802
316 337
329 340
366 365
786 718
354 320
364 368
368 371
999 615
346 416
371 413
300 485
834 912
367 408
424 350
361 424
940 871
425 348
380 417
382 400
775 1232
343 473
397 446
421 375
1193 889
415 393
405 440
406 432
956 1227
403 475
496 402
379 519
1161 1345
340 590
434 463
528 399
1639 990
429 472
475 501
388 556
1163 2002
490 470
477 523
491 495
1468 1814
483 529
582 561
451 560
1495 1863
572 450
536 627
487 544
445 619
587 585
628 465
521 559
817 546
548 586
1239 379
736 654
457 868
558 661
707 730
595 656
568 723
606 919
644 623
709 569
796 834
549 793
673 644
703 1026
537 897
638 741
870 807
620 818
750 647
1031 724
682 728
687 745
994 771
636 846
678 776
967 839
652 827
754 707
861 928
659 835
851 609
1134 761
749 739
761 788
996 848
863 681
941 620
1049 852
739 824
880 674
1068 916
672 925
771 803
1107 969
878 696
765 820
1144 949
712 882
812 823
1115 982
808 858
724 968
1000 1176
1699 533
829 870
1079 1205
951 760
889 809
1214 1191
819 906
886 828
1177 1218
792 954
908 812
1238 1188
758 1047
821 961
1227 1208
873 873
849 907
1116 1418
832 956
1002 857
1501 1285
942 902
947 900
1171 1965
828 1104
919 931
1455 1517
838 1103
857 1041
1634 1393
738 1384
1009 944
1573 1444
747 1407
987 970
1662 1564
1011 967
1055 946
1931 1806
906 1114
862 1215
1877 2016
1034 989
1015 1033
966 1089
960 1101
896 1219
1047 1030
980 1130
1112 993
1078 1031
1110 1020
1189 981
1090 1053
1242 959
1023 1171
1169 1016
1026 1181
1046 1184
1081 1154
1233 1006
1168 1067
1272 988
1102 1145
1004 1280
1241 1028
1188 1073
1521 872
1771 813
961 1358
1210 1105
1091 1249
1284 1042
1157 1210
1250 1131
1092 1288
1200 1199
1074 1307
1216 1194
1278 1138
1062 1361
1336 1086
992 1481
1099 1338
1299 1195
958 1606
1309 1197
1051 1478
1384 1157
1400 1135
1137 1380
1106 1423
1072 1488
1145 1400
1166 1402
1491 1111
1146 1457
1372 1246
1482 1173
1125 1532
1825 1002
1650 1099
1320 1324
1183 1504
1218 1480
1433 1269
1486 1238
1535 1214
1537 1222
1133 1649
1212 1565
1167 1641
1413 1315
1576 1229
1458 1301
1858 1108
1228 1614
1269 1566
1477 1317
1763 1203
1453 1348
1510 1325
1507 1331
1720 1234
1449 1387
1441 1445
1266 1742
1475 1454
1723 1303
1570 1435
1698 1365
1344 1726
1539 1485
1747 1350
1431 1604
1516 1509
1357 1725
1485 1575
1422 1665
1361 1770
1440 1660
1572 1525
1601 1502
1621 1520
1503 1626
1557 1616
1631 1553
1425 1776
1612 1573
1676 1563
1403 1900
1592 1677
1780 1526
1892 1456
1628 1685
1514 1787
1749 1593
1670 1675
1706 1631
1776 1578
1580 1773
1739 1619
1729 1629
1524 1864
1873 1538
1887 1523
1369 2005
1795 1643
1716 1698
1637 1809
1919 1551
1594 1873
1502 1983
1827 1692
1695 1797
1755 1780
1752 1786
1860 1717
1786 1790
1686 1937
1791 1853
1772 1881
1852 1825
1851 1833
1949 1711
1797 1908
1898 1805
1609 2017
1823 1906
1839 1939
1926 1839
1847 1947
1826 1966
1944 1842
1849 1961
1945 1932
1956 1957
1869 2028
1228518096 2146998783
1
sift 493
17 9
49 72
4 3
130 104
92 125
19 13
112 133
59 76
21 19
125 166
106 175
27 21
128 131
61 82
25 27
163 163
175 169
28 34
168 164
89 93
30 36
158 173
276 337
42 46
195 187
81 99
45 62
210 201
462 584
51 58
313 159
98 116
55 69
287 247
526 599
69 90
229 229
103 126
121 77
290 269
532 673
107 89
334 342
151 137
85 108
511 462
541 692
100 110
285 485
142 151
114 111
567 536
625 613
136 112
830 474
173 174
122 130
1003 932
616 695
153 120
977 936
183 178
146 142
1172 857
596 814
188 127
937 1088
194 204
155 148
1174 1087
772 694
186 134
1209 1233
208 206
171 179
1953 1427
679 980
212 146
1696 967
215 224
187 182
1781 1617
786 848
217 171
1518 1248
220 231
213 202
865 743
234 186
1673 1271
242 241
221 205
834 842
207 221
1496 1599
233 256
247 213
775 1022
226 244
273 233
252 225
1001 1245
236 255
272 260
260 237
1007 1324
239 278
298 316
253 266
1160 1134
271 243
336 302
219 312
1259 1074
269 257
316 321
261 273
1338 1278
248 290
307 331
251 289
1302 1386
257 285
302 338
294 249
1468 1593
279 303
348 332
419 218
319 286
328 349
305 294
249 383
329 352
300 310
323 295
332 355
320 299
304 323
342 362
343 330
453 261
370 353
326 364
345 354
354 374
361 336
339 372
346 393
357 358
322 397
364 371
367 366
340 413
371 382
368 387
385 373
347 449
427 340
366 420
380 435
447 357
379 432
394 446
425 376
457 363
405 437
528 334
390 453
397 456
421 416
403 460
429 486
450 411
481 396
483 470
484 408
451 440
475 483
431 465
423 475
477 502
490 428
444 468
460 529
964 283
505 442
520 531
809 318
454 490
536 548
495 464
469 496
512 660
521 476
435 551
818 457
544 525
627 503
603 568
1336 343
587 578
602 581
558 629
608 582
637 615
687 546
621 605
600 646
644 579
723 543
745 532
579 698
678 608
691 616
656 632
697 597
665 715
673 640
709 606
731 672
636 688
638 703
843 610
682 658
742 612
872 595
715 637
735 627
736 722
674 680
754 641
869 639
713 675
749 649
703 794
863 564
750 653
704 875
650 755
740 671
1012 624
698 707
761 664
752 827
771 674
773 687
796 802
789 686
829 670
1080 631
792 702
821 693
839 804
841 697
811 721
1134 669
689 877
889 684
870 817
880 690
878 706
998 740
812 775
819 767
861 870
765 826
727 893
996 806
849 752
828 791
967 834
784 878
941 709
1044 836
822 850
862 786
1240 742
903 761
966 730
910 958
947 747
942 751
956 934
857 845
1006 725
969 961
887 823
832 900
993 953
951 768
904 820
1000 954
897 833
1054 733
1107 902
980 769
851 903
1115 941
896 858
854 909
1068 1005
814 997
927 839
1193 968
908 876
1082 759
1249 927
971 829
916 895
1173 989
987 854
1055 812
1031 1164
975 869
921 913
1144 1072
981 874
1073 821
1238 1039
948 906
1002 890
1227 1055
899 985
1112 819
1214 1076
995 899
1119 831
973 1400
992 915
1245 764
1179 1149
774 1316
943 983
1171 1272
1086 881
1034 910
1540 1280
1075 887
1102 886
1501 1313
1021 947
1047 943
1455 1370
1188 863
1220 855
1742 1204
1081 933
1606 700
1495 1428
1201 882
979 1034
1483 1552
1015 1018
958 1069
1634 1480
1137 940
1096 970
1762 1493
1018 1042
1104 988
1778 1581
1091 1011
1242 923
1840 1582
1320 879
1011 1112
1200 973
930 1212
1189 981
1087 1054
1241 951
1298 919
1175 1013
1072 1077
917 1315
1253 982
1244 992
1145 1056
1216 1024
1125 1109
1299 991
1281 1017
1577 872
1251 1036
1315 1000
1098 1169
997 1336
1157 1157
1413 971
1110 1228
1668 885
1194 1181
1165 1214
1167 1220
1471 969
1212 1175
1030 1433
1138 1287
1218 1202
1568 976
1269 1191
1353 1104
1563 1006
1289 1200
1250 1254
1443 1065
1400 1106
1453 1082
1510 1060
1839 950
1539 1059
1350 1186
1398 1155
1523 1085
1339 1250
1507 1146
1425 1219
1601 1110
1491 1172
1316 1380
1608 1123
1637 1113
1622 1132
1445 1239
1575 1161
1412 1285
1923 1016
1441 1274
1650 1147
1528 1224
1410 1343
1767 1105
1486 1267
1794 1097
1361 1399
1679 1150
1396 1371
1653 1167
1698 1156
1459 1317
1565 1246
1454 1337
1883 1083
1763 1153
1525 1301
1537 1294
1572 1282
1747 1184
1369 1500
1776 1208
1749 1243
1492 1418
1511 1416
1392 1562
1514 1445
1723 1296
1538 1439
1810 1265
1704 1334
1685 1352
1949 1176
1720 1346
1592 1430
1797 1307
1676 1405
1812 1328
1848 1320
1609 1486
1585 1522
1943 1259
1852 1358
1860 1350
1756 1421
1697 1474
1919 1349
1780 1444
1610 1568
1748 1487
1861 1414
1768 1509
1628 1600
1626 1602
1858 1469
1901 1455
1833 1506
1786 1544
1962 1396
1873 1510
1665 1618
1878 1576
1904 1586
1926 1592
