1240301939 1358582240
1
sift 68
188 165
73 111
195 203
113 180
194 222
202 198
205 219
238 172
222 238
379 321
282 273
368 355
284 338
305 482
342 387
435 499
402 363
353 461
436 336
510 420
421 373
410 565
417 417
405 591
401 518
455 550
532 443
564 458
560 465
541 590
545 532
629 548
771 618
660 585
695 717
733 599
603 857
689 674
684 731
665 811
824 770
634 862
652 969
739 789
675 1135
791 775
744 1032
909 751
1089 852
1008 767
1195 858
919 877
1194 904
960 996
1023 1075
963 993
1209 1012
1183 976
1175 1065
839 1593
1000 1621
1114 1171
1244 1544
838 1741
1138 1304
1016 1542
1225 1801
1291 1716
1240301939 1430327691
1
sift 137
125 80
73 87
140 115
119 100
81 94
124 145
116 121
732 778
188 133
113 189
195 135
238 138
1083 2341
216 129
264 124
194 157
133 376
205 160
184 235
222 167
305 380
283 230
379 342
342 265
368 324
321 275
301 452
402 260
353 453
436 266
447 450
417 307
534 352
401 381
332 617
532 414
450 498
560 416
405 586
545 489
367 644
533 545
410 639
772 468
641 444
622 602
566 499
695 547
455 640
652 707
564 529
830 501
510 579
1070 507
660 476
603 840
654 500
662 779
733 521
825 665
546 676
744 759
559 710
675 867
674 593
741 792
573 725
824 753
548 896
820 796
843 608
1000 865
632 869
909 899
749 706
1175 862
863 653
960 980
785 731
1089 983
665 908
1234 903
738 788
782 1553
643 986
1224 962
642 1045
1013 1220
809 830
1195 989
886 769
1058 1195
841 809
819 1787
872 784
1193 1263
791 894
678 1036
657 1237
715 1061
699 1260
713 1455
773 1349
963 1000
919 1123
756 1511
1086 1018
920 1321
831 1504
911 1382
981 1295
942 1431
1001 1341
1242 1069
952 1467
839 1854
983 1448
1114 1290
838 2076
1173 1300
910 1771
1092 1519
1144 1470
1097 1679
1074 1718
1029 1840
1118 1705
1008 2024
1183 1628
986 2242
1138 1826
982 2330
1214 1699
1131 1934
1271 1588
1148 2256
1291 2344
1240301939 1716575903
1
sift 68
124 140
16 19
188 212
32 34
195 178
51 64
283 200
139 166
194 224
142 207
497 574
152 301
230 197
246 318
695 610
321 281
342 276
344 603
690 768
282 329
402 330
406 495
694 1114
421 363
436 365
433 703
972 805
417 429
500 417
472 585
867 1217
614 490
603 643
541 742
944 1219
622 629
532 806
569 801
1089 1048
545 827
667 649
556 1182
1044 1216
684 678
652 752
575 1165
1193 1154
819 700
732 933
713 830
1212 1320
675 1070
744 1049
788 1095
1151 1492
873 1130
1000 1074
920 1260
1155 1615
866 1406
1175 983
821 1841
1118 1223
1009 1834
1016 1848
1128 1724
1125 1753
1245 1565
1240301939 1788219329
1
sift 64
672 667
37 32
73 104
150 144
139 136
148 196
113 162
188 175
238 166
195 208
202 192
194 219
368 359
205 210
383 358
284 350
305 501
342 393
353 499
417 420
435 444
401 533
410 551
532 451
510 443
560 497
455 511
545 530
548 684
669 620
634 745
683 640
707 793
695 650
525 1068
771 613
791 764
722 723
841 782
667 785
699 915
824 748
909 751
744 900
919 832
906 777
871 982
615 1457
960 884
1000 1086
1183 882
1175 1011
839 1322
1058 1190
838 1377
1089 1272
1163 985
1224 1286
1138 1147
1195 1208
1016 1440
1244 1342
1166 1319
1291 1459
1240301939 1799436415
1
sift 420
55 44
37 24
10 12
30 26
33 30
14 16
481 514
88 60
22 19
145 165
125 87
23 17
509 635
128 94
29 20
244 289
134 103
32 25
129 99
35 28
287 318
131 106
36 37
132 118
44 33
255 367
130 123
54 41
124 130
52 51
435 688
163 147
65 52
195 157
68 53
581 594
188 172
67 88
194 187
73 64
1094 1272
216 186
80 62
206 199
77 77
205 202
82 111
192 215
106 80
230 209
89 93
250 188
97 89
264 194
95 98
236 227
107 105
296 195
81 146
276 224
115 115
292 221
140 101
283 228
119 119
282 233
113 129
280 235
127 124
262 250
143 135
266 251
142 141
289 264
151 153
286 270
227 125
321 268
152 189
311 279
169 181
327 271
180 168
342 280
203 169
323 299
168 206
343 316
269 142
363 315
234 161
329 341
184 207
402 307
202 185
377 336
238 174
423 311
267 163
401 326
172 245
429 328
231 191
434 332
221 213
417 338
215 231
436 335
219 260
531 301
225 259
499 327
242 243
461 356
358 196
467 363
381 214
420 433
337 249
500 409
308 273
527 415
305 288
591 379
319 285
615 378
310 297
533 435
409 262
532 461
336 294
596 437
344 292
560 471
318 321
545 491
252 389
583 503
301 342
669 456
241 424
582 531
297 361
607 549
374 323
622 532
275 407
670 500
263 428
601 584
368 345
603 583
376 347
644 562
441 310
662 545
361 359
682 573
375 354
652 617
353 373
667 614
332 402
695 596
379 370
833 521
367 390
701 597
372 393
741 572
360 419
650 679
412 380
705 639
366 414
696 645
442 369
772 593
422 396
675 676
394 420
758 615
405 454
789 663
433 452
723 745
451 406
751 723
457 412
744 764
447 438
1000 611
410 507
875 713
391 527
830 761
472 408
825 772
459 442
906 729
450 449
782 844
445 485
820 901
514 398
1087 703
471 446
1054 727
511 405
935 831
501 468
835 926
438 576
1070 759
518 455
1006 829
497 482
1088 781
574 416
930 921
364 767
1059 840
446 585
937 1038
455 569
972 1006
453 577
1013 974
600 436
1175 900
585 448
1089 994
742 372
1022 1058
526 518
1129 979
538 530
1102 1025
597 495
1161 958
569 522
1171 952
557 533
1174 998
515 590
1105 1099
541 555
1224 1052
573 571
1193 1091
654 504
1209 1133
617 535
1234 1280
632 552
1249 1240
636 601
1255 1286
642 631
1050 421
660 604
733 558
645 664
634 690
678 638
691 632
653 692
589 818
618 769
679 672
674 689
755 628
693 685
688 695
738 652
694 706
840 606
690 725
797 640
713 710
681 742
843 622
756 674
818 642
781 705
773 720
790 707
687 810
806 704
699 800
766 739
785 733
936 623
624 1005
894 662
928 649
621 1088
753 811
865 726
764 806
836 749
647 1012
852 737
872 735
831 770
686 932
864 747
823 779
737 871
866 756
768 853
739 884
819 838
774 889
854 812
791 894
814 872
1091 669
911 787
828 877
841 867
920 783
803 916
808 909
867 866
677 1224
951 827
973 798
984 795
1001 803
698 1201
890 912
838 1000
729 1153
897 917
1047 784
889 962
874 996
870 1043
909 1004
942 953
933 985
910 1047
1071 882
960 973
1026 914
1095 875
981 978
1049 933
1005 1023
1041 982
876 1225
1086 964
963 1082
966 1074
948 1136
1072 1018
1167 929
1068 1024
846 1370
1008 1077
1164 942
1166 943
1135 971
979 1120
1190 946
1188 950
1097 1049
913 1297
1065 1070
1016 1121
988 1160
1042 1119
998 1161
1040 1123
1195 1010
1114 1086
1246 955
986 1211
1147 1067
922 1415
1159 1069
1173 1066
1116 1129
1055 1185
1219 1050
1295 936
1134 1146
1004 1324
1170 1124
1268 1046
1198 1127
1108 1245
945 1515
1103 1271
1113 1273
1273 1100
1155 1239
1141 1252
1138 1326
1158 1338
1267 1169
1123 1413
1262 1199
1185 1374
1228 1325
1263 1299
1240 1346
1256 1365
1284 1290
1238 1411
1207 1491
1227 1507
1225 1524
1106 1631
1165 1613
1296 1477
1264 1602
1272 1595
1289 1619
1240301939 1861578657
1
sift 92
124 144
16 12
1070 700
36 28
195 174
32 37
51 62
188 189
73 84
94 104
216 190
139 166
411 109
194 210
152 290
230 202
283 207
315 250
292 239
327 233
246 333
321 262
342 273
269 321
421 340
434 351
440 345
436 361
417 395
406 434
377 459
500 421
442 435
529 343
533 409
410 495
433 528
527 465
625 374
472 533
532 629
497 510
541 556
603 553
661 639
662 484
545 673
713 606
622 583
695 584
556 967
542 798
667 613
690 709
652 692
697 640
600 989
843 657
675 869
633 958
819 695
731 854
694 802
744 896
1000 829
831 815
769 943
1023 955
788 949
822 924
1175 853
766 1041
968 840
1089 1115
867 1009
920 997
1193 1202
848 1143
791 1329
1058 1635
944 1048
943 1183
1012 1185
1008 1307
1118 1205
1151 1279
1155 1305
1016 1572
1136 1434
1164 1441
1195 1426
1173 1634
1240301939 2014127030
1
sift 54
188 184
111 79
276 248
116 150
205 225
119 164
283 286
142 258
250 303
238 191
327 295
202 256
292 283
306 246
499 371
282 333
288 373
318 321
533 582
321 353
342 357
269 462
695 666
353 384
434 397
368 416
1070 622
417 415
527 470
450 422
996 759
447 504
532 575
419 571
1013 1275
455 720
545 618
569 631
472 789
705 682
540 719
585 764
744 857
749 635
668 856
782 849
819 760
841 788
1089 1122
791 1019
1098 840
1193 1186
909 1117
895 1301
1240301939 2045004962
1
sift 111
124 175
36 56
145 259
188 167
73 88
195 184
81 110
258 373
216 178
116 148
194 224
202 208
1094 1461
205 247
238 194
230 261
133 1240
283 268
219 398
262 286
305 369
282 281
368 424
280 298
353 561
321 325
447 472
342 319
450 543
402 322
560 463
436 336
564 487
434 367
510 529
499 316
455 667
421 400
654 473
417 406
742 493
461 412
422 974
532 477
604 596
545 524
843 489
533 592
573 701
669 530
540 765
601 624
678 690
622 627
662 680
695 571
729 643
683 673
741 674
603 893
819 670
906 650
806 710
978 621
642 921
722 842
634 948
801 841
886 692
744 879
623 1078
824 832
894 784
930 761
700 986
1175 809
715 960
1234 835
648 1166
1089 964
773 958
782 1529
1164 695
956 1429
1095 735
1013 1389
677 1160
1193 1314
841 995
1081 1565
785 1100
756 1171
1008 857
831 1080
911 1027
920 1039
960 1051
818 1428
874 1341
981 1139
890 1375
1195 1011
1245 1015
1166 1125
910 1597
998 1379
1118 1249
1267 1172
1016 1647
1228 1681
1225 1753
1240301939 2130703568
1
sift 102
188 170
36 50
145 205
244 154
216 163
195 180
202 238
258 362
276 204
194 222
205 251
269 220
287 423
283 226
230 237
282 266
221 358
1081 1741
533 516
246 345
342 301
414 426
596 515
321 320
402 324
368 474
695 581
436 340
434 383
375 563
683 662
417 417
421 421
353 623
653 792
560 502
532 523
410 900
930 802
545 585
622 654
455 968
906 871
546 728
662 591
600 693
722 1232
450 1156
603 949
598 758
1013 996
540 1235
824 834
548 1254
866 700
732 974
668 939
940 668
675 1218
678 956
749 884
615 1550
648 1162
634 1253
1175 839
699 1030
886 849
1174 979
715 1135
872 932
1000 1204
623 1690
1008 1041
1234 995
1012 1047
822 1410
1089 1191
909 1280
1195 967
1023 1571
1208 962
739 1997
1193 1393
1231 1094
919 1532
981 1374
1245 1127
890 1832
1144 1301
1137 1333
913 1964
1173 1400
1118 1566
1029 1802
1166 1649
1075 1854
1016 1961
1242 1535
1235 1639
1168 1957
1225 1979
1228 2017
