1279412758 1973424357
1
sift 56
301 169
288 185
318 174
366 189
406 243
376 310
399 320
410 359
440 335
495 302
469 404
542 338
513 361
505 398
844 253
1026 242
608 379
944 262
566 442
705 345
625 450
945 305
585 569
786 426
732 462
914 393
720 494
704 548
711 529
1177 369
1114 394
1294 392
695 785
1313 406
846 647
725 797
871 714
1059 582
1021 636
951 717
1582 430
1330 515
995 726
845 900
775 1133
1075 859
1116 870
1412 765
1378 784
1499 747
1267 921
1170 1094
1347 974
1425 1005
1505 966
1449 1130
