1305823326 1689478995
1
sift 403
245 242
2 3
1394 1651
263 275
37 39
468 513
49 35
409 355
66 51
440 602
86 63
443 405
122 74
692 521
91 93
611 647
92 106
554 760
121 96
642 690
129 115
683 729
135 104
702 727
127 122
732 708
125 133
617 868
134 120
679 790
124 136
750 767
169 124
1104 744
133 147
1006 812
188 134
1018 865
140 177
1022 912
157 163
1084 993
155 166
1011 983
201 138
982 1122
203 146
924 1091
152 188
882 1478
196 178
1128 1102
220 153
1019 1260
237 157
1525 932
193 198
1503 1069
197 212
1132 1196
215 194
222 187
1249 1168
221 189
348 132
1456 1115
219 204
209 226
1548 1226
257 186
239 207
1227 1668
180 308
231 249
1570 1390
229 256
251 236
1629 1613
264 228
276 224
249 269
280 241
294 222
273 265
244 302
305 238
303 276
324 261
390 252
313 296
314 306
262 414
322 303
331 298
435 258
328 320
388 285
356 311
343 328
336 341
349 330
301 397
353 333
362 343
321 393
475 279
366 346
345 379
392 332
410 322
377 399
394 363
351 416
304 490
367 431
355 452
427 380
369 450
402 415
454 381
374 471
432 408
474 392
400 443
520 371
407 457
403 461
438 447
470 427
464 440
486 438
434 479
495 458
431 507
512 448
483 498
419 543
504 478
479 517
489 509
496 516
598 436
527 486
618 434
525 505
573 476
497 548
473 595
693 442
568 510
458 637
522 555
571 530
1052 391
622 527
463 699
780 451
602 535
584 547
569 566
722 501
553 594
576 576
606 570
623 567
588 601
646 580
586 635
624 626
654 615
639 632
633 633
701 592
763 553
1069 468
725 593
564 728
658 658
707 622
703 645
560 769
698 657
645 704
794 568
737 650
661 713
600 770
675 723
599 778
760 662
908 572
739 694
669 783
783 680
841 654
717 772
854 687
765 756
734 808
819 719
747 800
870 703
767 841
889 737
896 736
796 803
816 802
798 840
826 826
849 817
1076 710
904 794
844 869
791 947
761 1056
954 791
898 866
895 883
1000 799
956 836
752 1205
1034 814
925 913
976 886
946 920
969 891
987 902
933 958
1078 829
962 942
883 1039
973 962
1117 861
1252 792
1102 885
960 1026
1175 842
935 1068
988 1009
1040 979
942 1083
1331 784
1119 930
1048 989
1130 939
914 1138
879 1209
950 1111
1179 910
814 1371
1072 997
1413 789
1053 1018
964 1113
873 1257
1093 990
998 1099
1125 974
872 1270
1056 1032
945 1153
1198 935
1057 1047
965 1151
1327 877
1368 872
940 1244
1267 945
1149 1006
1281 946
1210 992
1224 987
899 1395
1134 1073
916 1376
1141 1075
1020 1227
1243 1003
1419 911
1226 1025
1061 1163
1426 928
867 1593
888 1540
1254 1034
1079 1178
1083 1179
1263 1065
1122 1154
1208 1104
977 1466
1031 1357
1005 1438
1163 1156
1391 1024
943 1624
1234 1128
1124 1253
1202 1175
1194 1191
980 1602
1153 1247
1173 1234
1059 1407
1087 1370
1276 1157
1167 1269
1168 1289
1109 1408
1350 1125
1021 1630
1517 1063
1377 1129
1483 1092
1392 1146
1222 1334
1298 1241
1150 1431
1643 1042
1270 1292
1190 1411
1468 1137
1364 1218
1088 1605
1293 1306
1330 1267
1405 1214
1441 1176
1449 1194
1325 1309
1284 1368
1486 1166
1156 1525
1299 1350
1400 1240
1181 1509
1398 1255
1336 1326
1487 1199
1250 1481
1602 1150
1459 1251
1438 1272
1415 1303
1437 1287
1725 1106
1583 1223
1682 1142
1451 1338
1370 1428
1563 1279
1388 1433
1396 1434
1245 1665
1714 1193
1465 1391
1516 1354
1340 1535
1376 1506
1552 1345
1496 1383
1282 1666
1485 1426
1518 1388
1322 1634
1473 1455
1436 1496
1560 1392
1526 1429
1647 1319
1641 1341
1547 1435
1472 1505
1450 1554
1716 1294
1594 1441
1585 1457
1619 1410
1715 1328
1452 1598
1366 1709
1614 1472
1353 1727
1540 1591
1698 1418
1538 1611
1611 1561
1488 1681
1638 1527
1562 1641
1610 1584
1787 1381
1676 1577
1617 1672
1667 1622
1727 1566
1770 1485
1736 1607
1743 1635
1753 1626
1777 1581
1802 1460
1679 1705
1305823326 2019709110
1
sift 330
338 275
1 0
336 287
86 118
44 38
477 345
55 40
534 338
121 119
53 66
551 318
92 86
486 430
159 103
119 79
751 629
120 87
527 486
192 138
124 107
1022 865
148 101
639 523
215 164
127 120
1019 955
173 113
701 677
231 159
183 111
1566 1714
232 105
819 548
369 263
153 139
181 162
889 803
374 279
197 157
193 168
1277 893
356 290
230 180
246 191
1133 1233
322 343
329 163
265 207
1330 1379
343 348
302 188
311 219
1373 1585
362 349
300 256
320 266
407 350
286 303
268 360
324 696
298 325
318 335
666 379
341 312
381 317
457 655
401 286
377 341
537 537
353 365
379 392
765 658
411 362
422 357
873 567
383 405
417 368
867 589
391 418
352 464
767 701
413 401
434 417
826 676
414 457
394 503
816 698
502 407
497 423
582 1286
427 473
446 452
1071 755
589 367
543 389
901 867
518 438
480 483
883 896
503 492
560 439
1057 857
609 419
504 502
998 943
516 484
605 441
1087 852
485 596
492 587
988 1089
604 467
508 565
1093 958
506 582
514 554
1306 1030
645 481
564 530
1250 1094
632 495
669 504
1276 1074
432 885
577 564
1163 1210
661 524
571 609
788 2129
658 541
715 525
1238 1163
541 713
621 598
1322 1082
601 682
693 639
1222 1183
651 704
636 736
1061 1445
648 739
749 645
1236 1257
696 740
591 910
1070 1650
634 829
726 738
1573 1174
724 757
822 628
1450 1259
859 623
741 790
1285 1443
876 621
734 799
1562 1266
760 781
827 695
1436 1374
663 947
795 762
1579 1303
791 771
716 928
1488 1392
1091 575
664 1062
1575 1404
744 884
879 728
1539 1480
943 697
900 722
1179 2042
699 1042
757 925
1263 1989
766 929
743 1024
1560 1832
869 807
860 813
1719 1704
796 887
899 818
1753 1788
801 932
842 906
1731 2168
1672 563
799 1049
914 912
833 1084
916 950
981 890
972 911
996 905
1096 837
983 960
1653 656
1024 927
939 1040
1032 931
1059 907
970 1012
804 1310
985 1052
961 1093
1020 1011
847 1299
957 1100
965 1115
1005 1068
920 1250
936 1289
1004 1182
944 1306
1258 920
941 1320
948 1316
1051 1146
1053 1152
849 1573
954 1364
891 1504
1063 1193
1078 1192
828 1782
1009 1369
950 1489
979 1432
1152 1140
1535 877
1182 1122
1124 1208
1060 1301
1173 1161
1079 1295
968 1528
987 1491
1218 1156
1246 1118
1034 1459
1168 1267
922 1838
1047 1503
1324 1167
1191 1297
1031 1602
1148 1372
1102 1471
1040 1645
1072 1552
1125 1453
1150 1415
1041 1716
1081 1600
1315 1312
1137 1557
1366 1280
1066 1744
1590 1126
1485 1195
1107 1696
1234 1457
1336 1336
991 2044
1075 1810
1564 1186
1210 1548
1282 1450
1689 1106
1363 1359
995 2103
1161 1666
1561 1284
1142 1800
1224 1655
1198 1727
1242 1697
1645 1256
1398 1478
1149 1903
1286 1668
1501 1401
1329 1599
1274 1722
1267 1752
1334 1654
1482 1462
1140 2039
1601 1397
1372 1653
1371 1656
1384 1648
1426 1598
1165 2028
1415 1624
1388 1710
1266 1921
1547 1540
1261 1991
1424 1757
1184 2139
1377 1858
1466 1733
1461 1768
1410 1857
1656 1567
1400 2025
1736 1594
1537 1884
1608 1818
1513 1933
1455 2034
1395 2115
1621 1859
1571 1954
1490 2022
1348 2167
1790 1622
1552 2121
1764 1875
1711 1970
1644 2072
1778 2019
1787 2155
1305823326 2045004962
1
sift 68
429 621
55 52
120 137
121 143
40 77
583 744
134 189
311 337
187 269
173 253
650 842
158 513
239 359
253 364
882 673
237 424
457 530
445 297
331 464
356 859
353 487
405 550
495 696
516 622
514 667
407 946
664 546
512 905
606 809
662 690
532 1063
623 1505
804 658
707 877
772 1599
1004 645
539 1303
766 956
693 1184
711 1210
828 960
947 894
985 898
835 1103
785 1206
849 1080
726 1619
758 1576
973 1152
923 1226
803 1509
979 1249
959 1300
921 1363
1034 1374
976 1522
1000 1750
962 1867
1149 1501
1040 1839
1404 1329
1182 1720
1495 1464
1327 1679
1453 1809
1568 1787
1681 1693
1714 1734
1305823326 2124113243
1
sift 181
83 47
505 366
192 105
124 92
123 96
1612 1732
231 120
183 94
193 137
1621 1716
320 197
181 153
302 144
374 191
445 149
299 208
401 190
353 310
407 234
434 337
367 332
352 371
564 388
629 242
379 369
867 361
413 345
383 478
768 401
476 375
427 445
826 458
489 394
446 474
966 630
414 521
503 461
970 684
516 475
504 504
1059 774
645 414
492 601
1322 733
577 485
536 554
1152 883
532 562
621 552
1191 866
782 460
983 393
1173 890
749 513
693 565
1238 859
719 579
651 640
1434 785
943 497
624 809
1377 973
646 795
726 672
1488 926
827 570
663 810
1151 1271
879 558
724 748
1336 1116
648 874
795 635
1526 1022
657 930
844 638
1415 1120
696 998
707 983
1538 1369
718 987
757 891
1777 1164
716 1105
828 822
1442 1578
914 775
899 816
1761 1879
972 801
1213 641
1732 2450
1051 736
981 834
801 1076
1020 837
936 932
939 1066
961 1059
833 1319
842 1314
1063 1027
950 1286
847 1494
957 1345
930 1401
881 1510
1013 1300
1257 979
1124 1124
995 1361
1101 1202
1053 1288
954 1479
1060 1315
1168 1175
1318 1088
922 1698
1180 1235
948 1635
1034 1497
1079 1440
1268 1204
1107 1436
1218 1323
1568 1061
1029 1680
1258 1353
1072 1594
1041 1708
1545 1136
1078 1661
1282 1419
1248 1455
1068 1776
1125 1727
1137 1754
1606 1249
1590 1273
1668 1228
1461 1451
1501 1422
1513 1428
1149 1931
997 2411
1737 1312
1388 1597
1341 1713
1376 1707
1261 1930
1601 1518
1329 1843
1368 1819
1198 2201
1161 2262
1537 1688
1547 1697
1466 1814
1605 1671
1139 2473
1604 1816
1404 2116
1644 1777
1493 2023
1500 2030
1470 2088
1314 2375
1490 2133
1479 2205
1424 2264
1552 2115
1331 2423
1439 2260
1517 2183
1711 1969
1778 1963
1670 2194
1542 2461
1624 2396
1764 2230
1714 2464
1305823326 2146998783
1
sift 87
500 692
55 71
153 201
429 848
120 131
583 852
121 151
875 793
650 1022
173 235
595 1593
222 185
1321 1575
203 254
215 316
280 262
239 355
253 366
237 461
249 449
355 360
376 387
311 485
356 422
331 483
341 474
380 446
445 364
417 441
377 783
430 616
457 646
486 773
572 684
622 653
634 651
664 755
606 834
646 819
624 888
696 803
648 889
539 1159
662 900
701 870
569 1121
689 904
707 923
700 987
654 1148
623 1272
766 1014
757 1069
774 1128
726 1380
703 1517
760 1313
828 1106
954 973
849 1267
833 1336
1165 929
1004 1088
830 1378
979 1191
1056 1092
923 1350
1048 1172
985 1311
1052 1238
959 1444
1040 1349
904 1569
1183 1153
1013 1529
1078 1457
1331 1228
1000 1613
1226 1385
1175 1440
1149 1531
1281 1441
1369 1445
1405 1456
1465 1436
1490 1504
1750 1542
