1347700863 1701417931
1
sift 158
84 122
7 14
335 579
63 84
21 18
152 193
26 25
543 1276
185 210
91 88
191 228
98 115
918 1303
260 292
117 94
313 438
120 96
301 251
116 114
563 417
125 146
600 678
133 232
583 1139
188 183
974 1017
199 190
926 1142
214 199
980 1288
230 204
215 291
1192 1279
269 243
323 223
283 256
293 301
325 285
388 240
310 309
295 340
312 346
381 298
397 315
345 353
374 328
389 351
370 378
359 399
364 394
398 360
420 389
502 384
413 449
375 493
453 443
427 463
479 435
478 455
462 498
386 566
439 522
492 509
477 533
630 488
624 492
530 554
611 520
513 593
557 588
551 614
552 621
602 602
663 590
866 529
697 606
676 618
693 627
584 761
646 679
634 756
800 626
844 615
682 733
773 672
864 638
886 651
770 760
764 767
840 700
850 691
870 685
828 726
815 753
681 897
787 793
633 963
881 738
775 832
903 736
674 956
994 693
1020 688
738 933
867 813
1040 698
824 870
772 934
922 826
885 873
962 820
1080 759
1004 790
971 824
909 877
1057 778
966 839
1033 810
732 1100
1005 835
988 848
816 985
952 899
1139 798
713 1265
792 1094
1100 846
790 1153
908 1001
1096 886
959 966
957 994
948 1024
1140 902
1012 964
1183 882
1125 910
951 1036
1224 881
1233 883
830 1295
1236 913
1042 1152
1150 1073
1133 1154
1121 1174
965 1349
1112 1204
1110 1260
1145 1247
1221 1239
1262 1146
1253 1176
1128 1372
1269 1158
1247 1286
1230 1348
1237 1366
1347700863 1745211470
1
sift 174
106 123
23 19
174 154
66 65
197 142
99 93
182 168
125 95
191 146
146 103
212 195
139 110
260 217
148 124
270 268
163 111
313 248
162 117
288 264
185 134
497 366
198 153
378 504
221 149
471 476
190 182
563 491
206 190
724 512
208 221
712 739
254 251
1045 738
294 227
742 851
278 253
925 858
324 245
642 1045
315 262
974 911
310 283
1017 766
295 298
991 903
342 273
1028 1132
419 252
347 324
386 326
375 349
491 304
448 327
398 352
374 376
369 383
420 364
381 430
397 414
430 423
422 431
413 456
409 492
492 428
432 499
480 469
538 419
644 375
536 429
657 405
486 558
541 495
524 525
580 483
749 409
544 513
410 721
602 489
632 477
634 486
806 424
600 534
551 580
465 749
731 497
679 538
720 543
624 601
639 589
792 502
738 540
784 520
750 546
697 600
646 635
710 602
694 614
599 727
896 553
630 793
913 559
701 710
740 679
498 1104
663 797
774 660
906 576
883 607
878 668
824 728
696 887
693 909
920 656
765 838
1030 630
867 783
1001 666
771 879
628 1146
558 1454
872 869
848 892
940 827
757 1021
708 1182
1012 780
839 945
1163 699
981 834
869 935
997 835
1158 756
783 1116
1108 810
846 1005
922 929
1178 760
1217 732
990 890
1074 848
1081 849
911 984
1194 785
819 1142
1154 815
934 999
1129 864
816 1213
924 1074
1151 885
905 1166
1020 1017
1086 979
903 1238
1121 988
1192 932
1186 965
987 1232
1006 1208
962 1322
1185 1031
1149 1108
1013 1334
1115 1320
1222 1195
1075 1481
1140 1419
1247 1205
1243 1243
1169 1429
1266 1168
1258 1223
1148 1507
1220 1505
1347700863 1811936640
1
sift 229
106 47
17 11
66 35
57 30
155 68
99 62
147 69
116 63
174 95
125 61
139 85
89 103
197 102
148 83
163 81
111 119
191 116
185 99
198 108
166 129
182 170
213 109
260 159
206 143
212 207
214 158
294 154
246 149
313 216
190 209
324 161
274 160
288 265
254 190
315 212
278 211
563 329
399 173
411 274
293 228
714 312
310 243
495 308
347 254
471 475
325 280
538 307
295 301
724 393
343 269
1030 341
323 319
514 689
386 287
731 397
375 297
925 550
272 524
378 842
389 316
980 562
370 342
854 601
491 294
991 605
358 367
1216 536
448 321
974 658
398 354
1192 709
453 333
430 351
439 347
381 414
434 370
644 298
468 382
490 373
501 380
525 369
505 399
362 653
397 599
409 592
536 436
492 490
560 439
422 593
639 422
541 457
524 495
580 453
576 458
530 498
634 433
651 425
548 493
413 671
624 454
589 478
354 884
611 492
632 491
662 496
540 598
674 503
584 573
605 561
594 600
544 641
704 544
806 477
706 554
694 572
615 630
710 578
697 589
599 662
551 700
663 623
732 590
792 546
803 557
772 597
1002 494
750 632
866 563
738 661
824 620
628 780
649 761
804 667
740 707
829 657
906 625
1129 537
828 669
815 681
831 672
701 788
774 710
896 650
693 799
757 743
864 682
819 704
865 692
801 735
793 749
550 1135
802 745
666 883
934 674
909 690
555 1160
699 903
1108 637
1020 666
878 744
771 829
964 699
617 1104
920 712
880 758
898 776
763 914
990 725
1158 675
765 982
783 976
1006 755
1194 685
1205 680
961 793
1084 726
932 824
940 853
1033 795
1024 802
1008 831
968 882
922 930
997 868
1012 861
1040 855
951 954
1079 858
981 941
1185 798
857 1116
987 943
749 1472
924 1121
884 1198
846 1281
1199 886
1175 933
1074 1049
1154 985
1013 1152
1215 951
1096 1070
1086 1097
1151 1077
853 1521
1007 1240
1236 988
886 1485
1222 1090
1112 1227
1139 1229
1149 1228
1164 1209
1140 1251
1224 1159
1247 1101
966 1575
1075 1390
1186 1264
1133 1346
1153 1351
1121 1419
986 1775
1266 1223
1097 1642
1115 1731
1169 1640
1232 1643
1347700863 1865606473
1
sift 342
100 50
7 4
63 25
17 8
155 85
21 13
66 26
26 17
197 115
39 22
67 28
57 31
191 123
49 42
147 78
76 40
218 116
64 53
139 95
73 55
260 158
91 45
148 100
99 65
335 187
116 61
162 91
125 69
313 201
101 97
163 93
96 102
542 386
117 96
181 98
111 127
714 354
124 132
185 109
173 122
724 459
213 108
198 114
166 138
917 539
221 112
208 139
214 156
974 648
246 144
294 161
231 163
1255 1187
190 207
324 159
188 250
274 166
315 192
254 181
287 177
419 200
278 194
269 222
411 295
283 216
293 211
495 328
310 209
292 259
442 359
612 169
399 197
538 327
340 230
265 300
600 388
327 244
290 275
731 439
284 286
336 249
1030 433
325 270
285 298
854 551
347 261
295 308
1123 615
342 265
323 281
1216 604
334 282
370 273
1192 757
473 237
487 262
1239 730
375 303
369 309
420 280
386 307
364 337
374 330
401 314
383 331
432 302
431 319
352 370
448 335
453 332
363 401
381 382
430 353
433 357
427 374
491 352
371 428
434 381
490 363
405 425
480 383
644 325
395 463
379 497
468 416
477 421
539 373
382 511
505 403
417 469
409 496
425 490
494 431
530 422
541 410
741 351
525 427
362 638
397 556
478 477
531 445
488 481
762 364
524 467
639 418
536 466
596 450
422 624
492 535
576 471
462 579
566 494
580 485
548 512
624 464
611 474
354 965
413 755
486 672
465 711
710 503
682 516
646 534
685 518
605 569
662 538
598 584
599 582
602 585
761 492
632 576
615 594
584 626
595 623
552 676
570 666
626 618
704 557
594 644
634 619
733 555
663 600
697 590
506 786
772 541
867 505
551 734
483 868
674 630
675 628
726 610
502 843
694 643
701 649
498 884
803 573
792 588
866 548
678 719
1002 532
865 596
641 785
804 661
815 651
693 746
828 642
740 727
630 832
856 636
1143 533
774 705
831 668
864 655
1065 560
649 831
824 687
801 709
787 724
684 811
829 699
844 691
617 949
819 718
876 688
793 742
943 653
896 684
1178 558
934 671
909 689
586 1100
1020 652
878 743
964 707
1008 686
880 760
759 877
771 861
802 865
906 769
763 955
798 940
1033 731
921 781
1035 738
898 812
783 977
903 818
765 1008
754 1057
1096 739
932 848
816 990
872 944
884 921
739 1168
1006 799
1129 752
775 1110
822 1018
997 827
1024 819
1001 845
875 994
922 948
1108 789
1158 768
1182 763
848 1053
842 1064
749 1277
869 1049
857 1077
1194 777
951 961
1012 907
1197 790
1229 774
990 970
839 1202
979 1012
1079 947
981 1017
999 1013
978 1092
1163 912
886 1241
961 1156
1086 999
1215 885
1051 1041
1237 876
897 1298
923 1265
1135 1016
1236 922
911 1303
1074 1108
1013 1185
1081 1120
988 1231
1139 1074
987 1252
1153 1066
1141 1085
1034 1216
983 1317
1040 1275
1224 1061
1222 1068
966 1395
1118 1214
1266 1014
1154 1257
1007 1467
1150 1288
1186 1245
1112 1349
1075 1425
908 1736
1149 1346
984 1638
1101 1461
1140 1417
1208 1315
1121 1481
1036 1642
1242 1312
1247 1327
1196 1494
1058 1755
1185 1602
1180 1621
1151 1723
1164 1713
1100 1821
1253 1497
1183 1769
1220 1790
1232 1778
1230 1799
1258 1868
