1358582240 1430327691
1
sift 523
155 114
48 41
15 9
131 98
82 56
14 16
157 119
88 59
16 19
140 117
80 65
22 21
266 254
97 68
29 29
178 151
95 85
38 22
398 373
104 84
31 33
252 185
111 87
32 31
506 474
121 80
44 44
241 233
126 106
61 50
654 665
137 97
58 55
270 210
139 112
46 96
768 596
164 108
89 75
297 298
165 133
128 91
806 595
186 129
135 92
341 309
172 138
152 110
942 778
175 141
161 111
1184 237
203 135
130 168
1613 935
189 142
145 156
555 446
198 152
183 139
1457 1014
200 155
174 186
645 568
228 145
180 189
1447 1115
222 157
259 143
754 627
219 160
185 206
1582 1259
238 167
207 192
879 889
244 162
171 279
246 198
226 216
1157 897
265 240
227 224
298 207
231 226
1122 1116
331 194
262 229
305 220
232 267
1328 1023
295 241
245 270
338 231
264 264
1518 1199
313 262
221 408
302 281
258 319
1145 1764
325 261
306 285
288 305
287 302
1881 1839
339 257
267 364
336 266
301 332
1709 2082
400 246
274 391
363 260
307 323
1865 2074
387 265
318 322
366 277
334 317
1845 2359
370 282
347 315
394 271
321 342
405 278
359 316
358 311
354 325
376 312
333 361
543 245
271 527
417 307
377 386
437 333
315 470
502 356
416 368
501 360
326 471
481 379
314 483
473 388
352 450
443 414
421 389
418 457
403 441
518 381
432 403
465 416
463 400
461 453
413 467
583 375
499 390
608 366
415 500
521 422
385 554
618 377
379 608
467 506
442 498
464 513
478 480
435 566
483 490
532 489
420 579
524 502
438 543
559 495
458 529
622 486
496 522
658 482
503 519
515 594
547 484
626 565
459 578
686 538
546 492
616 610
490 550
717 547
498 555
748 561
585 476
782 545
1042 336
671 609
599 521
689 602
567 588
756 576
497 690
864 606
549 618
817 642
517 667
793 673
591 586
733 730
550 640
830 657
565 639
770 753
579 654
611 1092
584 649
849 714
552 751
666 1029
545 780
751 899
631 643
969 707
529 846
929 717
639 674
857 840
528 965
1032 759
597 793
958 800
544 973
983 819
651 734
847 988
788 619
852 983
519 1125
858 989
627 844
1065 862
669 758
813 1268
694 733
1135 867
827 623
1285 841
769 684
996 980
684 763
941 1150
719 726
1421 792
641 855
1190 942
688 761
904 1262
703 750
1246 975
537 1284
1147 1114
749 728
1621 865
757 770
1019 1347
708 834
1234 1135
819 720
1258 1208
714 896
1250 1229
710 918
1378 1151
732 879
1386 1212
829 768
1811 1006
683 996
1388 1285
761 901
1807 1057
775 894
1733 1110
876 765
909 2366
785 914
1788 1198
805 907
1282 1589
954 722
1233 1762
821 869
1316 1877
811 908
1354 1889
841 853
1389 1871
803 949
1896 1417
863 824
1684 1746
672 1194
1828 1614
1093 686
1576 1926
718 1073
1663 1977
1034 727
1808 1794
836 925
1579 2121
774 1028
1762 1916
704 1170
1703 2015
1041 747
1637 2188
730 1146
1757 2139
781 1031
1906 1959
828 984
1560 2391
729 1251
1802 2289
799 1107
728 1282
894 951
924 939
809 1139
1007 878
721 1381
990 919
789 1233
873 1040
843 1117
970 986
889 1088
877 1123
1029 971
801 1375
861 1172
993 1000
831 1277
995 1010
950 1059
856 1235
935 1143
837 1355
1004 1058
1119 969
988 1089
1003 1075
741 1706
891 1276
826 1450
923 1225
1068 1045
1777 711
932 1237
842 1426
1053 1097
1096 1041
976 1223
1028 1173
931 1305
1056 1137
1020 1205
1015 1227
1023 1260
1078 1166
999 1304
968 1365
992 1344
1026 1311
1076 1243
1000 1382
1037 1358
1072 1295
1057 1322
971 1455
1005 1424
1189 1182
928 1518
907 1572
1108 1299
1202 1193
1066 1371
1319 1061
1215 1187
1230 1178
1013 1465
1002 1487
1045 1449
1177 1280
1171 1290
1021 1492
1232 1232
1283 1184
1216 1271
1166 1331
1082 1438
1183 1340
1160 1389
1325 1203
1289 1247
1132 1435
967 1802
1064 1548
1208 1393
1185 1418
912 1985
1142 1478
1117 1512
1024 1732
1205 1443
984 1850
1403 1245
1129 1520
1141 1524
1225 1459
1167 1517
1098 1656
1227 1475
1113 1628
1436 1274
1238 1480
1504 1252
1073 1791
1008 2017
1424 1330
1125 1695
1105 1772
1471 1352
978 2370
1239 1679
1299 1607
1356 1530
1284 1662
1343 1612
1161 2041
1529 1454
1606 1412
1298 1699
1273 1771
1367 1624
1271 1800
1346 1670
1266 1872
1138 2220
1287 1810
1277 1881
1333 1755
1370 1702
1304 1826
1435 1643
1360 1776
1187 2272
1500 1604
1270 2067
1440 1705
1376 1858
1463 1728
1455 1774
1306 2144
1506 1768
1673 1597
1415 1947
1432 1920
1466 1857
1419 1990
1259 2378
1423 1983
1409 2040
1505 1886
1520 1863
1640 1712
1327 2277
1375 2165
1390 2159
1482 1964
1480 2020
1525 1955
1593 1854
1584 1887
1456 2108
1257 2441
1522 1991
1477 2098
1348 2361
1458 2185
1486 2191
1517 2166
1476 2231
1491 2226
1558 2124
1521 2202
1751 1849
1604 2094
1799 1875
1710 2001
1550 2293
1645 2168
1790 1958
1726 2095
1741 2076
1549 2395
1562 2401
1914 1935
1893 2013
1776 2200
1879 2070
1623 2403
1716 2344
1926 1988
1749 2343
1706 2393
1769 2331
1832 2288
1852 2295
1839 2374
1800 2409
1915 2350
1929 2342
1945 2416
1924 2455
1358582240 1788219329
1
sift 723
157 115
0 0
2 2
398 406
40 49
18 17
155 128
48 53
16 18
780 556
53 60
22 24
209 201
60 61
32 37
725 673
82 78
38 42
266 252
80 86
39 43
643 829
87 88
43 48
573 628
94 84
50 52
768 768
97 92
51 55
654 808
95 98
52 62
933 909
98 97
58 57
806 694
104 99
54 63
942 1028
113 91
61 66
1033 899
99 108
74 77
112 107
77 82
1447 1082
121 114
84 80
126 113
89 87
137 133
96 85
138 131
107 79
146 120
100 93
163 126
105 100
167 144
109 96
182 150
106 103
165 175
119 117
176 159
128 132
175 174
114 141
186 188
134 123
166 220
136 125
198 192
130 138
200 197
140 127
203 208
144 121
208 205
131 167
219 210
145 147
217 213
143 152
205 227
159 143
222 219
152 146
228 241
154 145
244 230
153 156
238 240
171 153
247 253
162 180
265 256
174 154
288 288
172 166
343 262
202 149
295 299
180 162
302 294
178 173
298 308
185 164
305 312
196 172
325 307
191 191
313 331
226 157
276 412
207 183
308 352
161 250
327 337
230 176
339 329
195 212
336 340
232 182
338 350
250 177
344 386
252 195
370 364
224 229
331 407
229 218
376 368
227 222
366 382
231 234
400 378
241 231
394 380
293 207
387 393
258 243
405 384
280 224
399 402
267 237
467 327
254 254
417 420
245 269
418 425
269 263
436 417
243 282
437 421
264 268
322 602
270 265
443 451
284 264
476 435
259 285
461 499
314 238
465 497
291 259
501 472
297 258
521 476
249 309
515 506
278 273
508 525
277 286
530 509
294 276
524 514
287 277
518 533
300 289
532 530
307 290
472 610
315 278
502 585
285 321
561 535
299 302
487 619
309 292
551 580
301 317
522 620
321 295
559 599
326 293
594 578
328 303
622 553
324 310
612 565
320 316
564 630
329 315
582 612
347 304
608 598
333 322
620 587
332 336
568 649
341 325
588 638
378 300
618 613
534 244
625 609
427 272
646 603
369 319
632 627
356 330
733 566
346 342
650 661
352 334
706 653
396 306
717 650
364 333
671 691
330 362
689 706
360 348
748 677
385 345
686 746
348 366
778 679
334 388
739 713
354 360
758 726
431 296
666 837
380 353
770 748
377 361
680 824
381 372
802 734
388 369
753 779
350 396
759 777
408 357
756 788
379 411
720 835
412 395
817 758
425 371
793 804
413 404
864 732
415 403
736 865
392 458
938 742
428 415
782 887
463 390
830 871
442 408
914 775
449 405
865 817
411 469
973 795
469 399
880 856
422 439
897 842
420 443
969 864
440 429
857 1056
448 424
929 957
407 500
1032 900
441 438
941 990
477 418
958 978
460 428
746 1405
447 441
1027 945
416 510
832 1215
439 483
983 1014
455 455
858 1208
454 459
853 1273
453 461
1065 1011
438 490
1124 1015
535 410
1246 966
456 471
1190 1092
459 473
1241 1078
497 442
1422 1068
491 447
1234 1214
478 462
1378 1123
499 444
1194 1318
423 529
1579 1038
451 493
1438 1126
496 457
1431 1155
492 467
1258 1349
483 488
1621 1086
481 502
1135 1546
519 464
1285 1491
526 470
1560 1244
545 448
1388 1415
446 539
1248 1587
493 523
1421 1389
503 512
1483 1326
513 528
1386 1465
552 491
1544 1342
566 486
1414 1497
488 548
1282 1619
549 504
1255 1636
580 481
1527 1411
523 531
1519 1486
550 511
1555 1463
554 516
1844 1453
547 524
536 532
607 507
555 550
565 551
597 537
529 597
577 554
516 618
609 549
558 596
590 567
544 629
627 552
615 568
613 577
648 579
735 541
584 671
655 600
669 590
703 571
749 560
652 621
672 607
639 643
645 656
674 626
660 658
685 632
730 608
630 705
726 615
690 644
700 680
769 648
714 684
741 670
683 710
760 663
710 693
742 675
747 672
728 681
820 622
719 699
729 692
723 704
708 720
732 707
788 682
767 709
764 719
781 703
774 730
797 702
751 751
809 700
716 786
805 708
629 924
712 799
784 744
811 728
775 764
785 757
831 725
803 763
821 752
810 778
836 750
829 756
842 749
773 827
862 745
634 1095
718 904
721 905
982 696
752 906
881 766
841 802
1001 735
988 753
869 812
873 823
947 789
877 832
856 847
1351 635
984 790
1283 664
891 840
884 846
889 844
924 828
855 892
950 821
905 859
1031 797
887 894
1048 800
843 946
923 869
971 860
967 880
1007 848
846 999
1066 811
985 872
976 882
907 942
996 884
1015 876
1045 858
1037 867
1004 890
1071 843
890 998
906 991
1035 896
995 920
992 921
1016 911
928 975
1023 915
1158 822
1051 898
1284 773
975 954
1005 944
954 997
1026 941
1108 877
999 972
1003 969
1056 929
1050 939
1123 891
939 1057
912 1096
854 1185
1136 901
1078 936
1063 956
1053 971
966 1069
1207 870
1029 1017
1082 950
1076 958
1116 933
955 1099
1105 951
1068 987
1395 807
1189 907
1057 1020
1014 1074
927 1154
1153 953
1164 943
1186 935
1125 992
1122 1005
1172 962
1187 960
1166 974
1138 1002
1232 931
1381 851
1113 1041
1142 1023
1085 1083
1020 1150
1183 1007
1161 1027
1002 1181
1210 989
1218 984
1195 1010
1119 1077
1336 917
1188 1031
1315 927
1185 1034
1328 922
1024 1194
1139 1071
1067 1135
1249 985
1128 1091
1171 1065
1205 1036
1197 1045
1273 965
1212 1030
1239 1006
1242 1004
1244 1003
1167 1070
1093 1127
1319 949
876 1481
1229 1043
1087 1162
1156 1112
1041 1262
1175 1113
1265 1055
1144 1137
1350 981
1216 1094
1259 1064
1276 1047
1118 1179
1160 1157
1313 1040
1346 1024
1287 1066
1206 1138
1405 993
1903 833
1301 1098
1237 1158
1129 1291
1306 1110
1270 1144
1406 1063
1225 1199
1084 1403
1304 1147
1257 1202
1360 1133
1323 1163
1424 1109
1221 1297
1371 1153
1145 1428
1349 1182
1343 1189
1329 1200
1656 1026
1495 1108
1317 1241
1377 1204
1435 1160
1485 1128
1419 1180
1358 1253
1505 1140
1375 1242
1506 1141
1394 1232
1391 1239
1404 1236
1338 1300
1411 1243
1380 1275
1403 1256
1436 1219
1585 1129
1463 1206
1573 1143
1353 1308
1472 1210
1333 1357
1367 1329
1479 1228
1442 1271
1458 1261
1384 1327
1409 1320
1327 1427
1440 1296
1342 1442
1426 1339
1665 1191
1423 1368
1566 1251
1634 1211
1510 1330
1640 1250
1522 1324
1482 1371
1465 1394
1312 1560
1675 1254
1520 1373
1504 1393
1593 1322
1491 1434
1710 1276
1466 1469
1518 1455
1209 1649
1638 1361
1542 1440
1521 1476
1363 1612
1549 1458
1462 1547
1672 1385
1280 1643
1753 1335
1839 1288
1670 1421
1678 1410
1623 1464
1584 1489
1538 1529
1476 1571
1741 1377
1778 1382
1478 1589
1572 1540
1577 1535
1849 1321
1562 1543
1706 1456
1688 1467
1605 1524
1847 1347
1696 1472
1615 1525
1716 1459
1728 1454
1930 1266
1862 1374
1856 1379
1673 1514
1865 1375
1813 1431
1586 1580
1739 1480
1883 1392
1742 1499
1937 1316
1768 1530
1832 1504
1824 1509
1911 1443
1713 1576
1914 1447
1694 1604
1580 1640
1915 1479
1664 1631
1863 1582
1792 1616
1889 1573
1929 1518
1918 1596
1924 1600
1358582240 1799436415
1
sift 112
99 54
111 64
98 60
80 94
121 87
130 88
139 148
132 96
228 130
172 174
165 172
198 185
203 157
245 216
219 202
421 249
248 198
333 317
257 209
354 346
273 233
321 370
302 319
482 288
371 300
634 258
363 307
438 350
339 328
419 417
336 335
461 373
376 336
415 504
417 338
379 622
518 326
773 349
443 461
512 508
465 471
498 559
464 505
550 569
522 456
590 555
532 491
599 558
658 403
585 604
622 562
577 667
689 532
815 671
678 626
792 763
717 596
862 690
778 619
723 946
857 583
775 894
759 729
812 858
864 639
751 1004
969 617
1056 733
1135 676
889 849
1032 764
767 1077
852 994
1023 800
1065 900
1058 783
858 1010
873 955
904 1092
1078 820
813 1298
996 973
1012 1133
1003 966
886 1430
1073 934
1621 824
993 1082
1019 1319
1227 880
1234 1256
1141 1013
1246 1348
1128 1036
1258 1383
1171 1086
1147 1545
1167 1192
1519 1382
1404 1051
1811 1196
1067 1449
1906 1597
1142 1375
1132 1399
1317 1220
1287 1310
1542 1121
1463 1443
1558 1366
1670 1292
1692 1451
1358582240 2014127030
1
sift 90
125 134
48 62
18 11
169 180
139 178
51 45
179 231
88 98
136 84
263 257
157 565
95 104
209 271
97 106
259 113
234 437
302 320
80 123
236 362
137 110
598 138
338 285
165 184
725 671
219 225
381 204
339 370
273 333
933 770
374 292
307 287
358 433
281 361
942 799
366 354
360 277
782 582
333 336
960 1092
313 390
341 448
717 666
387 357
1203 1370
325 451
721 365
417 415
667 293
639 523
401 472
437 470
550 720
443 575
473 592
528 826
532 618
678 669
829 606
863 620
864 682
924 605
526 1412
770 896
781 798
1029 710
1247 649
995 740
775 1019
1032 857
1096 733
751 1117
904 1185
1119 814
1186 784
1134 1359
1216 832
927 1097
1234 1297
1225 860
996 1181
1621 1082
1391 956
1118 1188
1145 1174
1123 1238
1489 982
1751 993
1609 1096
1829 1057
1940 1002
1358582240 2045004962
1
sift 308
157 192
53 41
14 16
1328 1108
48 46
16 20
942 939
99 44
22 24
121 92
61 56
1613 870
82 66
89 75
126 113
95 76
137 120
131 77
165 167
130 231
186 178
161 154
216 173
172 194
175 198
210 187
203 184
198 208
228 175
174 241
222 224
201 209
219 247
241 183
257 261
185 263
244 276
196 254
273 281
227 260
265 288
270 253
338 269
287 310
313 313
267 407
339 315
284 384
336 336
300 362
327 346
334 344
302 378
307 395
363 322
371 331
366 326
333 364
387 319
321 417
414 329
354 425
325 408
314 470
394 359
403 401
401 357
376 432
374 392
271 643
373 400
377 446
417 406
482 369
386 471
326 517
437 430
379 489
533 375
413 468
418 514
415 473
443 477
440 451
465 463
547 393
464 559
483 443
461 561
420 529
532 524
438 505
522 530
458 487
559 558
555 434
524 593
460 504
508 625
496 496
658 491
442 543
494 673
498 511
622 537
385 783
594 633
459 579
686 536
512 568
626 602
560 560
717 571
516 613
689 627
449 779
748 610
505 709
782 592
523 693
680 703
550 667
759 650
631 583
746 655
544 705
864 696
497 925
733 739
644 670
804 876
639 721
770 832
878 542
969 797
545 905
857 893
642 746
847 918
719 672
880 896
732 694
852 964
703 741
1065 809
718 777
1011 849
708 803
900 906
819 770
1032 879
803 793
858 1011
704 883
904 1315
767 857
1133 1005
745 919
1246 987
885 784
1234 1058
838 827
897 1591
781 902
1496 953
742 976
1519 950
836 858
1019 1415
971 801
1386 1035
809 979
1110 1535
1119 727
1258 1320
730 1179
1250 1349
1004 837
1460 1241
729 1214
1388 1216
970 856
1354 1746
862 948
1483 1255
924 885
1624 1700
707 1292
1733 1146
834 1010
1844 1717
873 957
1807 1187
974 899
1684 1873
773 1242
1750 1925
1031 917
741 1449
831 1193
889 1071
1132 863
957 1008
972 998
1068 921
1023 985
1000 1027
996 1051
789 1476
1010 1044
932 1147
1013 1069
993 1090
999 1098
1057 1038
1079 1028
1158 983
1139 1001
1056 1100
1003 1201
935 1288
1424 877
1183 1047
1202 1037
1076 1172
1050 1222
1153 1122
1189 1083
1207 1073
1137 1180
842 1764
1227 1103
1197 1152
1066 1301
1026 1390
1436 984
1208 1184
881 1757
1073 1351
1185 1252
1067 1408
1141 1328
1353 1112
1005 1596
1238 1237
1167 1334
1021 1620
1045 1584
1205 1317
1375 1194
1102 1613
1366 1278
1824 1025
1546 1183
1299 1384
1440 1249
1393 1289
1346 1380
1349 1379
1357 1369
1799 1123
1273 1597
1350 1482
1525 1340
1580 1300
1522 1345
1196 1864
1323 1656
1553 1372
1432 1506
1694 1290
1465 1497
1343 1681
1400 1618
1462 1533
1670 1353
1634 1382
1558 1503
1277 1872
1673 1423
1521 1605
1370 1808
1800 1377
1853 1339
1542 1647
1746 1468
1507 1711
1692 1543
1564 1674
1616 1624
1384 1901
1520 1787
1842 1514
1726 1678
1706 1707
1705 1726
1914 1574
1840 1689
1796 1741
1801 1753
1664 1894
1879 1730
1782 1863
1730 1897
1862 1798
1915 1792
1926 1877
1927 1931
1358582240 2130703568
1
sift 181
48 52
16 13
1721 1811
338 225
22 25
95 87
61 50
339 310
55 60
122 118
56 61
394 338
54 94
165 170
172 195
327 397
203 180
175 215
183 220
533 334
219 251
257 237
245 314
494 543
273 266
313 337
282 400
782 516
371 299
387 301
267 473
717 581
363 324
366 321
334 371
759 871
336 340
374 413
284 519
927 1397
373 421
417 417
354 475
1012 1345
376 463
473 402
547 348
1255 1764
437 446
443 523
377 560
440 470
465 502
413 559
415 555
461 623
468 544
438 661
572 546
496 644
532 585
524 627
458 776
618 588
770 834
567 818
631 738
864 730
639 741
550 968
746 903
757 739
669 954
857 949
719 882
829 803
858 967
684 1013
1119 620
1065 839
767 1041
774 1052
938 919
863 906
714 1254
900 969
836 970
924 907
1247 772
751 1280
781 1219
853 1192
834 1090
971 915
733 1622
809 1215
838 1147
1133 1001
1004 946
995 989
1135 1218
988 1006
905 1130
1388 1188
862 1253
1056 981
1621 1204
1023 1030
799 1464
1258 1517
815 1409
843 1318
1733 1208
957 1171
1013 1195
1684 2016
1029 1226
861 1457
1142 1145
877 1532
1096 1209
1078 1249
1186 1154
789 1997
996 1430
1278 1101
1216 1193
993 1488
1066 1399
1319 1135
1031 1481
1010 1533
1215 1279
999 1641
1167 1398
1064 1770
1303 1367
1171 1573
1225 1479
1336 1387
1404 1413
1317 1563
1298 1614
1694 1314
1392 1565
1525 1445
1219 1919
1331 1695
1440 1566
1272 1881
1428 1631
1435 1685
1682 1435
1375 1803
1333 1908
1318 1959
1522 1676
1688 1502
1521 1769
1480 1807
1517 1773
1745 1594
1343 2017
1482 1914
1566 1873
1462 1980
1670 1780
1595 1875
1664 1805
1489 1983
1542 1961
1429 2021
1853 1677
1751 1796
1768 1957
1825 1956
1914 1839
1801 1979
1929 1884
1777 2030
1926 1971
1358582240 2146998783
1
sift 247
125 133
48 72
16 13
158 103
880 743
22 19
169 164
95 93
29 21
179 187
1011 1134
33 35
234 247
165 174
39 62
263 269
55 51
236 342
175 178
61 58
506 462
89 90
209 485
203 204
105 123
1625 1427
136 111
933 937
238 224
140 131
168 110
1203 1233
273 301
259 89
145 148
406 259
153 177
183 215
313 321
161 261
251 229
339 316
227 271
360 189
302 393
270 235
245 273
363 331
258 289
391 213
336 352
269 286
278 294
370 333
271 314
267 330
387 349
300 299
381 249
394 355
287 358
284 432
401 346
380 322
347 354
366 375
333 366
342 364
374 382
334 387
326 413
358 446
377 440
354 460
417 435
352 465
460 363
437 456
415 453
440 428
465 484
413 476
463 408
443 502
547 376
485 444
464 630
536 447
419 648
524 548
442 601
449 604
532 578
458 608
607 503
622 531
496 640
658 516
686 610
981 474
526 877
717 615
631 686
639 703
782 616
752 607
734 627
604 875
669 702
757 649
650 912
764 653
718 713
746 989
721 710
769 697
929 827
528 1315
829 674
900 902
803 751
742 820
1065 834
834 729
767 845
853 1075
809 786
766 880
857 1072
781 858
863 767
858 1112
887 771
821 874
1234 941
924 752
836 854
1246 952
970 733
905 769
1032 1400
801 950
869 851
1388 1039
1119 709
971 803
1248 1210
709 1214
704 1223
1258 1370
1004 812
1068 819
1135 1581
1066 823
995 910
1733 1055
862 1061
1031 915
1621 1165
789 1285
1116 855
1807 1127
1023 943
1029 942
879 1088
828 1212
877 1109
1013 991
1142 886
1056 981
854 1238
974 1067
1002 1044
993 1077
1078 1011
1186 933
1096 1004
1057 1036
937 1186
1149 993
1067 1096
955 1277
999 1220
996 1275
950 1371
1216 1025
1061 1222
1424 923
1266 1035
935 1485
1466 919
1021 1379
1117 1207
1167 1180
1118 1271
1064 1399
1232 1169
1225 1201
1319 1106
1185 1343
1227 1287
1695 971
1168 1392
1218 1334
1145 1459
1391 1174
1522 1099
1673 1032
1304 1297
1238 1418
1440 1191
1333 1307
1586 1105
1237 1455
1482 1205
1518 1194
1317 1405
1380 1355
1688 1110
1655 1142
1743 1103
1506 1302
1343 1486
1800 1167
1713 1224
1320 1585
1375 1536
1609 1318
1783 1199
1685 1286
1746 1243
1696 1298
1584 1408
1432 1558
1580 1444
1675 1397
1435 1600
1521 1542
1747 1403
1634 1500
1751 1442
1719 1483
1818 1439
1692 1547
1706 1543
1853 1430
1914 1592
