136395905 304795499
1
sift 656
28 18
32 26
5 2
131 181
92 85
7 10
162 165
127 121
21 22
242 228
133 130
30 20
265 277
294 222
34 28
321 321
141 143
45 39
292 348
318 263
39 45
343 373
149 156
53 35
311 379
324 309
57 48
428 429
158 161
60 57
456 466
342 294
56 67
620 399
179 167
72 58
663 826
408 342
75 63
746 813
199 188
78 66
769 950
354 432
83 69
854 933
213 196
88 71
1192 861
432 366
102 79
1102 941
216 210
84 109
1380 1286
416 543
101 89
1132 1656
240 240
107 81
475 522
105 106
253 241
114 96
581 501
113 108
256 244
111 111
709 652
109 115
272 259
118 118
751 787
126 116
305 264
115 133
759 807
129 124
301 280
138 113
914 935
124 126
297 287
123 137
938 922
132 135
315 320
135 150
912 1049
143 142
369 339
145 139
1078 918
136 155
359 491
160 144
989 1163
170 157
448 431
161 162
1071 1284
184 158
447 444
167 164
1081 1397
157 169
503 461
139 195
1327 1195
219 147
536 599
151 184
1370 1243
169 172
564 620
185 190
1296 1291
194 174
618 635
204 171
1229 1417
208 180
818 902
232 168
1774 1155
207 198
957 892
200 214
1513 1390
205 208
882 1034
215 202
1493 1588
221 211
1007 1032
227 215
1709 1443
255 187
1185 1228
236 217
1560 1703
238 243
1281 1324
247 234
1767 1587
226 285
1511 1763
264 227
267 232
317 216
270 236
250 260
295 224
254 284
244 338
261 281
281 261
278 274
280 278
266 313
299 265
289 273
313 255
332 250
307 268
291 283
290 291
308 282
302 301
251 386
312 308
326 296
304 328
293 331
335 289
330 312
367 276
355 303
248 484
333 329
285 401
334 355
338 349
347 343
423 279
344 364
310 415
345 375
349 361
371 351
365 376
357 406
385 374
362 404
420 353
487 304
384 402
341 483
414 384
464 352
394 420
452 383
368 472
429 411
434 409
383 458
431 424
442 419
458 407
424 442
450 438
370 539
419 475
454 449
504 392
440 462
402 513
496 426
441 497
485 445
471 459
469 493
473 489
479 494
494 476
507 463
492 506
409 710
449 640
513 515
512 524
509 535
586 474
563 499
466 676
580 502
548 529
547 558
579 537
608 511
529 586
617 512
543 575
546 576
539 585
640 508
574 573
559 587
594 560
535 617
521 653
544 631
613 563
555 637
528 687
587 606
616 574
570 641
600 596
584 639
603 624
576 672
615 638
598 658
611 648
634 645
601 678
553 761
621 680
629 669
605 702
622 686
775 532
558 768
645 660
597 726
702 625
736 588
643 692
729 601
630 716
657 674
583 775
742 604
636 724
699 662
673 700
660 712
639 747
667 715
686 697
650 733
680 723
681 725
638 779
635 786
676 734
647 776
806 623
655 778
748 695
642 803
798 634
753 689
737 704
703 741
694 749
610 839
766 690
693 767
712 752
808 659
690 773
784 691
755 732
711 780
981 582
794 705
714 788
796 750
652 912
732 831
689 873
723 837
1163 572
754 819
852 745
776 802
762 820
788 793
698 925
735 879
739 880
734 896
856 792
868 801
911 770
847 810
1019 729
779 859
909 785
757 926
773 900
637 1199
830 855
701 1050
921 806
826 867
853 842
785 916
838 878
874 850
837 887
855 865
1084 755
967 816
720 1080
924 829
718 1087
848 889
772 993
790 954
815 943
859 891
860 898
1126 763
851 910
940 838
922 857
683 1231
959 849
862 929
918 876
936 864
844 972
925 885
904 906
864 957
903 911
871 956
987 862
935 901
966 890
1047 840
1316 746
888 952
1029 869
811 1097
990 919
1053 872
894 1011
994 938
916 1006
1049 897
1057 893
1002 946
850 1125
932 1026
928 1035
969 1017
937 1036
980 1013
1038 958
875 1137
985 1019
950 1046
974 1033
927 1073
978 1039
1020 1001
839 1208
956 1057
1009 1021
929 1102
988 1051
943 1094
880 1184
1089 963
1014 1041
841 1249
1091 964
1079 978
979 1081
975 1090
971 1091
896 1167
955 1117
814 1331
1037 1059
992 1121
996 1114
930 1177
1270 894
1012 1110
1120 996
1161 961
1158 973
1136 998
1055 1070
1011 1147
1072 1058
1044 1120
968 1214
1364 895
1261 942
954 1238
1107 1067
1196 1005
1040 1169
1166 1030
1065 1146
1104 1116
1056 1182
1026 1215
1060 1180
1396 953
1274 1023
1066 1205
1058 1222
1169 1115
1042 1274
1004 1314
1051 1268
1117 1186
1070 1236
1356 1025
982 1393
1413 1009
1024 1333
1127 1209
1152 1183
1028 1347
926 1523
1205 1154
1087 1272
1245 1127
1207 1160
1177 1194
1118 1260
1317 1112
1175 1210
1133 1281
1157 1253
1354 1129
1188 1240
1110 1328
1171 1266
1179 1258
1125 1326
1283 1192
1130 1319
1174 1283
1224 1251
1170 1303
1221 1275
1184 1304
1141 1357
1330 1201
1154 1348
1263 1279
1230 1312
1357 1226
1164 1394
1211 1342
1131 1463
1085 1564
1410 1220
1099 1557
1285 1309
1160 1432
1333 1280
1235 1379
1439 1221
1225 1389
1223 1420
1320 1336
1213 1447
1598 1165
1114 1627
1428 1282
1236 1437
1313 1373
1241 1446
1278 1412
1200 1525
1342 1358
1240 1485
1344 1367
1173 1581
1366 1360
1393 1349
1414 1338
1286 1452
1399 1352
1294 1456
1325 1415
1251 1512
1319 1426
1265 1506
1467 1323
1328 1431
1258 1538
1440 1369
1272 1534
1385 1416
1256 1575
1346 1471
1425 1404
1351 1503
1418 1429
1291 1584
1361 1514
1689 1233
1422 1460
1521 1366
1445 1450
1290 1632
1442 1467
1469 1448
1363 1552
1473 1458
1518 1403
1431 1521
1384 1572
1359 1592
1232 1746
1322 1649
1631 1332
1459 1519
1447 1527
1279 1707
1358 1626
1307 1681
1302 1687
1369 1628
1593 1395
1645 1344
1257 1752
1233 1788
1400 1609
1412 1602
1582 1419
1408 1645
1674 1380
1568 1498
1555 1517
1398 1699
1786 1301
1514 1583
1433 1679
1499 1612
1309 1802
1682 1411
1528 1586
1594 1522
1470 1664
1254 1840
1713 1421
1462 1720
1519 1648
1562 1605
1573 1594
1388 1800
1626 1535
1663 1513
1556 1643
1583 1625
1639 1566
1506 1718
1550 1670
1790 1402
1608 1616
1277 1849
1753 1502
1580 1686
1602 1662
1539 1738
1585 1695
1586 1697
1653 1630
1509 1781
1644 1652
1614 1708
1466 1838
1678 1666
1791 1532
1726 1640
1526 1818
1522 1820
1463 1843
1723 1680
1624 1782
1634 1774
1693 1726
1707 1714
1754 1660
1792 1613
1579 1832
1796 1617
1698 1740
1800 1610
1541 1842
1667 1793
1525 1845
1741 1748
1637 1827
1721 1778
1801 1663
1758 1777
1778 1754
1700 1822
1784 1766
1730 1823
1686 1847
1742 1841
1772 1846
136395905 411685623
1
sift 102
428 334
520 587
45 84
149 152
98 69
292 479
1709 625
101 82
179 191
96 92
161 165
158 225
193 317
213 253
236 249
230 297
289 320
297 325
262 372
301 345
312 341
434 422
281 382
287 446
612 361
385 407
431 429
587 413
647 406
479 509
391 799
513 544
536 655
681 463
708 535
661 699
584 640
636 676
546 839
594 743
657 760
964 610
1032 631
639 978
723 955
714 874
775 854
773 1053
1213 641
1009 737
757 1247
785 958
1127 750
906 1137
734 1126
1044 815
963 1105
1235 746
695 1310
996 1179
1050 842
926 947
1118 1238
839 1088
879 1043
1007 1497
861 1068
1002 1017
1482 1383
1162 872
840 1302
1573 1792
1055 1035
802 1408
1070 1034
956 1197
1313 890
1140 1061
1440 885
907 1551
1014 1413
1224 1163
1466 1133
1066 1646
1693 1070
1613 1176
1283 1558
1408 1444
1614 1250
1371 1573
1603 1388
1772 1309
1604 1606
1586 1701
1447 1832
1564 1754
1639 1715
1676 1680
1667 1724
1727 1708
1763 1764
1819 1833
136395905 476880634
1
sift 84
32 64
30 36
128 146
34 47
571 500
45 62
141 170
96 96
709 538
107 94
158 181
109 104
751 797
142 250
221 185
255 192
915 782
199 232
236 220
200 312
1071 1093
216 251
213 279
261 266
1557 1028
256 280
272 314
250 298
1457 1585
270 310
281 327
313 300
300 344
369 307
1143 191
305 369
315 375
367 336
347 357
312 385
267 467
385 383
382 421
507 359
434 414
448 435
496 398
431 457
447 478
530 429
392 547
512 506
549 522
513 528
547 544
613 583
536 590
543 599
699 589
618 639
657 629
826 678
786 648
676 956
954 754
818 867
904 825
1106 711
1032 771
774 1109
686 1132
996 889
1007 1045
1179 890
1267 1025
1185 1124
1316 1058
1655 923
1281 1397
1496 1144
1797 1067
1435 1428
1564 1436
1810 1722
136395905 517252654
1
sift 74
428 300
389 337
34 26
43 102
145 100
404 448
132 129
141 121
161 115
571 393
113 254
158 190
144 665
1123 1205
179 211
213 198
270 240
216 271
240 253
291 231
272 275
281 274
313 244
286 282
276 304
293 292
382 425
469 358
496 359
589 360
590 423
563 378
492 513
513 569
579 509
543 605
546 629
780 534
687 521
618 633
587 846
676 636
657 651
888 566
826 609
847 722
1048 536
698 814
905 710
681 896
1032 654
1185 1051
924 753
1646 550
1585 1140
1126 708
1037 786
970 841
798 1082
1196 754
1205 795
937 1078
1175 1049
1179 1058
1523 947
1477 1024
1385 1097
1209 1264
1207 1277
1313 1325
1586 1214
1686 1207
1582 1315
1639 1307
136395905 528510916
1
sift 93
389 436
36 31
141 159
45 66
318 599
98 78
179 184
96 89
571 617
100 96
199 242
107 95
418 1082
109 100
216 270
145 149
709 590
158 188
256 278
221 175
751 710
236 228
253 342
200 301
914 772
255 241
286 321
240 300
1071 1003
261 283
272 337
250 322
1229 1306
289 294
300 369
299 314
1513 1139
313 308
305 374
281 352
369 325
315 388
336 363
312 395
448 478
367 358
347 377
447 516
361 434
385 413
536 627
434 426
431 467
564 655
479 480
513 545
655 569
512 550
660 502
818 909
547 560
543 608
957 786
613 600
955 507
1007 1053
699 607
704 637
1185 1148
657 689
786 691
1281 1295
773 725
964 656
1435 1452
826 751
888 707
757 861
676 992
904 849
954 892
937 916
996 1018
1713 750
962 1105
1371 887
987 1159
1205 999
1263 1036
1461 1083
1184 1282
1655 1019
1564 1391
136395905 579717169
1
sift 121
38 66
387 426
20 22
131 167
45 61
42 71
202 254
522 495
72 58
242 288
107 103
56 74
265 335
709 708
78 80
321 338
109 119
105 96
343 387
705 822
124 126
746 651
141 156
118 150
1102 765
1139 1180
145 133
744 801
158 188
295 245
769 1679
179 220
1380 1187
221 196
308 312
216 229
236 223
507 290
213 263
240 252
450 334
272 286
307 275
608 431
281 291
300 311
548 463
981 211
306 371
529 484
361 342
347 365
409 733
385 360
414 429
599 472
447 425
512 467
603 500
513 593
536 582
631 523
762 496
543 694
702 553
618 647
657 618
699 626
719 637
980 602
888 571
826 633
906 787
1004 635
1157 572
818 873
1225 562
903 719
1007 1091
1040 735
880 824
1185 1080
948 884
778 1088
962 1402
866 985
1514 692
1435 1217
1286 775
1190 806
1482 1875
1258 781
1038 893
1340 797
1104 898
1603 740
1188 897
1634 821
1388 957
990 1307
1648 875
1315 1039
1322 1051
1521 967
1412 1028
1730 888
1522 1057
1530 1158
1179 1554
1801 1062
1676 1177
1784 1263
1569 1499
1705 1516
1722 1611
1803 1493
1687 1735
1564 1891
1660 1781
1754 1711
1789 1973
136395905 868876902
1
sift 84
26 31
709 500
60 76
38 44
110 65
202 285
477 881
107 129
271 438
179 131
311 194
143 177
1380 1502
167 206
292 221
216 163
204 317
243 326
298 229
270 243
265 316
300 250
319 259
770 645
312 271
315 310
854 760
334 307
262 379
272 372
385 325
382 378
353 430
503 341
431 391
479 361
412 590
391 644
536 498
683 509
657 526
702 567
723 568
1083 472
630 659
1042 551
714 677
655 763
775 652
780 654
693 758
717 733
734 739
1141 583
853 675
1118 668
861 803
1313 641
996 762
1047 745
967 812
840 945
1801 684
1283 878
956 1117
1368 891
1194 1018
1058 1141
1279 988
1171 1065
1247 1042
1196 1096
1120 1171
1639 938
1496 1002
887 1809
1502 1143
1351 1244
1644 1197
1576 1242
1469 1354
1371 1491
1701 1305
1728 1552
136395905 936120456
1
sift 83
131 182
709 559
30 45
1380 1312
45 70
34 37
1181 1530
1419 1165
96 121
107 102
145 155
109 123
141 169
142 299
179 215
221 193
307 243
199 236
216 239
270 280
236 226
213 265
250 295
240 261
253 283
313 272
200 452
272 296
267 388
281 305
300 332
1097 253
298 344
305 377
525 335
306 387
347 354
434 419
361 385
385 371
443 438
414 421
448 408
826 654
447 439
431 489
888 615
512 484
513 562
1157 640
547 566
536 590
1625 555
543 621
655 583
1066 750
618 650
657 668
937 864
786 602
980 663
1019 852
676 1001
818 880
1171 807
757 991
773 966
1032 982
904 861
1007 1068
1179 914
954 1151
909 1371
1322 908
962 1256
1185 1090
1456 940
1435 1283
1281 1589
1477 1558
1530 1569
1813 1849
1573 1910
136395905 1029832138
1
sift 132
28 21
53 50
202 186
107 112
42 64
242 212
72 52
265 263
158 175
56 80
321 270
78 65
620 334
240 220
105 70
292 333
126 99
746 568
306 349
113 114
1102 670
132 117
1181 897
385 330
118 134
1380 931
124 145
1335 1315
536 550
143 146
1572 1492
167 151
618 608
185 152
215 165
657 587
326 231
317 245
543 784
291 271
304 284
996 909
334 278
422 261
463 274
450 329
473 354
383 489
530 366
548 375
608 388
370 715
689 383
529 452
607 415
647 422
702 418
707 436
409 818
732 449
630 533
837 473
762 575
871 517
573 795
788 579
850 558
1003 519
872 619
992 583
979 642
972 645
1050 615
652 956
1098 644
1038 685
1004 705
1174 634
1079 679
1224 637
1067 708
1225 653
1209 668
1286 711
1087 794
1165 789
1340 756
1157 807
941 1019
1236 797
1724 703
1201 869
1104 967
1190 907
1210 927
943 1209
1519 800
1213 955
1051 1118
1258 972
1524 843
1449 889
1270 1007
1322 1015
1350 1009
1628 854
1595 873
1521 923
1412 1055
1700 900
1603 997
1315 1180
1554 1037
1579 1039
1526 1087
1649 1023
1693 1045
1730 1046
1698 1078
1801 1005
1522 1226
1705 1112
1677 1149
1634 1203
1804 1082
1358 1476
1646 1274
1722 1260
1784 1273
1687 1439
1731 1420
1755 1461
136395905 1186326363
1
sift 103
311 319
113 119
1192 569
221 210
126 104
854 509
132 112
240 287
143 118
1132 498
167 124
281 267
207 168
140 227
272 299
215 327
361 364
536 639
383 453
419 416
619 606
370 585
413 507
657 663
732 351
587 439
1435 1544
529 474
630 485
838 432
689 481
598 581
422 1160
871 456
611 622
647 618
870 518
992 479
850 542
900 578
851 627
1073 514
830 680
877 659
826 696
1292 506
698 981
683 1004
855 768
864 793
988 728
837 993
971 825
1050 775
1136 761
1176 734
1286 699
1174 760
1356 705
1040 921
1217 781
1224 798
930 1111
1562 721
1201 905
1157 955
1408 818
1091 1099
1628 777
1236 1044
1545 857
1519 908
1119 1258
1251 1143
1213 1191
1685 1005
1131 1448
1258 1290
1724 1031
1487 1183
1350 1296
1322 1327
1649 1150
1524 1233
1783 1079
1595 1201
1646 1174
1818 1028
1734 1170
1506 1430
1693 1245
1630 1314
1784 1192
1698 1264
1466 1564
1801 1197
1677 1435
1501 1646
1503 1672
1768 1478
1780 1494
1803 1539
1731 1664
136395905 1203176847
1
sift 59
265 384
60 55
179 146
143 154
1181 1753
167 194
216 183
236 195
1380 1542
298 245
312 256
289 349
1335 1881
306 345
657 611
334 355
479 424
474 473
606 395
569 452
463 631
532 718
630 625
702 615
1047 532
714 705
1032 592
785 759
775 827
780 893
846 826
1070 720
985 774
832 919
1040 788
1313 792
1023 989
916 1265
1014 1297
831 1745
1724 906
1613 999
1120 1346
982 1751
1104 1463
1171 1348
1283 1281
1517 1151
1384 1268
1279 1390
1488 1234
1385 1545
1639 1299
1442 1517
1763 1233
1564 1758
1694 1672
1667 1774
1745 1848
136395905 1228518096
1
sift 187
32 41
34 51
45 49
98 46
519 526
96 61
100 81
160 164
688 532
109 90
107 103
147 188
726 541
149 142
179 173
161 187
709 600
141 208
158 194
194 172
1123 679
193 219
213 220
203 344
236 225
216 274
270 248
313 277
297 299
289 304
281 328
301 307
325 379
272 354
280 348
718 252
312 316
315 329
372 451
319 332
385 380
434 403
382 394
431 397
612 390
310 571
479 476
458 521
513 477
512 520
587 442
391 709
447 691
616 463
559 508
543 587
584 620
536 637
546 736
748 549
681 595
657 707
708 590
636 656
723 967
755 568
594 751
853 861
1047 537
586 851
773 993
699 728
667 761
906 973
600 889
1024 591
826 1100
642 908
766 782
839 1134
639 1002
714 942
847 1177
1032 724
775 947
1055 1000
693 1112
1009 828
950 1107
857 906
695 1281
996 1080
717 1242
880 961
963 1115
923 919
1044 857
1007 1215
1050 874
999 972
1118 1238
926 1054
979 1024
1368 1116
840 1200
846 1220
1592 1203
1002 1047
1149 911
1185 1634
1070 1011
1207 904
1320 1501
814 1355
1161 927
1479 1455
1127 980
1004 1119
1482 1931
1012 1133
1177 966
1813 1750
1235 936
1205 955
1028 1157
956 1250
1014 1252
916 1384
1313 1004
1145 1126
1258 1046
1225 1102
907 1535
1366 1062
992 1441
919 1576
927 1618
940 1650
1521 1072
1488 1098
1456 1140
1283 1269
1187 1344
1224 1320
1549 1127
1459 1230
1607 1125
1026 1753
1072 1613
982 1887
1693 1104
1066 1698
1058 1763
1377 1340
1068 1748
1700 1137
1005 1943
1546 1266
1580 1253
1363 1458
1125 1847
1322 1542
1364 1539
1721 1282
1442 1485
1340 1601
1222 1777
1614 1361
1477 1511
1171 1919
1617 1423
1265 1874
1371 1768
1385 1780
1586 1533
1711 1503
1447 1849
1724 1525
1490 1838
1518 1833
1579 1823
1639 1756
1650 1772
1648 1848
1635 1960
1668 1955
1800 1795
136395905 1240301939
1
sift 131
28 30
389 363
36 32
456 470
158 195
34 36
131 145
404 596
98 51
179 188
88 73
242 228
939 801
184 81
157 216
132 127
265 244
715 1070
145 116
213 194
170 120
271 258
1123 930
115 231
236 205
270 259
321 287
1767 1209
221 230
235 223
313 246
854 846
199 276
216 284
293 269
1181 1081
240 292
253 280
291 449
1380 1094
272 321
281 342
371 406
300 403
315 436
434 369
347 434
361 421
463 408
414 377
385 417
440 457
458 472
448 500
1047 294
447 533
513 532
589 465
543 545
492 662
615 600
546 622
590 603
642 585
699 569
536 695
560 661
1032 455
657 684
612 654
693 642
676 696
601 778
813 648
847 675
763 681
779 678
826 732
974 634
942 645
906 744
983 637
708 865
723 1175
830 766
754 866
996 1000
888 819
1038 768
1007 1090
922 872
1247 707
1185 1193
979 911
1205 791
899 970
1014 920
1166 822
1196 831
1158 864
1037 981
1179 897
1044 1008
1242 890
1384 847
1317 874
1313 909
1489 878
1152 1012
1057 1164
955 1272
1062 1208
1028 1246
1070 1195
1137 1159
1235 1086
1607 919
1521 963
1207 1137
1447 1016
1283 1118
1265 1126
1099 1271
1259 1190
1400 1123
1363 1144
1658 1135
1523 1225
1550 1237
1667 1168
1777 1148
136395905 1358582240
1
sift 86
45 48
107 122
98 54
149 139
179 165
147 211
158 203
236 219
194 173
221 257
272 368
434 354
312 313
280 371
459 395
297 340
281 387
458 413
315 336
301 363
612 415
276 414
369 302
574 500
319 394
361 373
584 567
414 376
385 417
708 610
431 437
479 465
594 765
513 443
529 476
1032 550
447 782
590 857
699 805
714 803
657 864
650 971
810 872
723 1065
1044 767
785 1004
1008 852
1326 728
1205 775
950 900
1313 751
1028 873
1070 858
1149 815
926 970
906 1032
952 972
1177 835
847 1135
1184 861
1002 1023
1613 813
937 1073
1014 1058
963 1234
1369 867
1607 877
1118 1388
1145 1129
1466 1067
1482 1483
992 1525
1456 1108
1140 1331
1614 1064
1582 1167
1066 1671
1283 1440
1224 1640
1604 1346
1408 1539
1447 1542
1724 1507
1469 1840
1640 1670
1819 1465
136395905 1430327691
1
sift 189
387 178
45 41
826 778
109 97
184 94
149 112
158 135
223 139
179 133
194 137
147 264
204 189
236 160
270 205
240 191
216 231
290 217
256 250
281 265
262 317
272 275
297 256
367 242
301 260
280 283
362 247
312 262
315 266
381 308
319 271
287 337
372 386
369 281
385 307
450 342
382 311
414 312
437 357
310 448
434 325
563 295
431 333
479 416
357 490
458 467
513 414
391 605
447 545
511 485
616 443
543 489
547 495
612 500
536 547
661 513
509 634
546 602
657 606
587 608
1047 494
723 862
438 1184
673 643
906 759
685 671
708 664
847 867
586 798
755 653
774 975
775 639
642 777
996 865
664 790
1024 593
1007 982
766 734
699 907
963 1135
1032 640
851 773
1313 899
714 949
945 749
1368 978
639 1168
693 1045
1118 1285
922 784
894 813
1185 1263
883 919
779 1036
1479 1208
785 1058
716 1329
1042 1615
1050 901
926 986
1813 1621
784 1196
1009 961
861 1086
838 1145
918 1025
1410 767
1205 894
1028 1040
959 1132
973 1122
1224 973
956 1258
1161 1015
1179 1031
1002 1260
940 1342
1235 1018
1127 1134
1037 1295
1014 1321
979 1382
892 1467
1089 1237
1184 1172
1307 1076
1158 1227
1521 1000
927 1540
1072 1393
1383 1139
916 1652
1645 1008
1366 1207
976 1669
1326 1282
937 1791
1689 1039
1005 1673
1255 1370
1607 1123
1251 1396
1456 1299
1145 1520
1066 1677
1620 1192
1225 1478
992 1955
1196 1504
1040 1882
1221 1513
1700 1224
1363 1470
1166 1753
1286 1597
1174 1779
1549 1423
1376 1537
1546 1442
1283 1705
1412 1590
1580 1479
1371 1685
1361 1723
1582 1517
1171 2098
1342 1816
1614 1548
1604 1670
1445 1929
1339 2209
1453 2117
1635 1808
1693 1727
1650 1801
1322 2338
1711 1783
1724 1769
1719 1786
1317 2427
1757 1807
1586 2123
1602 2219
1631 2170
1606 2304
1748 2191
1796 2179
1777 2256
1798 2272
1763 2404
136395905 1643728630
1
sift 84
108 85
18 19
164 158
45 38
581 409
67 55
541 461
109 76
141 110
591 490
145 120
158 131
221 136
256 199
272 205
281 206
301 238
280 260
315 263
313 292
369 289
361 299
319 331
448 279
447 324
385 364
431 334
492 351
546 399
536 405
677 397
657 443
643 451
543 586
1075 401
888 433
723 533
980 487
686 602
937 516
647 657
818 587
826 588
698 667
752 650
754 677
847 631
748 727
1007 616
1037 674
645 998
870 811
996 767
1185 711
935 840
1292 715
1568 653
1585 687
1479 745
950 1003
1060 920
1249 843
1573 769
1127 945
1408 844
1214 938
1138 1022
1285 1027
1514 1009
1366 1109
1460 1127
1537 1158
1724 1074
1813 1028
1783 1247
1525 1475
1392 1699
1528 1570
1466 1667
1756 1368
1434 1764
1723 1558
1662 1730
1793 1584
136395905 1689478995
1
sift 61
26 23
294 258
60 61
202 271
38 39
110 78
519 352
107 104
271 405
179 115
311 209
143 147
1181 1168
217 134
292 227
167 166
1380 1390
298 194
265 339
312 204
319 207
321 314
315 254
334 257
428 340
272 334
503 269
620 607
431 309
352 401
770 621
479 297
419 416
1335 1526
309 581
391 571
536 427
657 458
661 476
702 543
693 580
714 573
723 570
1042 486
734 566
717 622
853 592
967 617
996 612
958 713
840 791
871 777
1564 645
982 934
1194 829
1001 1068
1279 902
1171 979
1694 762
1371 1273
1701 1411
136395905 1716575903
1
sift 187
25 26
45 56
542 396
164 177
98 64
294 425
109 113
179 212
107 124
581 474
141 140
216 201
167 133
571 532
145 152
382 395
161 145
709 695
158 178
437 434
221 197
759 976
213 224
392 671
207 256
1123 1133
240 248
591 534
227 298
1527 1651
256 296
536 610
272 281
281 276
618 648
280 333
301 330
882 721
313 318
299 337
818 911
278 412
315 365
1007 1047
312 373
325 377
1185 1154
306 407
361 363
1412 1639
347 419
420 376
385 429
371 495
448 417
365 524
414 543
394 603
458 585
639 408
594 447
546 629
590 643
513 806
547 762
643 649
543 827
657 678
775 571
638 728
677 686
539 873
574 834
559 883
680 752
579 920
738 715
699 801
686 821
567 1090
601 1011
1075 560
666 928
888 700
755 841
647 1064
615 1164
661 1073
723 983
645 1181
681 1103
980 753
758 1035
720 1113
892 852
826 933
785 989
924 854
856 924
850 951
1237 705
1351 667
1688 599
748 1230
847 1070
1512 677
906 1049
820 1206
937 1026
754 1406
1116 895
870 1165
798 1301
1072 949
923 1130
996 1074
853 1313
998 1135
875 1323
1495 828
825 1498
926 1257
830 1480
1149 1008
935 1263
1037 1148
1014 1260
1263 1001
855 1593
1292 1012
880 1540
852 1668
1425 952
851 1687
1011 1337
1042 1335
837 1899
1174 1177
978 1532
1278 1115
1553 964
945 1643
1221 1179
988 1570
894 1809
1209 1224
1310 1162
1269 1202
1057 1519
950 1788
1469 1097
1283 1223
1140 1396
1357 1213
1004 1778
910 1999
1028 1758
952 1948
1256 1332
1161 1499
979 1997
1044 1833
1224 1444
1127 1818
1184 1729
1214 1736
1232 1712
1166 1840
1479 1435
1285 1688
1408 1535
1477 1470
1585 1414
1126 2049
1530 1506
1225 1944
1235 1965
1611 1494
1447 1848
1439 1861
1459 1955
1686 1622
1613 1829
1586 1915
1766 1709
1649 2001
1816 1673
136395905 1788219329
1
sift 67
387 607
45 53
179 175
98 63
520 638
194 165
158 208
379 236
1513 1285
236 210
297 328
434 360
1527 1542
272 381
280 365
718 275
312 331
315 340
458 404
281 393
369 294
1047 347
319 380
414 368
636 575
385 420
513 451
1032 511
479 497
536 650
714 763
657 732
723 1011
1044 709
1009 733
906 900
693 987
1326 681
996 1086
717 1109
1028 823
1007 1273
1205 764
879 950
1070 1208
1313 751
1002 915
1118 1415
1158 876
1014 1021
1134 1497
916 1164
999 1146
1482 1326
1607 832
940 1237
1377 1052
1145 1291
1604 1024
1721 969
1582 1070
1447 1440
1639 1422
1635 1461
1601 1547
1819 1394
1745 1621
136395905 1799436415
1
sift 282
127 117
7 19
45 40
17 36
324 299
34 37
107 72
88 64
408 270
96 75
141 130
105 77
433 356
126 93
149 148
132 124
354 460
145 114
158 157
115 169
404 437
191 112
179 172
204 129
709 528
161 140
157 186
184 146
751 597
167 153
213 187
208 141
715 1059
223 142
199 224
194 173
1123 921
207 176
221 209
215 273
1071 1382
236 202
216 229
367 189
1767 1133
240 221
267 210
270 263
253 235
201 391
278 256
254 286
272 268
293 275
281 280
280 300
327 260
302 282
301 307
325 285
297 327
315 335
268 379
307 353
347 332
338 331
369 319
385 338
394 292
580 245
414 336
410 314
357 361
431 415
469 313
434 346
448 409
424 355
496 317
447 435
339 506
450 370
479 471
471 369
440 412
513 461
458 408
441 441
492 545
507 373
439 464
543 491
494 420
622 360
625 450
509 446
493 476
547 503
579 440
589 426
511 563
615 436
613 452
546 532
642 448
737 427
661 505
612 504
570 567
536 596
645 533
590 583
686 549
638 556
699 522
618 624
587 622
610 603
643 614
775 507
600 662
635 644
647 632
680 617
657 639
693 631
676 645
847 676
689 651
650 710
760 761
714 654
788 592
723 900
796 600
779 638
906 764
716 698
708 726
1245 679
852 628
748 737
996 824
1032 569
762 740
818 1032
785 732
732 804
786 1196
940 648
860 693
1007 995
830 739
974 690
963 1256
1316 566
922 735
932 1328
833 813
1149 671
1185 1091
1396 607
916 790
1395 1435
851 870
838 885
1479 1383
880 849
888 838
1609 1280
979 787
924 842
1014 783
652 1263
1002 800
886 882
971 852
839 972
1158 747
927 910
1038 853
892 937
1196 770
937 934
871 1020
951 968
1162 828
1091 878
994 969
1146 863
1028 955
948 1029
1175 855
949 1037
1057 942
1037 978
999 1015
1215 858
1033 1003
991 1044
1075 958
1072 982
1205 894
1070 1010
1179 917
1377 869
1044 1077
943 1166
1107 1026
1496 832
1117 1033
1259 946
1235 964
1137 1069
1004 1230
1153 1068
967 1324
1317 996
1313 1004
1477 939
1082 1186
1219 1094
1066 1250
1445 1011
1371 1063
1278 1125
1256 1161
1169 1241
1658 971
1459 1087
1183 1262
955 1595
1176 1289
1272 1199
1721 966
1521 1082
1467 1114
1447 1121
1719 988
1514 1103
1631 1046
1221 1331
1051 1573
1270 1305
1319 1268
1385 1221
1209 1418
1366 1356
1285 1426
1251 1468
1582 1192
1302 1450
1818 1016
1400 1413
1680 1195
1624 1252
1613 1298
1466 1449
1639 1293
1539 1377
1758 1191
1404 1509
1586 1367
1388 1541
1480 1478
1740 1261
1748 1270
1723 1317
1456 1548
1519 1501
1700 1378
1585 1485
1523 1524
1617 1527
1596 1558
1644 1528
1782 1440
1693 1510
1757 1503
1741 1552
1800 1555
1762 1598
136395905 1861578657
1
sift 306
311 264
48 56
34 28
428 353
70 123
47 31
490 373
92 111
45 54
282 237
43 66
663 551
294 310
67 71
387 370
65 78
433 423
98 62
416 486
88 84
571 543
79 112
715 700
81 119
709 778
100 114
759 857
109 126
751 1138
111 130
1123 968
123 154
912 1328
143 142
1124 1270
141 144
145 148
122 175
181 138
167 145
161 156
158 174
157 190
179 189
208 193
216 208
213 210
221 202
207 226
247 214
238 224
215 294
240 239
250 231
270 245
256 277
272 262
281 273
286 280
268 319
280 302
307 287
299 316
293 321
288 347
312 332
367 290
313 333
290 381
310 360
325 344
370 313
289 404
315 361
360 329
306 400
369 331
347 351
361 340
419 312
461 296
580 256
412 348
420 349
385 395
371 434
383 426
470 346
365 471
474 365
447 409
357 521
448 421
414 459
431 465
509 380
434 468
471 435
449 477
458 533
444 570
492 484
469 585
512 518
479 631
481 653
600 499
536 584
546 583
513 629
639 500
589 549
630 514
590 553
544 610
696 488
547 628
560 639
543 673
583 630
618 604
693 539
841 463
753 498
594 647
587 657
775 495
643 613
650 606
559 713
437 1183
649 632
683 612
638 678
466 1091
567 755
677 641
627 701
579 741
734 614
680 692
621 743
686 703
666 783
661 828
625 916
681 837
615 989
1075 580
882 667
647 938
967 627
903 662
678 893
645 966
723 853
888 695
698 917
697 943
690 950
838 752
694 990
720 962
758 901
1245 597
818 852
850 794
859 787
826 855
810 871
927 753
748 1013
847 869
980 763
798 958
1164 693
837 926
992 792
937 847
904 897
1625 601
964 862
853 999
986 872
830 1041
932 925
926 933
829 1086
962 937
1029 885
1072 839
851 1065
928 1000
864 1078
1194 788
965 1003
1237 775
900 1066
862 1117
1196 815
1425 736
1014 997
1023 1002
1037 994
855 1178
814 1341
1041 1026
1011 1062
1292 840
1512 751
923 1166
1263 888
1007 1116
1116 1028
978 1187
950 1228
1688 744
1026 1163
1050 1148
1250 971
930 1320
946 1293
1627 784
971 1281
988 1249
1004 1222
959 1309
1171 1049
1028 1264
1042 1252
1082 1164
1161 1109
1221 1077
1044 1307
1255 1108
1224 1131
1202 1150
1152 1185
1357 1063
1319 1087
1469 1025
1185 1202
1174 1214
1127 1292
1087 1372
1184 1217
1175 1229
1057 1441
1070 1426
1055 1477
1377 1113
1310 1153
1268 1212
1283 1205
1157 1360
1205 1329
1340 1225
1518 1130
1384 1256
1562 1128
1207 1433
1410 1250
1687 1067
1269 1392
1388 1298
1408 1315
1258 1460
1223 1528
1282 1478
1290 1466
1169 1613
1395 1411
1217 1576
1400 1414
1225 1593
1330 1510
1285 1554
1584 1257
1585 1271
1251 1588
1479 1401
1385 1506
1658 1227
1211 1639
1624 1276
1439 1488
1722 1206
1291 1629
1241 1651
1744 1245
1582 1432
1447 1572
1784 1221
1514 1550
1525 1545
1573 1508
1586 1563
1686 1452
1519 1632
1649 1567
1369 1673
1611 1606
1719 1532
1708 1555
1727 1549
1721 1645
136395905 2014127030
1
sift 90
127 160
36 24
149 178
45 62
133 229
98 78
199 248
100 105
389 444
107 106
216 285
109 110
432 624
121 156
256 276
191 126
418 997
145 150
286 347
141 181
571 690
179 184
297 371
208 258
751 726
236 225
369 320
200 293
709 987
255 213
382 433
240 283
915 899
261 315
448 505
299 302
1229 1263
272 353
447 582
313 306
281 357
536 666
305 379
312 390
564 681
367 358
347 397
818 965
362 401
385 415
957 883
434 417
392 509
1281 1230
431 470
479 469
513 575
512 578
597 528
430 761
547 589
543 618
613 619
618 670
955 503
699 631
703 648
657 682
964 592
757 865
826 799
1230 693
906 857
774 1033
1179 798
1037 962
990 1000
1801 703
996 1082
1496 826
1007 1121
1205 1019
963 1297
1082 1251
1185 1186
1184 1243
987 1504
1416 1271
1237 1478
1564 1399
136395905 2045004962
1
sift 297
32 44
30 35
45 46
34 56
92 95
76 48
100 92
101 73
187 181
99 124
109 120
105 107
294 248
120 140
149 143
145 148
387 212
144 152
141 175
161 187
342 433
157 178
179 167
223 161
432 413
158 184
213 224
194 195
581 533
180 243
216 269
151 283
709 530
204 220
236 247
227 255
669 679
221 261
253 298
230 260
751 744
278 265
272 325
289 276
1078 624
362 262
276 329
349 272
939 841
261 341
281 319
262 344
1123 761
280 331
297 316
203 560
1071 950
300 321
312 313
307 354
914 1086
305 345
315 336
296 366
1229 876
379 304
319 359
367 312
1109 1269
308 399
347 367
325 384
1527 1246
327 398
369 378
310 420
333 409
361 400
485 303
385 406
431 430
373 421
357 443
448 475
372 446
352 481
513 477
345 507
414 432
447 592
450 417
434 425
511 538
442 438
578 374
543 524
458 468
410 509
547 558
391 548
479 463
536 571
597 407
718 404
546 627
587 489
612 473
661 559
525 529
445 664
760 594
625 490
409 754
657 696
530 572
529 578
590 893
633 523
749 484
680 797
492 680
548 622
676 839
647 579
699 573
723 809
545 694
673 583
655 882
603 644
532 774
757 947
694 599
642 659
773 988
586 736
589 747
906 879
689 672
600 784
818 1018
667 710
650 801
1007 963
708 778
794 677
1185 1314
779 690
639 850
1245 1367
801 702
713 794
1479 1320
923 685
853 752
1395 1517
1032 667
716 878
1813 1650
693 921
824 810
785 837
1057 695
872 799
863 829
808 880
784 910
826 939
926 856
936 858
861 956
1607 651
838 1007
950 906
1044 857
948 927
974 948
1004 926
956 970
1093 873
907 1014
813 1166
1084 887
952 998
1028 957
880 1071
1002 985
962 1006
1029 974
979 1027
985 1023
866 1151
941 1057
1060 978
1179 902
1014 1039
1127 949
1087 991
918 1156
916 1169
1070 1011
1213 913
994 1123
1363 872
1230 938
940 1197
1012 1125
1235 943
1068 1060
1120 1030
1207 976
1005 1168
1037 1139
976 1212
1177 1009
1006 1202
1377 922
1157 1053
1083 1145
1364 969
999 1267
1072 1184
937 1351
1383 979
1187 1074
927 1410
1196 1080
992 1340
1118 1216
1066 1362
1459 1064
1258 1213
1488 1118
1521 1090
1283 1249
1023 1618
1416 1194
1174 1361
1125 1465
1620 1072
1058 1601
1238 1331
1242 1375
1256 1379
1146 1526
1385 1300
1317 1341
1482 1255
1265 1432
1286 1423
1232 1487
1182 1573
1801 1054
1772 1122
1263 1511
1375 1427
1445 1374
1532 1306
1637 1248
1766 1180
1519 1345
1466 1408
1442 1446
1371 1531
1582 1334
1302 1659
1171 1839
1351 1643
1324 1672
1639 1352
1727 1337
1522 1532
1447 1647
1587 1503
1573 1551
1613 1508
1469 1689
1601 1533
1631 1501
1635 1580
1662 1593
1523 1753
1403 1886
1553 1762
1518 1823
1648 1696
1602 1800
1740 1678
1724 1711
1562 1910
1791 1688
1803 1642
1819 1497
1644 1894
1745 1892
1763 1890
1796 1907
136395905 2095558067
1
sift 138
108 105
45 62
387 322
342 300
109 103
418 297
141 139
591 631
369 334
145 140
404 371
170 144
571 489
179 203
581 494
217 175
818 854
221 180
1123 741
256 261
1124 943
272 253
281 254
1282 1608
286 281
223 478
315 315
306 354
307 367
313 358
325 363
312 390
361 384
382 356
420 337
394 365
371 429
448 360
385 419
492 443
458 541
536 581
618 578
546 678
638 610
643 602
734 554
677 597
739 572
657 661
539 832
559 810
513 945
871 527
680 705
543 950
775 608
666 753
888 596
850 646
755 760
686 863
699 871
698 891
690 933
991 650
681 971
647 1081
689 1028
723 1017
826 874
1279 635
645 1369
882 894
900 917
926 899
754 1173
906 982
820 1104
1425 692
937 1031
1299 793
1026 1016
1221 842
829 1265
1023 1053
1037 1050
1007 1075
830 1338
1202 914
851 1308
1193 931
996 1122
864 1323
1292 890
837 1443
1319 901
1134 1056
1266 976
1256 1012
1687 807
1009 1287
923 1453
1174 1102
870 1628
950 1471
988 1463
1028 1410
1004 1477
1209 1156
1224 1160
1185 1243
1011 1596
1437 1096
1386 1133
1060 1554
1646 1029
1044 1644
1024 1708
1624 1060
1176 1448
1722 1034
1161 1491
1371 1356
1184 1599
1384 1381
1447 1318
1435 1365
1207 1624
1439 1403
1249 1653
1408 1525
1477 1460
1585 1336
1473 1540
1521 1529
1479 1702
1573 1659
136395905 2130703568
1
sift 451
242 268
32 32
21 19
163 212
93 67
30 34
265 360
92 78
34 50
257 364
108 113
45 52
271 362
127 123
67 79
304 349
149 142
78 81
321 423
148 202
79 77
295 374
216 167
101 71
746 867
294 283
88 89
308 395
199 204
100 88
769 926
263 462
99 92
283 507
297 311
109 111
1102 1283
342 366
107 118
386 614
287 347
118 119
1181 1741
486 294
135 159
573 683
319 338
141 160
1189 1967
408 343
145 172
866 766
324 499
157 163
433 442
189 150
765 1077
404 515
200 145
418 542
160 175
1141 1034
447 516
158 180
581 506
151 189
911 1390
448 518
179 170
709 641
188 197
1462 976
536 581
195 195
688 701
203 201
1504 1640
618 684
213 222
669 790
204 240
1552 1634
702 694
223 220
533 1137
221 237
818 889
240 243
1123 802
236 251
1078 905
230 279
1229 912
250 285
778 1319
268 270
1109 1009
278 261
1513 1032
261 290
1527 1562
253 305
1281 1227
305 281
270 306
1395 1487
288 292
280 299
281 301
272 320
267 356
289 326
300 323
299 344
312 337
307 350
313 345
315 340
293 387
310 398
333 375
347 383
357 391
379 363
415 354
371 403
355 419
302 509
361 421
369 416
338 470
385 417
317 535
360 459
373 448
367 491
431 446
414 463
442 441
434 475
372 560
479 502
718 386
476 529
503 498
458 559
513 523
597 473
560 503
492 591
547 561
506 624
543 585
509 639
579 567
611 556
546 654
586 609
606 603
616 605
544 690
548 692
566 677
594 646
647 586
638 642
632 666
615 693
608 711
694 628
681 656
537 852
686 664
584 818
697 671
690 675
589 820
657 730
600 809
640 767
720 665
635 780
673 738
664 758
794 612
565 911
642 812
667 788
754 700
610 869
852 613
909 583
703 771
755 723
590 949
796 725
676 863
748 793
650 915
723 839
655 916
689 882
839 761
863 742
1020 660
714 902
805 814
693 993
717 959
833 844
876 816
949 775
775 900
929 813
864 859
810 914
870 862
1416 619
785 946
779 956
1065 764
932 866
1057 800
732 1155
853 928
826 974
784 1023
1033 849
801 1036
1276 733
734 1252
922 932
1023 881
838 1044
753 1265
936 970
813 1162
1047 897
831 1119
950 969
744 1299
963 982
988 971
861 1105
857 1114
674 1561
1032 968
840 1199
967 1028
808 1276
1042 977
1062 962
847 1218
968 1048
1002 1030
926 1102
1070 967
940 1099
916 1157
895 1180
871 1222
904 1189
956 1131
1091 980
1044 1041
907 1214
1009 1104
918 1228
924 1256
1120 1020
1019 1164
996 1204
985 1213
1093 1062
1007 1192
1087 1084
974 1253
880 1358
1055 1176
1028 1210
1152 1047
1058 1203
1127 1130
1259 1011
832 1563
994 1303
1176 1090
1082 1208
1060 1243
1015 1294
1006 1300
1170 1115
1118 1188
1235 1069
1169 1152
1378 1004
993 1348
1190 1147
1274 1070
1174 1175
1210 1139
1111 1246
937 1440
1225 1145
1285 1095
1107 1289
1037 1374
1179 1219
991 1446
1005 1424
1258 1184
934 1558
1029 1414
891 1630
1172 1258
1049 1384
1066 1365
1196 1238
982 1523
1211 1250
1161 1308
1157 1322
980 1635
955 1672
1257 1274
1367 1212
1383 1215
1079 1486
1313 1280
1207 1333
1224 1324
1012 1649
1503 1170
1320 1285
1577 1118
1194 1367
1185 1393
1166 1410
1315 1306
1251 1340
1363 1301
1068 1632
1184 1457
1104 1610
1146 1538
1463 1286
1392 1330
1255 1415
1232 1448
1183 1521
1366 1361
1089 1712
1171 1551
1390 1360
1286 1429
1117 1689
1663 1224
1140 1695
1289 1489
1175 1627
1250 1531
1115 1756
1221 1578
1330 1475
1506 1359
1283 1566
1501 1372
1364 1485
1394 1461
1440 1423
1340 1502
1187 1726
1385 1526
1593 1362
1358 1586
1125 1947
1269 1701
1582 1398
1263 1735
1479 1517
1317 1697
1442 1575
1242 1832
1522 1503
1497 1541
1459 1613
1700 1380
1280 1840
1486 1609
1698 1401
1473 1642
1512 1588
1496 1606
1637 1466
1445 1688
1665 1453
1607 1532
1322 1901
1801 1351
1388 1827
1519 1676
1524 1678
1537 1669
1302 1949
1603 1605
1491 1751
1769 1436
1530 1696
1499 1752
1374 1912
1669 1560
1387 1918
1434 1865
1482 1806
1693 1548
1464 1857
1546 1742
1723 1539
1453 1879
1617 1664
1568 1737
1705 1603
1310 2015
1450 1951
1711 1626
1757 1579
1430 1976
1447 1961
1614 1770
1449 1994
1641 1777
1639 1781
1644 1805
1661 1778
1579 1906
1649 1815
1748 1708
1760 1702
1653 1877
1800 1643
1650 1881
1756 1746
1809 1571
1686 1855
1601 1980
1755 1818
1730 1895
1667 1957
1763 1885
1792 1854
1793 1920
136395905 2146998783
1
sift 212
131 63
48 42
31 45
614 471
34 58
294 296
45 72
519 599
101 76
581 510
88 98
688 673
109 106
709 646
107 126
726 692
149 151
1229 842
157 181
1123 980
145 196
141 206
161 182
179 174
158 204
223 215
213 231
204 244
216 234
193 312
230 271
240 254
268 260
270 290
261 302
280 332
297 315
299 317
289 323
281 349
301 331
312 321
272 374
315 352
319 355
287 417
379 350
310 463
347 422
369 393
345 455
372 440
385 435
382 446
360 497
442 436
431 456
434 460
458 476
503 449
430 524
479 484
391 606
448 529
513 502
611 454
447 616
511 532
492 595
543 578
536 615
649 542
638 559
547 672
594 652
618 635
636 632
546 722
661 630
600 684
532 768
667 664
605 770
589 826
851 603
586 903
650 803
714 751
870 648
839 669
642 876
639 890
693 819
775 747
723 834
590 1072
877 708
677 957
655 1005
717 923
926 733
695 1017
779 900
732 1015
801 908
773 953
853 870
1009 791
1157 718
818 968
734 1121
1004 831
1176 729
840 973
1127 769
1215 735
1044 845
950 902
861 1014
963 941
967 951
813 1123
1091 871
1002 943
1161 839
1207 820
1179 858
1055 954
924 1067
1040 999
1259 853
1224 879
974 1061
1225 886
1015 1037
916 1128
1006 1046
993 1082
918 1160
1007 1075
940 1147
996 1165
1118 1039
956 1254
1070 1112
1058 1153
1322 966
1066 1156
992 1274
1005 1259
994 1296
1705 856
1286 1032
1174 1118
1120 1228
1514 1002
1580 982
1279 1133
1700 940
1501 1028
1340 1110
1221 1208
1283 1191
1196 1267
1537 1048
1466 1096
1693 988
1068 1487
1171 1349
1519 1099
1637 1065
1488 1169
1607 1109
1266 1383
1453 1230
1146 1510
1194 1457
1185 1480
1289 1385
1182 1512
1638 1141
1582 1180
1676 1140
1268 1476
1317 1456
1801 1063
1250 1530
1479 1370
1634 1216
1385 1444
1603 1286
1363 1498
1494 1398
1477 1416
1371 1509
1351 1533
1242 1609
1648 1320
1724 1301
1614 1399
1518 1506
1613 1436
1639 1421
1497 1557
1523 1529
1564 1517
1730 1395
1763 1391
1631 1531
1680 1600
1791 1553
1740 1607
