1430327691 1788219329
1
sift 418
61 67
40 54
19 18
373 406
56 78
34 31
113 129
65 86
22 42
596 768
68 92
31 37
117 127
85 98
55 57
778 1028
125 91
50 66
98 167
87 104
48 82
1625 1448
97 133
75 87
127 135
112 130
91 132
83 253
111 103
151 173
133 175
168 138
162 144
156 147
150 184
137 165
186 154
129 188
189 162
184 194
135 208
216 157
152 192
192 183
208 246
154 196
206 164
145 241
143 285
210 265
157 219
279 153
160 210
247 181
254 252
167 240
244 189
240 256
267 182
309 325
220 312
224 222
241 299
226 234
446 550
194 407
264 268
230 351
319 243
1005 899
261 307
270 269
281 294
364 237
1023 922
256 328
302 277
262 331
367 250
1116 1005
246 378
323 290
266 340
305 288
1115 1082
271 380
342 295
265 393
292 400
1199 1455
282 364
326 349
275 381
563 242
2372 1205
278 384
361 322
312 368
324 359
2074 1375
307 420
317 388
333 421
362 343
353 417
470 278
506 327
471 293
379 502
386 361
414 451
450 334
381 533
400 390
457 425
344 485
422 476
494 347
416 497
499 358
366 598
467 404
501 515
368 510
453 499
554 345
489 530
498 408
486 553
527 392
469 613
480 462
495 599
490 488
507 649
514 458
547 650
522 457
561 677
484 524
538 746
517 492
730 566
526 489
609 691
430 586
602 706
519 512
606 732
543 490
576 788
591 469
545 887
614 484
642 758
690 442
665 808
618 504
673 804
780 448
796 697
751 491
753 748
639 551
707 864
691 547
797 817
793 537
899 751
728 560
759 900
909 516
717 957
1125 464
825 849
750 571
800 978
605 715
819 1014
758 590
1029 837
674 643
862 1011
821 570
980 884
736 654
840 1056
756 657
932 995
852 618
1077 852
805 641
865 1086
839 623
974 967
552 1057
942 1092
760 698
779 1328
719 741
792 1389
802 701
1150 990
768 756
989 1208
896 684
962 1286
806 737
982 1273
834 720
1135 1214
879 707
1195 1190
918 693
1093 1364
887 722
1218 1323
1146 608
1208 1349
908 728
1346 1230
869 752
1411 1203
809 782
1285 1415
925 750
1711 1546
894 764
1589 1619
914 757
1739 1567
961 733
1750 1646
853 802
2391 1244
1031 703
2444 1561
949 763
1184 664
1028 730
1139 700
878 848
686 1127
939 828
1282 681
1251 692
1089 753
912 917
1277 725
994 845
1040 823
929 928
1302 740
1059 821
1071 850
1088 844
1123 832
747 1262
1010 920
1706 670
1058 890
1426 749
1073 904
971 1017
1276 840
1061 949
1227 876
1223 882
969 1077
1233 874
1371 811
1045 987
1182 907
1169 914
1137 929
1117 946
1075 969
1097 971
1166 936
1036 1044
1260 915
1232 931
1111 1016
1256 933
1168 996
1449 858
1311 941
1381 905
1145 1059
1178 1042
1304 972
1025 1184
1331 974
1258 1054
1424 944
1398 962
1340 1007
1421 954
1321 1021
1438 950
1290 1065
1350 1033
1271 1094
1205 1150
1418 1034
1330 1109
1443 1036
1572 942
1802 880
1518 975
1140 1313
1469 1062
1245 1256
1274 1219
1389 1157
1476 1099
1517 1070
1367 1196
1695 992
1513 1085
1679 1006
1771 965
1342 1237
1628 1041
1670 1024
1528 1105
1461 1193
1459 1199
1487 1181
1488 1195
1399 1356
1669 1137
1781 1103
2041 1027
1643 1160
2272 960
1652 1164
2092 1025
1612 1189
2126 1018
2220 1002
1489 1306
1768 1141
1520 1291
1986 1097
1786 1158
1826 1147
1491 1390
1886 1140
1585 1299
1709 1226
1540 1350
1617 1293
2142 1089
1717 1236
1609 1301
1618 1302
1503 1436
1624 1329
2144 1110
2067 1144
1705 1296
1649 1352
2378 1064
1630 1384
2075 1197
1755 1357
1524 1537
1854 1322
1597 1514
2024 1270
1863 1373
2165 1242
1715 1483
1830 1414
1677 1520
2185 1261
1808 1461
2040 1320
1964 1371
1983 1368
1908 1416
2097 1345
1827 1495
1819 1506
1935 1447
1987 1408
2076 1377
2119 1424
1905 1532
1929 1519
2374 1288
1882 1552
1893 1548
2170 1438
2225 1433
2259 1420
2368 1344
2277 1427
2202 1476
2090 1547
2005 1588
2227 1512
2344 1459
2288 1504
2350 1479
2393 1456
2395 1458
2213 1562
2403 1464
2231 1571
2342 1518
2331 1531
2338 1568
2401 1543
2388 1580
1927 1651
2396 1614
1430327691 1799436415
1
sift 227
219 158
87 64
50 37
80 87
63 53
272 258
100 119
77 79
112 148
103 69
210 400
145 130
109 67
135 157
143 109
505 423
133 172
139 142
124 194
138 174
713 1149
152 185
125 199
142 210
205 263
1950 1487
160 202
226 320
199 198
315 275
191 221
361 317
230 228
305 295
275 268
402 298
265 280
278 379
260 307
369 347
256 327
380 288
283 300
526 282
281 319
324 345
266 335
452 342
307 338
453 373
312 336
467 408
381 326
441 475
366 365
498 449
333 415
360 656
374 401
500 504
349 450
644 390
414 461
617 402
416 471
604 420
482 403
586 454
489 491
623 426
545 435
634 446
495 503
555 559
468 593
429 905
485 563
639 507
540 502
776 447
512 611
608 622
547 596
501 761
602 532
868 468
507 759
740 515
606 639
725 571
779 545
879 518
707 617
637 678
792 572
1928 354
840 583
702 634
665 772
765 590
867 676
869 552
759 764
664 726
942 728
788 652
714 1006
802 681
865 824
783 736
796 901
1071 565
862 900
949 654
899 1004
1045 631
797 1151
1036 638
980 973
993 661
982 995
839 785
989 1010
855 778
962 1052
773 870
1103 899
809 867
903 1280
1058 732
978 1109
769 1003
1131 1032
894 894
1220 974
1137 733
1006 1196
1016 828
1553 844
1329 698
974 1349
1227 747
1262 1092
961 933
1135 1256
1349 720
1787 838
1088 849
1208 1383
1166 820
1268 1298
1511 674
1298 1308
1455 710
1346 1318
1031 917
1734 1412
1260 800
1634 1518
1321 783
1877 1521
1018 964
1959 1597
1145 885
1040 955
1341 803
1382 787
1193 890
780 1428
1075 966
1504 770
1148 1023
929 1362
1652 790
1295 978
1475 880
1393 982
1324 1036
1300 1066
1467 937
1290 1086
1540 910
1068 1346
1221 1185
1608 920
1243 1169
1524 1013
1207 1356
1425 1124
1791 934
1224 1378
1375 1219
1679 1049
1958 947
1480 1168
1685 1063
1771 1047
1517 1192
1299 1548
1435 1399
1396 1468
1478 1375
1512 1330
1723 1178
1528 1332
2170 1046
2174 1056
1424 1505
1677 1250
1612 1325
1842 1210
1810 1310
1564 1513
1709 1441
1988 1296
1887 1363
2095 1261
2114 1284
2191 1270
1964 1394
1807 1503
1788 1512
2123 1367
2122 1488
2443 1282
2429 1466
2461 1414
1430327691 1861578657
1
sift 63
41 54
205 245
770 620
135 174
133 189
467 533
824 838
191 221
230 207
639 495
1041 795
250 277
265 273
734 710
1010 882
275 262
262 332
908 800
971 975
266 361
307 395
773 1065
1265 1269
333 465
545 409
794 1314
2327 1668
414 629
489 673
812 1362
547 584
602 583
772 1556
513 828
714 666
905 1316
707 692
665 999
1393 839
759 896
865 829
1540 753
862 853
867 869
1321 997
1006 822
956 970
1040 1264
1135 936
982 1116
1227 1215
989 1426
1262 1201
1519 1010
1389 1186
1108 1670
1067 1605
1290 1385
1375 1301
1705 1205
2143 1143
2108 1163
2460 1284
1430327691 2014127030
1
sift 96
40 61
12 12
112 178
59 98
68 106
33 430
230 286
65 123
85 104
143 113
250 276
97 110
100 164
205 319
256 371
133 184
145 181
316 244
311 433
138 191
165 201
326 278
422 505
160 225
152 256
247 401
507 622
198 220
191 283
315 462
545 582
353 249
265 357
403 378
547 666
275 353
262 390
498 422
561 681
307 415
306 425
450 504
1298 997
324 416
516 294
526 531
1220 1275
366 397
333 470
499 650
365 513
388 592
1381 365
414 575
541 482
693 588
486 578
495 589
564 787
489 618
606 682
768 606
824 620
566 970
939 605
771 707
759 857
809 788
971 710
753 896
1010 740
610 1207
865 1082
1041 733
969 814
1105 851
894 1019
899 1117
974 1032
1271 832
1188 946
982 1121
1194 1004
1459 860
1553 849
1571 875
1172 1243
1135 1297
1295 1281
1262 1185
1108 1435
1849 993
1351 1288
1788 1057
1606 1333
2327 1427
1430327691 2045004962
1
sift 539
27 27
40 47
9 6
113 132
80 92
6 11
45 54
56 66
16 16
117 137
97 120
19 20
47 83
65 73
21 24
119 192
106 113
31 29
98 77
85 76
50 56
150 216
108 118
49 58
127 100
87 88
75 75
161 270
112 143
92 71
151 171
133 167
72 97
263 418
129 178
105 93
237 163
134 168
94 110
474 480
135 184
95 112
233 183
145 175
103 114
542 547
157 224
120 130
210 253
137 195
111 154
1180 532
160 247
144 156
309 349
141 198
139 161
1023 1108
230 268
140 159
420 399
152 208
156 197
1005 1481
220 275
173 176
446 434
154 209
171 201
1115 1471
256 316
178 212
505 495
172 246
216 191
1464 1318
262 313
189 220
778 939
204 255
192 217
1573 1261
260 322
186 241
935 870
198 280
203 231
1625 1417
265 319
206 263
1013 934
232 276
224 260
1940 1418
266 336
247 262
1199 853
240 288
287 225
1692 1607
275 325
226 289
1672 719
278 301
292 243
1948 1722
271 359
242 312
2147 1000
283 331
258 294
2171 1676
261 408
268 292
2056 1131
281 378
259 303
307 406
280 317
1764 1412
353 354
301 309
374 345
315 318
2221 1745
366 367
295 353
377 382
279 397
2146 1840
380 369
317 344
333 430
316 351
2386 1916
312 432
354 347
438 375
323 395
2424 1928
324 424
361 364
414 477
427 334
439 371
342 417
537 392
372 402
349 490
364 407
422 475
447 356
404 439
391 416
489 524
369 447
448 420
386 446
485 538
441 401
416 463
492 365
507 533
484 393
482 491
429 457
495 558
402 499
453 561
460 452
513 559
455 459
538 536
450 472
501 594
490 443
547 571
467 468
545 592
457 514
565 602
478 479
561 610
509 465
576 599
500 473
602 627
471 517
624 614
524 467
642 814
452 557
609 678
526 483
707 797
522 496
665 752
529 487
673 839
514 516
506 1225
408 675
759 879
518 526
779 680
498 543
856 811
543 505
792 674
555 511
862 809
608 489
730 739
579 529
903 835
550 584
610 1065
588 551
819 881
605 548
753 832
578 579
800 930
604 550
902 742
521 644
840 893
586 572
825 1023
527 643
797 944
600 575
988 918
719 507
982 963
531 717
974 988
564 656
1131 1018
643 583
989 1011
554 783
1151 1117
603 684
980 1051
727 590
1212 1185
708 631
1135 1058
618 764
1093 1297
623 747
1057 1187
924 560
1208 1320
651 712
1110 1146
691 688
1077 1505
706 683
1285 1216
830 597
1262 1315
674 721
1150 1426
726 672
1220 1389
687 723
1417 1174
664 778
1081 1599
852 613
1229 1349
821 628
1309 1325
724 700
1079 1631
776 658
1619 1128
907 605
1346 1416
769 692
2027 1020
783 685
1562 1460
666 820
1553 1529
720 770
1953 1269
775 708
1595 1621
868 653
1634 1535
750 741
1620 1651
875 664
1682 1623
873 671
1738 1710
878 681
1787 1554
770 768
1721 1739
923 661
1750 1698
798 736
1730 1736
836 715
1907 1614
879 694
1711 1779
736 828
1833 1772
854 746
1889 1746
692 884
1746 1873
811 781
2140 1668
768 825
1926 1810
890 753
1937 1828
887 762
2000 1821
690 925
1877 1905
805 805
2088 1846
973 705
2334 1908
834 803
2444 1579
969 727
1036 690
949 793
780 905
994 784
1184 706
1897 556
925 858
1111 774
809 995
1261 725
939 885
986 856
1058 837
844 1031
992 891
1432 726
1031 902
1003 936
1168 850
1045 921
966 1030
1040 957
1216 861
1170 883
1061 960
1086 956
1245 880
1196 910
1134 949
1139 979
1000 1090
1329 878
1010 1101
1278 915
1145 1007
1049 1076
931 1286
1219 983
1125 1032
1223 982
1258 970
1435 863
1088 1071
1025 1156
1167 1028
1260 985
1274 984
1470 872
871 1491
1193 1037
1202 1041
1236 1026
1349 958
2249 724
1137 1100
1192 1072
1182 1083
1075 1201
1146 1179
1321 1039
1383 1014
1340 1047
1382 1027
1237 1147
1304 1098
1352 1068
1243 1172
1295 1139
1143 1288
1251 1214
1277 1193
1491 1033
1408 1126
1465 1069
1342 1197
1461 1091
1393 1184
1293 1271
1475 1103
1468 1134
1504 1080
1384 1264
1928 972
1418 1252
1500 1162
1381 1310
1511 1171
1233 1476
1507 1176
1311 1390
1302 1424
1480 1237
1443 1317
1652 1169
1673 1168
1585 1226
2227 996
1459 1387
1861 1115
1668 1211
1875 1123
1857 1130
1630 1235
1256 1719
1605 1272
1517 1334
1524 1328
1686 1248
1571 1316
1503 1378
1705 1249
1424 1596
1540 1410
1578 1383
1606 1363
1449 1584
1519 1465
1326 1788
1607 1384
1430 1630
1490 1540
1944 1221
1818 1281
1597 1423
1677 1362
2022 1213
1670 1380
1759 1336
1910 1278
1913 1282
2165 1194
1412 1781
1492 1620
1679 1419
1791 1351
1779 1361
1426 1764
1433 1758
1554 1555
1676 1448
1642 1504
1706 1449
1723 1447
2324 1203
1955 1340
1685 1531
1929 1374
1843 1430
1991 1345
2174 1304
1612 1681
1827 1499
1830 1509
2436 1204
1617 1729
1771 1597
1808 1580
1992 1454
1919 1507
2317 1312
2337 1294
2016 1472
1909 1549
1982 1485
1732 1703
1752 1699
1893 1601
1934 1575
1733 1715
1769 1711
1993 1572
2124 1503
2090 1533
1702 1808
2114 1521
1786 1756
2170 1501
2161 1536
2427 1341
1917 1692
2409 1377
1863 1787
2091 1686
2202 1605
2095 1678
2326 1532
2156 1670
2207 1638
2070 1730
1996 1807
2144 1778
2275 1704
2242 1720
1988 1877
2327 1690
2098 1839
2200 1861
2431 1682
2396 1734
2350 1792
2410 1743
2179 1907
2395 1768
2417 1852
2404 1890
1430327691 2130703568
1
sift 358
27 30
41 52
19 13
45 53
112 142
32 28
61 66
65 71
37 38
114 108
230 226
49 47
117 125
85 87
50 50
119 278
256 311
68 118
150 188
134 144
95 124
161 191
271 338
111 158
184 173
133 170
173 134
263 259
337 347
135 180
310 296
137 194
139 220
420 395
545 516
141 215
446 388
154 210
178 177
571 447
1220 996
171 187
627 720
152 238
189 240
713 1077
2000 2033
160 251
778 974
191 243
216 233
1180 887
198 287
1573 1376
278 270
224 279
1940 1441
205 306
1692 1811
245 298
287 255
2146 1499
265 301
1764 1800
260 324
270 314
2171 1646
283 299
2341 2012
275 320
259 392
262 337
266 340
447 252
242 491
281 416
308 359
317 371
307 417
347 353
315 387
312 463
354 393
295 479
333 446
342 433
362 418
388 402
484 348
324 474
448 398
274 668
364 473
404 440
490 391
416 502
414 523
386 560
537 413
482 482
539 435
509 465
453 623
467 559
526 509
495 561
500 555
471 590
489 585
460 629
502 627
602 654
597 544
522 644
606 730
719 490
578 586
707 807
543 661
629 551
753 834
529 776
494 897
862 839
604 711
634 639
820 916
514 939
588 818
840 949
653 723
643 738
1006 850
591 858
676 728
903 995
674 741
798 609
989 967
623 820
546 1070
864 1205
637 851
811 696
867 1218
770 739
734 783
899 1280
790 758
887 681
730 1622
969 620
768 803
1135 982
706 884
878 726
982 1192
776 811
769 849
1110 1208
726 882
807 825
980 1430
854 827
802 870
1285 1188
689 1065
758 954
1615 977
783 931
821 899
1195 1444
721 1047
824 906
1262 1392
874 872
797 952
1208 1517
763 1013
817 972
1308 1418
1111 760
939 907
1602 1589
949 902
1194 774
2444 1285
852 1033
925 970
1746 2016
872 1053
938 1016
1168 857
908 1114
1051 918
966 1020
1036 956
1010 989
1058 946
961 1104
1045 993
895 1255
805 1389
1147 950
1273 880
1089 1006
1137 981
1027 1087
1049 1058
1098 1025
971 1226
1061 1135
1086 1105
912 1387
1100 1126
1156 1081
1041 1209
1031 1219
1330 959
1040 1210
1025 1228
1138 1103
1134 1130
1260 1030
711 2030
1278 1042
1073 1246
1015 1308
1139 1215
1236 1138
1258 1131
1166 1249
1244 1197
1302 1151
1342 1099
1271 1193
1187 1279
1117 1318
965 1606
1000 1488
1341 1174
1435 1067
1245 1276
1293 1247
1410 1173
992 1672
1383 1214
1207 1361
1107 1464
1021 1628
1339 1273
1491 1111
1068 1534
1478 1145
1224 1380
1357 1288
1465 1195
1381 1281
1172 1457
1123 1532
1219 1461
1644 1088
1291 1391
1300 1400
1474 1257
1504 1238
1396 1340
1652 1157
1420 1331
1470 1301
1370 1415
1239 1604
1290 1573
1469 1348
1779 1175
1126 1880
1384 1492
1237 1712
1466 1405
1304 1641
1320 1619
1501 1379
1352 1615
1893 1203
1631 1325
1517 1398
1399 1673
1677 1365
1597 1429
1356 1810
1233 1997
1875 1303
1503 1555
1673 1424
1513 1578
1446 1719
1442 1742
1353 1940
1753 1410
1516 1633
1375 1939
1497 1698
1662 1538
1791 1440
1521 1695
1705 1566
1727 1548
1487 1860
1924 1435
1724 1575
1585 1717
1827 1510
1699 1614
1548 1770
1643 1685
1955 1445
1560 1784
1807 1579
1944 1494
1931 1515
1783 1626
1843 1595
1519 1947
1690 1767
1814 1694
1776 1776
2098 1551
1641 1937
1718 1853
1929 1688
1991 1676
1840 1802
1849 1796
1954 1738
1755 1908
1800 1882
1612 2017
1935 1839
1861 1912
2020 1807
1971 1842
2192 1752
2166 1773
2202 1769
2165 1803
2117 1879
1952 1966
1988 1971
2410 1692
2327 1790
2090 1980
2427 1697
2274 1898
2283 1894
2342 1884
2404 1885
2311 1991
2460 1713
1430327691 2146998783
1
sift 289
27 22
41 72
19 15
114 139
161 155
29 21
117 131
65 76
34 27
150 201
263 308
33 28
184 228
85 93
50 58
1115 857
80 99
210 235
68 126
143 89
106 116
310 364
112 151
171 110
156 148
446 464
133 174
111 261
135 204
889 1088
145 206
139 215
167 224
1199 1194
154 256
189 244
191 254
1765 1460
230 233
173 286
224 271
198 338
205 290
259 255
278 260
270 273
279 278
256 315
292 262
203 397
262 321
328 257
260 331
265 349
319 289
266 352
282 333
302 358
271 355
275 374
315 354
281 393
307 435
364 330
342 359
380 357
317 387
361 366
311 446
354 410
337 417
411 362
400 408
324 461
333 456
563 303
366 422
404 437
386 440
484 376
416 484
471 413
414 502
365 660
492 442
467 476
482 516
500 453
539 487
453 579
502 548
485 532
468 571
437 688
489 578
512 631
498 601
591 517
495 672
719 455
529 608
561 568
526 632
522 640
538 610
543 629
547 615
545 616
546 657
540 620
602 722
605 606
554 698
665 870
830 543
676 658
707 817
643 686
769 588
717 827
773 603
691 675
753 802
622 755
674 703
862 834
770 649
623 826
820 1005
768 674
870 627
903 949
802 670
758 702
840 1072
720 737
811 706
974 953
736 795
824 767
759 1400
994 684
765 885
1081 914
969 709
777 876
1135 941
939 752
949 751
982 1075
868 829
798 903
989 1112
869 874
961 791
1110 1055
925 854
1119 730
1057 1127
1147 734
1111 768
1093 1095
1015 839
852 1018
980 1275
1045 819
1134 769
1150 1111
1031 858
1139 786
1285 1039
1381 710
971 942
1212 1154
1010 910
1036 900
1077 1272
1027 933
1223 821
1309 1204
1168 890
1256 855
1208 1370
965 1069
1041 1004
1262 1479
1371 823
1174 930
1218 1581
1000 1077
1137 981
1730 1281
1183 956
1086 1014
1953 1242
1224 940
1128 1017
2348 1517
1260 943
966 1228
1166 1011
1219 983
984 1212
1330 923
1061 1106
1025 1160
1040 1157
1123 1109
1375 950
1271 1025
1518 895
1300 1056
1322 1036
1465 991
1479 982
1059 1371
1170 1223
1232 1169
1188 1298
1342 1147
1384 1116
1258 1254
1233 1285
1304 1220
1469 1082
1857 919
1597 1032
1727 988
1466 1173
1631 1060
1459 1201
1491 1172
1882 999
1931 992
1686 1065
1517 1180
1418 1343
1512 1207
1872 1035
1652 1128
1476 1277
1475 1287
1504 1267
1677 1156
1779 1118
1699 1178
1705 1191
1492 1379
1480 1418
1749 1196
1991 1099
1893 1153
1585 1350
1776 1219
1548 1399
1516 1488
1755 1307
1768 1302
1830 1265
1826 1297
1875 1296
1623 1463
1612 1486
1955 1274
2314 1145
2388 1105
1876 1365
2117 1230
1952 1366
1685 1509
1786 1455
1887 1408
1849 1442
1908 1414
2434 1141
2098 1349
1643 1600
2390 1256
2285 1351
1997 1498
1919 1559
1935 1592
2259 1472
2404 1391
2165 1536
2170 1531
2227 1576
2327 1544
2393 1543
