1474416471 1523815439
1
sift 818
124 98
3 5
5 9
347 301
6 10
15 21
647 690
12 30
16 24
567 591
34 46
18 29
728 777
44 53
22 33
1160 837
50 57
20 35
973 1084
59 74
21 39
73 70
25 40
942 1177
63 80
26 42
87 122
29 45
1089 1117
98 104
32 48
105 124
33 50
112 128
38 52
122 144
37 55
135 154
43 54
134 167
46 58
178 186
48 60
173 189
47 62
171 199
49 61
182 207
54 59
214 184
51 64
181 211
53 77
177 222
56 69
191 215
62 66
196 226
55 76
189 244
57 75
197 241
65 79
208 236
60 86
264 229
71 81
236 256
64 89
235 265
66 88
244 266
76 85
256 269
58 102
243 284
74 96
265 275
81 97
255 277
68 107
266 280
85 93
267 281
91 100
254 304
89 114
250 318
80 133
296 293
94 112
293 297
96 121
290 324
97 120
314 311
100 115
302 335
118 118
305 355
99 134
356 330
103 129
361 343
106 136
358 349
109 135
365 352
110 139
357 373
116 138
360 385
104 146
363 392
120 131
377 367
146 116
404 422
119 149
402 435
125 152
408 429
131 157
415 434
108 194
413 446
130 164
436 450
137 165
439 464
138 170
448 468
157 158
482 457
170 150
474 493
139 176
479 496
141 177
395 633
151 173
485 618
148 180
546 540
154 185
545 558
155 188
603 544
163 191
584 584
168 195
590 586
161 206
595 599
174 204
610 602
175 210
607 638
185 205
626 654
184 208
665 657
169 227
713 606
172 228
639 699
201 218
566 839
194 232
655 743
204 231
683 714
205 230
743 677
198 242
691 735
207 235
756 741
213 234
731 750
215 237
795 773
218 240
828 761
212 248
798 792
216 246
898 718
203 259
658 1055
200 267
803 831
225 250
938 824
229 247
958 902
226 254
1055 814
241 243
878 978
223 264
931 1015
228 288
979 1056
242 271
1020 1043
234 278
1005 1089
239 285
842 1272
270 272
1087 1036
324 249
1187 957
260 282
1209 986
268 276
1256 975
248 291
1107 1144
245 294
1063 1220
263 287
1125 1164
281 274
1601 878
274 286
1235 1114
277 289
1188 1189
284 300
1483 1062
282 310
1298 1154
276 315
1046 1604
297 309
1317 1290
307 303
1390 1260
300 313
1294 1337
288 334
1419 1334
301 321
1207 1620
325 323
1434 1385
316 338
1460 1377
337 325
1475 1395
330 331
1566 1312
294 381
1550 1379
311 363
1642 1346
317 365
1548 1479
332 347
1499 1565
336 351
1477 1601
364 337
1538 1552
329 374
1561 1655
331 369
1582 1670
334 382
1578 1706
355 358
1615 1687
353 359
1713 1614
339 394
1694 1792
346 387
321 426
394 342
341 409
350 389
368 372
366 384
433 328
370 395
375 393
372 397
371 403
352 431
392 398
390 407
387 417
400 405
445 364
378 430
386 437
432 410
428 420
416 425
399 445
344 528
410 439
434 428
304 694
447 432
452 436
438 448
627 345
427 459
412 474
443 453
458 449
457 452
437 467
466 443
425 478
398 520
476 463
449 499
544 424
495 447
469 479
462 489
499 455
478 487
480 485
484 490
456 548
473 532
854 380
505 509
493 516
520 507
666 440
492 538
517 521
504 527
525 517
500 537
518 524
486 557
489 553
512 543
547 518
514 551
537 531
530 546
740 442
542 536
532 554
508 585
534 569
501 636
550 566
535 593
564 568
524 627
563 583
573 570
577 577
561 596
540 616
589 563
556 629
568 612
531 670
575 614
571 630
569 644
628 571
600 600
606 587
593 604
632 580
583 632
612 601
591 622
602 613
553 681
582 655
622 607
620 609
667 572
668 582
624 652
640 628
598 662
653 619
601 664
625 656
635 647
615 658
705 565
543 751
660 624
654 646
613 666
616 668
820 541
630 674
580 738
587 733
641 675
552 796
510 910
699 620
689 645
648 688
659 693
984 519
650 731
692 669
837 581
708 660
579 818
657 730
549 898
677 695
645 740
714 678
673 732
682 716
690 722
687 736
676 745
700 729
729 704
742 702
681 760
732 726
750 710
777 685
791 679
719 742
762 719
701 781
741 744
722 759
695 803
704 790
747 753
737 769
744 762
1230 535
715 817
773 749
748 785
754 786
1000 651
767 775
864 713
801 754
787 768
761 794
783 778
757 819
879 725
775 805
771 810
716 893
840 763
809 791
725 900
917 727
922 723
821 797
779 826
782 828
862 756
759 851
855 764
812 821
786 843
790 844
889 752
769 886
834 832
797 858
815 841
844 822
937 746
841 833
810 852
764 938
830 854
839 849
765 946
813 890
776 947
887 816
831 899
818 923
807 940
832 916
868 845
838 918
863 859
867 850
852 874
846 909
872 857
651 1222
910 835
881 853
858 907
968 820
883 885
890 870
990 808
906 863
884 895
934 840
919 865
847 960
880 924
900 920
1069 783
848 981
951 875
913 921
873 954
814 1051
970 866
871 959
843 1016
793 1094
861 990
921 933
976 880
920 939
1061 804
1074 802
888 962
912 949
987 897
875 993
877 992
869 1010
947 942
882 1002
785 1124
959 943
925 967
955 948
895 999
1011 903
746 1206
1019 917
926 998
962 965
1141 801
1051 877
845 1099
972 972
894 1054
952 1024
1041 935
1088 891
1015 968
1104 869
1009 988
780 1232
811 1194
995 1018
897 1102
1006 1027
1131 871
1044 977
1084 952
1031 1017
1022 1040
1030 1031
1083 973
996 1083
1027 1049
817 1271
1049 1029
1038 1047
1026 1078
1081 1011
1003 1096
1032 1072
1050 1045
1122 974
924 1161
1071 1065
1066 1079
1138 984
1076 1080
1036 1106
1123 1019
1056 1098
1118 1048
1105 1074
1048 1109
1064 1104
1213 958
1034 1140
1195 980
1158 1014
1110 1087
1042 1136
1134 1058
1647 757
1037 1151
1095 1101
1129 1068
1060 1149
1257 971
1100 1126
1383 908
1156 1077
1109 1121
1096 1150
953 1289
1092 1158
1111 1145
1130 1118
930 1350
909 1416
1115 1168
1102 1188
1082 1221
1182 1122
1236 1092
1185 1134
1094 1226
1124 1185
1251 1097
1175 1152
1029 1324
1142 1176
1035 1319
1150 1173
1018 1389
1132 1208
1113 1248
1366 1064
1077 1292
1139 1210
1136 1231
1265 1123
1266 1129
1273 1132
1164 1218
1528 1013
1238 1159
1144 1252
1677 932
1166 1229
1278 1148
1211 1203
1355 1116
1225 1192
1385 1112
1146 1301
1412 1113
1220 1239
1512 1086
1196 1269
1215 1275
1119 1449
1461 1131
1246 1264
1719 979
1154 1396
1121 1480
1276 1258
1362 1198
1322 1238
1359 1212
1259 1278
1169 1430
1240 1310
1204 1378
1285 1296
1531 1156
1192 1466
1447 1213
1293 1316
1400 1246
1338 1274
1241 1383
1321 1297
1262 1354
1343 1281
1543 1183
1342 1302
1353 1291
1300 1345
1281 1362
1320 1323
1218 1476
1427 1261
1360 1300
1272 1403
1277 1431
1228 1491
1645 1157
1302 1397
1329 1356
1231 1495
1327 1363
1374 1327
1316 1419
1421 1317
1404 1335
1304 1458
1349 1408
1354 1412
1205 1606
1346 1441
1318 1472
1348 1444
1420 1380
1407 1401
1422 1400
1350 1475
1332 1485
1429 1404
1403 1437
1315 1522
1325 1512
1239 1621
1331 1511
1356 1494
1479 1388
1377 1486
1559 1322
1442 1442
1301 1572
1409 1474
1389 1489
1310 1570
1551 1341
1264 1634
1248 1683
1639 1309
1399 1531
1405 1536
1292 1665
1581 1381
1424 1528
1602 1358
1545 1432
1428 1542
1454 1510
1567 1414
1623 1371
1328 1642
1598 1406
1515 1483
1587 1417
1667 1333
1472 1548
1473 1554
1503 1517
1592 1456
1426 1607
1505 1538
1425 1617
1397 1643
1504 1557
1509 1559
1523 1556
1583 1496
1643 1453
1488 1587
1522 1576
1410 1697
1608 1497
1489 1645
1588 1567
1552 1615
1334 1793
1648 1523
1520 1648
1536 1640
1484 1703
1590 1594
1563 1633
1573 1624
1556 1644
1430 1779
1562 1675
1569 1661
1576 1650
1676 1558
1633 1609
1584 1684
1661 1589
1604 1690
1638 1637
1619 1685
1594 1708
1706 1577
1697 1581
1618 1726
1679 1636
1656 1711
1635 1736
1558 1794
1547 1795
1741 1413
1690 1694
1653 1751
1720 1630
1678 1730
1662 1760
1658 1771
1691 1748
1711 1755
1632 1807
1740 1653
1736 1716
1717 1803
1474416471 1716575903
1
sift 117
52 65
220 249
15 25
279 299
70 95
23 47
347 314
1016 1019
47 51
380 472
162 198
60 92
973 546
1053 1402
119 79
1315 1140
167 193
96 133
1646 1512
1125 1362
137 132
1283 1816
169 246
163 184
1396 1654
168 228
242 269
165 238
174 234
260 316
154 293
194 230
390 382
185 256
172 291
355 438
221 342
270 343
375 424
241 375
278 344
478 520
276 358
316 380
469 574
341 372
332 468
591 768
343 492
311 558
783 1114
414 605
392 720
871 1219
550 506
701 436
1563 1027
468 849
453 984
1300 1320
535 802
700 658
1246 1493
489 1025
530 973
1166 1745
583 872
618 832
1259 1614
506 1179
667 867
1327 1677
487 1422
556 1177
623 1023
569 1165
649 1006
860 842
643 1198
619 1301
994 836
837 1064
737 1225
671 1430
907 1042
761 1391
744 1480
779 1652
821 1565
832 1570
869 1444
754 1879
988 1295
771 1779
996 1299
846 1685
876 1623
944 1551
1060 1445
855 1945
887 1899
926 1861
1019 1712
990 1781
912 1969
1113 1600
1330 1304
1009 2002
995 2046
1195 1593
1285 1496
1030 2045
1181 1814
1316 1571
1527 1441
1343 1675
1325 1733
1474416471 1785851268
1
sift 627
52 81
3 10
2 5
192 229
12 21
18 42
279 331
34 64
20 37
220 260
59 131
21 38
347 340
73 122
28 52
354 353
98 143
25 54
503 559
105 165
23 63
567 575
112 177
32 57
647 668
122 163
33 61
728 728
227 119
37 59
1089 1022
135 184
38 60
1107 1028
145 176
40 70
1612 1539
180 213
39 76
1125 1089
171 227
49 82
173 224
51 88
1197 1153
181 237
58 92
178 249
60 90
1561 1448
197 232
57 96
191 259
64 89
196 258
72 95
182 308
74 102
235 285
71 108
240 293
62 118
256 287
70 128
244 304
83 132
265 318
86 125
280 315
99 121
236 359
97 124
322 289
91 139
267 345
77 160
302 321
94 136
306 323
109 146
290 341
103 149
272 367
110 151
314 462
119 159
360 411
143 140
358 418
117 172
361 420
129 152
363 423
100 200
365 419
125 175
356 469
141 156
402 459
136 164
413 470
130 170
408 475
133 181
377 509
138 186
439 485
137 193
485 482
131 198
474 504
154 201
436 551
155 196
479 534
140 256
448 618
199 187
482 629
169 209
720 500
172 210
584 662
162 221
590 670
159 247
626 719
174 218
684 684
168 236
607 764
160 253
599 787
185 242
546 943
223 203
603 856
161 283
665 818
190 246
655 842
195 245
829 688
207 230
931 665
212 235
828 717
205 252
691 868
219 233
621 1035
216 266
1005 683
213 288
798 921
215 322
804 959
343 216
1207 695
241 295
939 922
352 228
795 1109
283 277
979 1023
242 311
731 1322
193 437
1016 1015
276 294
1147 928
268 310
1025 1079
229 365
1087 1104
261 332
1020 1161
282 316
1299 970
255 351
1055 1290
281 336
1256 1213
329 302
1209 1438
270 361
1188 1500
201 538
1419 1286
353 301
1235 1483
288 369
1294 1506
311 346
1628 1454
297 380
1481 1571
321 354
1478 1594
277 414
1538 1597
274 424
1733 1417
335 375
351 362
316 396
330 387
332 392
325 416
371 371
337 412
372 378
368 384
366 391
450 344
362 403
367 425
394 398
230 815
355 453
390 440
370 460
387 444
341 495
392 445
375 465
396 457
403 474
458 439
421 461
410 478
425 471
364 547
531 433
451 493
435 518
348 716
469 517
465 522
419 584
447 571
580 477
499 508
500 514
466 567
481 546
511 512
453 612
495 527
493 528
478 591
452 635
506 549
492 563
512 550
476 609
524 541
525 535
574 507
606 496
529 553
504 581
535 545
532 557
508 592
505 605
518 620
530 611
563 585
550 603
589 599
487 740
556 650
811 494
572 634
552 669
571 643
587 626
517 729
558 689
624 619
577 673
591 657
705 561
602 656
616 640
615 644
612 648
634 633
622 659
650 630
847 516
613 666
623 663
620 674
561 742
654 655
568 737
636 690
598 711
704 623
653 692
600 726
714 642
860 580
780 615
659 715
575 869
641 776
749 681
722 696
873 614
687 739
697 720
657 798
688 755
692 745
693 748
645 828
638 839
570 995
544 1052
640 864
670 814
682 797
779 698
660 841
726 759
514 1212
737 767
809 700
759 744
729 774
677 844
831 710
651 945
757 770
769 762
786 761
747 805
764 792
785 783
744 834
700 897
701 899
783 801
858 751
834 782
889 727
742 884
632 1093
884 753
754 889
824 816
782 853
797 849
752 915
734 954
813 847
817 848
801 880
851 821
777 917
830 873
761 933
852 830
776 927
775 929
870 838
908 811
771 984
844 895
841 909
816 952
774 1000
788 982
861 887
872 879
1119 705
917 843
910 857
968 827
867 919
915 878
611 1406
850 940
888 893
906 883
793 1036
855 949
869 930
840 994
972 858
882 935
909 914
947 882
880 951
1083 786
808 1046
741 1130
896 931
846 1014
921 925
940 907
877 977
1113 778
913 957
887 980
746 1183
1032 871
1117 799
1115 806
883 1019
890 1025
719 1278
970 967
964 986
996 956
790 1174
791 1177
989 965
924 1032
792 1187
990 975
820 1155
864 1092
1161 819
900 1075
1131 863
1022 992
1074 924
1030 981
1027 989
1026 996
988 1041
1092 932
1036 997
833 1223
863 1158
1011 1030
955 1082
1009 1043
1019 1040
732 1458
980 1074
1077 978
1048 1007
925 1123
1033 1037
1129 941
995 1085
1071 1020
1006 1084
843 1270
838 1306
1031 1065
1037 1053
1094 1026
1102 1010
1044 1069
1060 1056
1076 1049
1080 1054
1068 1063
1051 1087
1096 1051
848 1379
959 1216
837 1487
845 1457
1035 1167
865 1425
1220 1017
1082 1145
1110 1122
1401 910
1018 1268
992 1326
1015 1292
1111 1159
1123 1138
1000 1327
1148 1114
1158 1108
1175 1105
1124 1150
1185 1112
1088 1227
1191 1121
1146 1151
1093 1251
1132 1194
1296 1070
1139 1205
1511 966
1283 1103
1065 1368
1109 1316
1229 1148
1225 1166
1179 1217
1142 1271
1318 1120
1249 1168
1177 1253
1300 1141
1272 1175
1192 1269
1241 1208
1176 1289
1164 1321
1166 1314
1144 1352
1221 1248
1193 1308
1356 1143
1365 1163
1238 1252
1343 1176
1262 1237
1219 1301
1355 1181
1266 1239
1246 1264
1228 1299
1403 1165
1275 1247
1057 1568
1412 1172
1259 1283
1362 1209
1239 1333
1195 1414
1277 1288
1360 1236
1136 1517
1348 1249
1231 1394
1313 1284
1196 1449
1150 1510
1293 1343
1169 1499
1204 1466
1340 1309
1347 1323
1508 1202
1322 1362
1257 1435
1420 1279
1270 1431
1344 1358
1346 1364
1309 1405
1276 1446
1181 1569
1271 1461
1383 1371
1664 1154
1385 1373
1457 1325
1398 1376
1441 1353
1405 1384
1156 1614
1307 1473
1417 1397
1316 1485
1503 1336
1301 1518
1285 1531
1315 1504
1427 1430
1304 1530
1558 1334
1684 1220
1393 1477
1436 1453
1424 1464
1522 1409
1479 1447
1439 1494
1377 1556
1404 1540
1433 1528
1325 1595
1518 1489
1440 1544
1399 1570
1594 1439
1505 1502
1654 1386
1569 1465
1515 1516
1425 1573
1580 1481
1428 1589
1645 1436
1624 1475
1506 1552
1493 1563
1488 1567
1531 1548
1447 1604
1426 1615
1528 1559
1573 1532
1547 1550
1619 1513
1665 1455
1442 1618
1583 1549
1635 1521
1526 1605
1687 1478
1567 1583
1571 1591
1656 1533
1689 1495
1636 1572
1688 1541
1541 1632
1718 1537
1673 1606
1588 1633
1454 1641
1683 1640
1474416471 1861578657
1
sift 154
124 105
1107 1358
15 15
279 299
123 165
18 22
251 353
20 19
354 298
520 664
26 33
347 339
21 57
503 620
32 47
647 838
29 58
718 858
48 55
728 882
47 60
818 1017
43 78
46 86
1315 1668
70 85
64 124
72 122
92 142
96 145
136 121
102 164
110 172
138 214
168 176
163 183
167 186
162 201
174 224
154 271
157 256
185 226
194 217
172 255
300 211
245 241
242 250
263 264
260 281
270 284
247 308
278 311
241 374
262 365
341 294
284 366
307 338
480 278
362 372
332 419
355 390
311 485
390 396
537 313
387 414
394 426
478 441
531 449
469 510
392 672
367 747
598 432
470 552
561 466
550 474
701 457
428 746
412 792
577 576
460 794
651 612
591 709
530 821
490 995
667 766
736 726
487 1295
507 1172
623 918
515 1211
619 958
583 1096
649 978
556 1214
783 802
737 877
704 963
629 1193
744 1041
837 938
569 1585
714 1127
671 1267
682 1225
887 926
723 1150
847 1075
871 1048
771 1223
1036 941
698 1479
812 1196
690 1571
862 1147
839 1206
788 1307
832 1249
955 1095
863 1183
815 1390
785 1489
1041 1078
880 1360
1008 1180
996 1195
1143 1039
779 1619
764 1633
918 1387
882 1461
1022 1297
959 1410
1011 1339
865 1576
855 1594
848 1617
1195 1178
947 1620
1073 1435
1010 1567
1018 1570
970 1632
956 1640
1166 1321
1181 1385
1246 1278
1092 1562
1259 1304
1330 1345
1443 1347
1327 1466
1273 1550
1421 1460
1400 1676
1474416471 1906096636
1
sift 733
52 59
3 3
15 16
124 125
34 44
14 17
253 205
50 73
16 22
220 263
59 102
18 31
279 326
73 110
20 29
354 468
78 108
21 30
647 691
88 120
26 33
567 618
98 134
22 42
728 727
112 149
24 37
766 762
122 143
25 38
973 1120
134 156
28 36
770 1391
135 163
29 39
929 1623
145 168
23 52
1107 1105
227 133
32 43
177 192
33 50
1125 1162
173 197
37 49
171 206
38 51
1197 1174
180 207
40 54
181 218
48 55
178 232
49 61
197 227
51 65
191 240
66 64
196 243
58 67
208 257
57 70
235 274
64 69
240 283
60 76
250 279
68 79
244 285
72 82
254 287
62 93
243 294
74 86
256 296
71 95
265 303
76 103
236 337
77 116
267 320
90 104
322 272
70 128
271 330
86 113
272 333
96 111
290 325
91 123
305 322
104 107
302 344
94 118
312 388
99 112
314 440
97 119
313 463
103 139
363 394
110 137
361 407
109 140
358 408
119 144
360 410
143 129
357 447
136 136
356 451
117 155
365 432
107 167
377 481
125 154
402 454
120 170
408 465
130 159
413 471
141 152
439 484
133 165
436 515
131 171
566 441
138 164
404 614
137 178
448 556
163 157
485 535
157 174
479 543
155 189
482 630
144 211
545 568
172 184
584 652
140 228
546 753
154 208
590 717
159 204
610 716
221 162
626 731
166 200
683 697
161 219
603 794
195 190
743 671
162 229
599 822
174 209
607 807
168 226
665 789
198 193
655 809
185 223
713 756
160 262
829 692
199 213
691 852
190 230
931 680
205 214
721 883
169 267
800 844
183 252
828 866
223 202
798 911
194 246
804 934
212 231
842 901
207 237
795 997
219 234
1005 830
224 235
1055 891
216 250
938 1077
218 256
1016 1030
213 268
1207 857
215 290
1046 1014
225 282
979 1166
201 347
914 1273
239 269
1020 1247
241 276
898 1453
242 295
958 1438
229 323
1127 1258
283 275
1147 1269
245 309
1256 1267
276 284
1188 1434
268 298
1235 1585
255 311
1445 1378
433 221
1378 1474
261 319
1419 1523
282 308
1478 1584
281 315
270 345
288 318
277 353
311 313
329 306
352 292
274 372
230 467
297 366
286 380
307 369
316 360
284 403
321 362
325 363
335 365
330 371
339 379
332 393
349 385
351 389
394 358
362 387
341 412
353 401
366 392
355 433
368 420
346 459
367 429
375 457
378 453
390 444
392 436
410 434
327 569
364 508
387 474
403 466
425 461
342 596
412 492
414 485
401 506
458 469
348 690
438 514
579 411
399 588
419 552
470 510
466 513
447 538
611 427
499 496
531 478
435 578
489 505
467 533
472 541
465 554
469 550
462 565
373 768
500 520
492 540
452 634
478 582
476 586
524 525
493 562
432 677
506 558
495 571
508 576
505 579
453 687
504 591
483 633
525 570
557 542
535 567
512 598
517 610
442 766
518 623
543 590
532 609
530 637
574 594
486 725
563 620
587 606
537 662
568 641
604 605
547 664
556 658
550 667
529 726
572 663
593 642
879 500
555 700
571 676
589 651
609 639
552 721
580 675
811 522
577 708
634 645
558 735
612 656
660 636
585 703
591 694
573 740
622 673
613 688
602 722
653 668
615 713
649 679
636 693
620 720
681 655
600 749
654 698
646 723
640 728
598 757
623 752
619 764
685 705
704 685
673 736
583 816
672 741
657 763
659 760
641 774
606 802
627 796
840 640
638 795
698 748
726 724
651 790
488 1185
544 1008
687 773
645 831
847 657
666 810
860 659
514 1152
917 647
761 755
749 769
692 815
759 770
601 1018
722 823
737 817
667 932
632 988
747 812
729 840
768 793
873 751
700 885
752 838
757 827
908 745
779 814
808 800
780 825
769 829
701 924
775 833
831 803
764 855
826 813
797 842
734 921
783 853
744 917
754 904
786 874
742 944
834 850
835 861
782 909
824 873
817 878
801 900
880 818
791 920
830 880
968 782
809 899
731 1001
774 939
810 915
1131 715
785 956
777 977
771 990
889 867
861 902
844 930
837 949
787 1006
947 856
881 912
906 894
869 935
852 954
846 969
776 1076
815 1027
793 1060
882 941
918 914
915 927
940 892
888 940
1083 808
905 942
857 995
887 966
732 1194
820 1081
862 1021
890 984
924 957
872 1019
841 1084
913 983
875 1020
867 1036
884 1025
864 1048
745 1229
920 991
956 967
1003 937
912 1011
988 950
1119 839
976 962
926 1007
962 978
972 970
896 1050
970 987
838 1144
990 964
977 982
921 1032
883 1080
974 989
1088 887
1115 862
900 1068
909 1058
980 999
965 1015
1044 936
987 994
946 1033
856 1148
719 1393
959 1053
1117 919
992 1041
996 1042
1032 1010
989 1057
1076 958
1085 961
927 1121
877 1180
1074 979
850 1213
1113 946
1030 1039
1026 1046
863 1203
1009 1073
1006 1087
790 1345
964 1130
1035 1065
1036 1075
1008 1116
1031 1097
865 1260
995 1141
955 1184
925 1209
951 1188
1060 1085
1011 1139
1037 1115
1092 1071
1071 1100
870 1306
1094 1093
845 1379
1102 1082
1022 1176
1068 1134
1118 1091
1019 1200
1050 1165
1156 1062
1183 1040
1146 1092
740 1785
937 1320
1041 1208
1202 1059
1093 1186
1082 1202
1096 1196
1106 1190
1015 1303
1123 1173
1033 1274
1366 981
1039 1270
1158 1145
1080 1238
848 1637
1148 1158
1029 1305
1111 1207
895 1551
1175 1163
1077 1275
1530 945
1206 1149
1066 1299
1139 1204
1042 1366
1220 1169
1330 1089
1057 1368
1241 1156
1176 1214
1124 1283
1443 1049
1279 1160
1128 1291
1132 1288
975 1621
1110 1374
1164 1268
1064 1484
1144 1338
1221 1246
1177 1308
1179 1309
1140 1363
1385 1170
1161 1361
1192 1339
1228 1278
1321 1217
1266 1263
1166 1419
1203 1375
1262 1289
1401 1211
1272 1295
1195 1422
1182 1456
1239 1351
1150 1500
1322 1280
1420 1227
1293 1313
1249 1359
1018 1790
1356 1266
1300 1321
1236 1396
1275 1354
1246 1390
1511 1195
1238 1402
1259 1376
1383 1264
1196 1494
1277 1369
1181 1532
1231 1460
1122 1654
1205 1521
1208 1515
1304 1385
1327 1381
1441 1293
1393 1341
1381 1357
1412 1344
1362 1394
1320 1431
1352 1412
1332 1427
1276 1519
1316 1465
1360 1424
1324 1464
1347 1441
1440 1373
1403 1405
1346 1467
1508 1314
1245 1591
1264 1572
1340 1495
1389 1436
1528 1331
1348 1508
1417 1432
1301 1563
1422 1448
1450 1421
1469 1409
1479 1414
1278 1626
1343 1546
1664 1255
1427 1487
1581 1336
1457 1455
1382 1540
1487 1439
1315 1620
1397 1543
1576 1384
1349 1608
1404 1576
1255 1751
1518 1491
1377 1624
1257 1752
1218 1800
1531 1498
1424 1593
1286 1750
1505 1547
1438 1630
1522 1544
1309 1755
1394 1669
1338 1719
1447 1649
1432 1660
1573 1531
1488 1612
1515 1587
1506 1598
1583 1539
1684 1426
1594 1549
1425 1716
1442 1707
1545 1609
1399 1744
1436 1730
1472 1706
1546 1632
1334 1803
1493 1697
1542 1663
1502 1728
1569 1670
1665 1571
1725 1451
1579 1690
1657 1607
1551 1729
1653 1629
1619 1689
1555 1764
1651 1667
1717 1565
1633 1698
1636 1700
1610 1724
1635 1735
1558 1795
1687 1664
1627 1747
1620 1761
1656 1718
1547 1811
1645 1748
1643 1762
1710 1693
1673 1801
1474416471 2095558067
1
sift 111
503 515
220 216
47 50
567 557
172 243
66 86
647 674
1016 885
159 209
718 763
247 232
154 238
727 819
1125 1018
194 191
766 780
525 425
221 170
1089 1162
1107 1111
233 317
818 855
701 361
245 332
1396 1655
316 293
1283 1315
700 529
248 403
311 432
1315 1378
332 401
380 410
392 588
550 460
531 501
460 646
510 534
535 587
468 742
453 955
634 609
506 842
487 1011
530 889
541 882
558 865
529 985
572 931
736 761
556 1102
650 951
637 992
623 1051
641 1028
583 1138
723 914
714 939
660 1114
690 1118
847 907
569 1628
670 1286
839 1034
739 1156
837 1081
1527 667
812 1147
729 1308
744 1338
821 1198
764 1341
779 1319
734 1491
882 1159
754 1449
759 1438
968 1129
771 1478
996 1113
793 1441
855 1279
892 1235
832 1463
884 1370
1092 1127
788 1644
951 1302
889 1427
887 1443
1083 1163
926 1403
841 1703
1041 1323
1008 1414
1003 1462
977 1573
1176 1310
1146 1416
1048 1632
1060 1629
1277 1303
1220 1434
1257 1375
1343 1300
1285 1464
1316 1437
1401 1423
1157 1737
1228 1675
1115 1758
