1523815439 1716575903
1
sift 102
98 67
1164 1362
21 25
307 218
227 246
55 75
295 299
165 132
301 314
271 269
195 228
1084 546
203 223
936 1003
282 316
185 293
205 256
1522 1140
407 382
232 230
260 229
358 438
228 291
231 286
393 424
313 236
294 280
487 520
272 343
290 344
662 403
336 342
338 380
479 574
291 586
347 468
622 768
387 684
781 436
778 1114
519 628
454 940
870 1217
510 916
593 802
959 1219
729 658
546 973
1345 1320
553 1025
632 872
1278 1614
673 833
581 1064
1228 1747
612 1012
640 984
1363 1677
665 1023
643 1166
731 1007
620 1306
702 1115
590 1546
851 971
663 1430
820 1113
769 1225
762 1480
802 1494
797 1565
823 1535
767 1833
800 1812
808 1781
810 1779
786 1879
764 1945
916 1570
1083 1299
789 1970
816 1899
1010 1444
909 1685
917 1712
980 1593
1149 1445
998 1861
1059 1876
987 2001
1018 2046
1172 1672
1153 1741
1296 1496
1028 2064
1440 1432
1298 1632
1281 1675
1182 1916
1419 1571
1357 1851
1512 1733
1523815439 1785851268
1
sift 540
67 81
5 10
1 0
219 229
30 21
4 4
295 331
26 41
24 33
301 340
46 64
35 37
307 353
44 45
37 39
591 575
119 77
39 38
700 668
113 135
42 47
777 728
104 143
40 54
815 766
124 165
41 80
829 771
127 178
45 73
144 163
50 61
1117 1022
154 184
52 60
169 179
55 59
1143 1027
189 224
62 72
190 234
61 82
1164 1089
199 227
89 70
211 237
75 96
1655 1448
215 259
86 90
226 258
72 118
241 232
81 108
207 308
102 92
255 279
96 102
265 285
100 139
269 287
120 124
266 304
112 136
275 318
134 121
256 359
123 144
281 345
108 160
277 351
129 149
353 323
135 146
412 315
139 151
311 462
147 148
343 420
115 200
349 418
152 175
330 469
159 169
385 411
164 170
322 484
177 156
392 423
156 197
367 509
170 186
435 459
165 193
429 475
227 164
446 470
188 196
464 485
185 201
450 551
195 236
493 504
200 243
508 534
205 242
457 629
220 218
468 618
235 230
584 662
206 283
586 670
296 190
544 856
230 252
654 719
264 203
540 943
248 235
637 763
245 267
714 685
243 295
642 777
237 322
657 818
261 300
634 862
271 311
1015 665
276 310
735 868
294 312
743 842
274 336
684 969
315 294
792 921
283 332
825 922
217 539
830 959
263 362
773 1109
272 361
750 1322
310 316
1056 1023
359 301
814 1290
324 341
1620 695
309 380
1036 1104
289 414
975 1213
286 424
985 1437
334 369
1114 1483
363 346
1334 1286
331 387
1189 1500
371 355
1336 1507
351 374
1552 1597
325 412
1602 1594
338 396
342 398
347 392
372 384
397 378
426 354
377 393
421 371
384 391
368 422
403 402
415 395
387 441
407 440
398 445
417 444
393 465
519 368
337 547
449 439
319 624
475 425
409 495
439 478
400 533
498 447
478 471
455 508
447 527
432 571
467 522
443 567
460 529
490 503
479 517
585 474
462 610
516 528
487 591
517 535
537 514
587 496
511 565
509 605
543 550
538 563
737 476
527 581
554 557
565 561
593 545
523 621
546 611
627 541
583 585
566 603
424 1052
521 729
640 612
608 628
601 648
577 673
636 622
652 619
607 659
613 656
630 643
629 650
622 657
732 574
609 674
646 655
658 644
668 640
619 692
678 642
665 663
666 666
600 726
960 516
733 626
731 630
662 711
790 623
1194 494
693 715
669 745
590 890
796 669
904 613
675 776
645 861
758 697
954 614
736 739
704 774
791 700
752 727
541 1155
716 797
730 798
695 844
826 698
525 1274
580 1093
769 767
772 769
643 995
803 746
727 843
847 709
551 1212
702 884
685 917
740 828
753 805
778 801
899 710
819 770
849 736
729 897
851 744
843 761
1250 582
832 782
795 824
894 752
907 751
754 880
930 732
886 762
820 827
786 889
780 898
950 757
828 853
764 949
835 857
938 792
874 830
748 1000
794 933
802 924
818 904
858 849
822 895
767 982
805 929
854 873
973 786
763 994
857 879
871 863
890 847
833 909
863 883
679 1177
1034 772
808 975
931 855
850 919
810 984
816 980
842 952
942 882
972 858
905 923
1044 809
782 1064
994 846
866 967
744 1130
933 925
962 893
924 951
921 957
947 927
990 887
1124 783
885 1019
800 1116
909 1014
1071 872
789 1149
903 1030
1010 930
1002 935
917 1040
742 1278
1005 961
992 977
889 1072
1168 806
876 1086
1029 958
1028 963
970 1025
919 1076
915 1091
1031 981
1449 705
1039 991
1083 956
1049 989
988 1043
844 1174
948 1082
977 1069
1078 996
1011 1055
1065 1020
1017 1065
1032 1061
967 1123
1018 1085
1158 932
1026 1083
1108 1006
891 1227
1271 848
1094 1036
1014 1108
1169 946
855 1272
1046 1094
1019 1138
1222 945
918 1306
1043 1161
1161 1032
1188 1010
1150 1051
1151 1053
1149 1056
1064 1164
1038 1196
1059 1190
968 1292
1226 1026
1239 1017
1292 978
1416 914
1152 1105
1016 1270
1067 1251
1113 1172
981 1379
1063 1259
1116 1181
1145 1159
971 1435
980 1414
1185 1150
1153 1197
1061 1393
1129 1239
1192 1166
1221 1145
1045 1451
1121 1316
1079 1412
1206 1183
1282 1112
1159 1252
1207 1195
1210 1205
1198 1209
1112 1373
1233 1217
1301 1151
1099 1457
1178 1324
1319 1167
1345 1141
1218 1321
1228 1315
1472 1120
1263 1265
1157 1436
1293 1233
1299 1235
1403 1175
1437 1165
1238 1362
1077 1614
1383 1208
1278 1283
1252 1352
1493 1144
1354 1237
1313 1301
1172 1511
1236 1427
1686 1088
1182 1508
1351 1289
1316 1343
1389 1268
1380 1279
1261 1430
1295 1382
1258 1446
1444 1249
1407 1280
1269 1449
1431 1288
1559 1201
1359 1357
1466 1269
1231 1517
1265 1496
1638 1170
1186 1596
1393 1396
1490 1300
1441 1364
1372 1423
1213 1604
1388 1447
1517 1336
1296 1531
1378 1466
1381 1480
1495 1394
1331 1526
1477 1420
1288 1561
1335 1540
1536 1384
1419 1485
1430 1499
1621 1333
1520 1426
1570 1404
1576 1409
1528 1464
1458 1530
1483 1516
1585 1434
1414 1583
1522 1504
1538 1502
1486 1556
1496 1549
1679 1424
1560 1523
1598 1493
1750 1386
1572 1518
1463 1603
1661 1465
1442 1618
1708 1439
1794 1334
1512 1595
1767 1413
1542 1589
1624 1532
1685 1513
1587 1567
1617 1573
1711 1533
1735 1520
1607 1615
1567 1633
1656 1620
1795 1550
1510 1641
1752 1634
1523815439 1861578657
1
sift 153
67 70
829 975
21 15
98 69
95 165
35 19
172 163
1143 1359
42 33
295 299
827 757
39 57
307 298
48 47
301 339
45 58
305 353
60 55
815 795
62 60
777 882
54 78
923 1017
58 86
89 124
115 108
99 161
125 142
121 145
107 162
123 155
139 172
195 176
170 214
205 226
185 271
232 217
228 255
313 211
271 250
272 284
287 264
282 281
290 311
209 818
303 338
393 286
409 294
485 278
391 346
358 390
340 411
342 426
1475 199
347 419
408 374
407 396
530 314
315 558
417 414
363 485
487 441
398 672
479 510
662 432
420 746
596 466
470 657
910 387
561 517
781 457
577 576
636 565
670 594
804 526
515 867
546 821
622 709
572 766
545 873
534 1027
581 938
542 1066
553 1145
665 918
778 802
631 1097
1222 612
769 877
731 977
629 1214
678 1127
590 1397
816 926
790 963
820 962
762 1041
716 1225
755 1148
758 1150
870 1009
643 1586
1329 706
767 1307
935 1078
810 1223
959 1048
960 1075
948 1095
796 1346
722 1571
859 1183
849 1206
875 1177
865 1221
823 1315
916 1249
980 1178
764 1594
903 1339
924 1360
802 1606
945 1396
1083 1195
826 1619
789 1652
1039 1298
1067 1309
866 1632
1002 1461
998 1488
942 1620
938 1633
987 1567
1100 1372
981 1617
1342 1154
1124 1489
1228 1319
1263 1279
1133 1551
1278 1304
1440 1173
1158 1562
1179 1588
1317 1460
1357 1428
1097 1673
1513 1299
1363 1466
1389 1570
1391 1597
1246 1676
1523815439 1906096636
1
sift 631
591 618
5 3
1 0
690 691
10 8
22 20
815 669
26 21
24 22
829 876
30 28
35 29
46 44
39 30
995 968
53 57
42 33
57 73
40 38
1143 1104
80 58
45 39
83 110
48 43
1164 1162
126 106
50 50
113 121
52 51
104 134
55 49
127 148
61 61
144 143
64 65
154 163
89 54
167 156
75 70
198 187
86 76
189 197
99 68
190 210
81 95
199 206
85 103
222 192
96 86
215 240
107 79
226 243
103 109
233 220
100 123
241 227
108 116
236 257
121 111
255 265
112 118
265 274
120 119
266 285
134 112
269 296
146 107
256 337
129 139
284 294
139 137
275 303
150 124
304 287
135 140
277 311
137 155
318 279
149 144
281 320
131 170
324 325
152 154
335 344
156 172
353 321
164 159
311 440
158 174
322 439
177 152
343 407
227 136
330 451
170 164
349 408
165 178
402 381
188 189
392 394
196 194
352 432
185 208
385 410
200 212
293 629
195 226
373 447
206 219
367 481
205 223
435 454
220 209
429 465
242 193
446 471
228 215
464 484
230 214
450 515
235 237
422 614
232 246
476 526
248 231
468 556
264 202
457 630
245 251
508 543
217 346
558 568
243 276
584 652
237 290
540 753
250 282
586 717
328 221
602 716
261 271
544 794
247 323
642 711
285 269
677 671
271 295
606 756
276 298
654 731
274 315
552 844
315 284
714 697
283 319
637 806
294 309
657 789
272 345
634 972
310 308
743 809
286 372
735 852
381 291
1015 680
334 318
761 866
303 369
792 911
309 366
814 891
374 306
773 997
323 363
750 1001
300 403
830 934
338 360
838 992
342 358
1089 830
331 371
824 1077
351 364
718 1453
368 373
997 1142
347 393
1272 901
394 379
1056 1166
426 362
975 1267
384 392
1620 857
358 433
1043 1247
372 420
1000 1392
391 417
1514 963
415 406
1114 1585
409 412
1189 1434
398 436
1334 1523
337 508
1602 1584
387 459
1551 1673
408 435
1469 1806
393 457
1320 1823
407 444
319 602
439 434
430 453
417 474
404 506
357 596
449 469
519 404
421 518
478 461
455 496
400 587
443 513
448 514
474 492
432 538
498 487
460 524
447 571
410 677
445 588
467 554
458 575
436 634
585 466
462 585
479 550
489 565
487 582
553 505
818 411
537 520
516 562
510 573
509 579
539 530
538 540
527 591
521 610
523 622
543 598
627 525
725 500
554 609
593 567
518 664
546 637
424 1008
583 620
542 719
636 617
566 667
603 643
612 641
601 656
577 708
608 660
607 673
629 658
619 668
511 848
570 740
630 676
733 606
622 694
640 687
609 720
751 590
613 722
646 698
600 749
628 728
720 644
658 713
727 647
666 688
590 784
763 640
587 802
731 678
738 675
760 655
665 752
662 757
645 793
757 690
632 816
693 760
675 774
732 736
663 786
572 932
790 685
581 949
541 1081
1194 522
525 1127
730 763
669 815
796 721
580 988
736 773
592 1020
551 1152
821 742
960 657
871 715
704 840
851 741
679 920
889 732
740 831
753 812
758 824
820 782
769 817
729 885
702 944
643 1088
664 1018
685 977
752 867
778 853
954 751
795 843
805 833
819 827
826 814
754 900
762 917
748 939
832 850
899 803
786 904
791 899
780 923
713 1048
858 842
721 1040
886 829
924 818
843 874
930 820
934 828
828 909
854 880
822 930
973 808
755 1022
767 1005
863 894
896 879
808 964
938 855
802 979
853 912
852 915
891 887
816 966
942 856
956 849
810 990
910 925
913 918
941 896
931 913
874 954
880 962
961 895
866 987
870 984
841 1027
909 969
765 1148
857 1019
990 902
782 1133
836 1063
897 994
850 1036
921 983
833 1084
962 940
977 936
894 1024
939 991
1010 935
1002 941
965 978
849 1103
972 970
949 1011
885 1080
933 1032
1222 790
919 1069
1044 943
998 1007
947 1076
1080 958
1232 825
903 1139
1064 981
742 1393
1168 862
970 1083
918 1144
987 1072
1031 1039
875 1188
1071 1009
859 1203
1124 956
1026 1086
1017 1097
1078 1046
917 1200
1115 986
1083 1042
1048 1091
948 1184
1077 1062
1435 801
905 1233
1271 878
1161 957
1094 1060
1065 1100
1014 1145
1018 1141
1102 1051
908 1264
991 1181
1028 1153
844 1345
906 1276
967 1209
1106 1075
1019 1173
1125 1059
1449 839
1045 1165
1053 1164
1248 946
1092 1119
1039 1177
728 1785
1149 1085
1158 1071
1011 1239
1059 1197
968 1303
1151 1115
1188 1082
1112 1170
1152 1163
1226 1093
980 1422
1150 1196
1079 1299
1145 1207
1301 1092
1153 1237
1129 1263
1239 1169
1097 1356
999 1551
1210 1204
1061 1473
1221 1202
1099 1379
1113 1344
1206 1228
974 1654
981 1637
1090 1477
1136 1366
1185 1283
1262 1220
1103 1483
1218 1268
1383 1156
1207 1287
1122 1456
1349 1179
1297 1217
1238 1280
1159 1402
1211 1335
1233 1309
1120 1536
1182 1404
1199 1368
1107 1573
1198 1394
1156 1498
1292 1275
1035 1749
1252 1338
1380 1227
1119 1603
1172 1501
1167 1520
1638 1111
1228 1420
1263 1389
1316 1313
1324 1305
1223 1461
1354 1289
1148 1626
1278 1376
1295 1371
1249 1450
1345 1321
1686 1129
1403 1295
1261 1487
1381 1336
1299 1423
1258 1519
1269 1494
1363 1381
1490 1279
1323 1431
1186 1683
1466 1339
1431 1369
1213 1649
1388 1414
1157 1748
1281 1546
1517 1318
1437 1405
1458 1385
1372 1502
1419 1465
1359 1533
1441 1467
1308 1588
1277 1652
1477 1444
1335 1576
1407 1535
1489 1436
1444 1508
1495 1460
1283 1688
1621 1351
1273 1721
1408 1608
1440 1580
1496 1539
1650 1384
1569 1488
1483 1587
1341 1729
1502 1577
1330 1753
1538 1547
1520 1564
1392 1704
1584 1507
1468 1646
1486 1624
1606 1521
1658 1466
1576 1544
1528 1593
1442 1707
1522 1620
1572 1563
1624 1531
1560 1601
1741 1440
1563 1632
1643 1543
1389 1790
1587 1612
1453 1762
1634 1572
1603 1610
1367 1807
1464 1769
1548 1706
1707 1548
1608 1659
1668 1616
1531 1744
1476 1800
1635 1662
1674 1636
1679 1633
1609 1698
1688 1648
1549 1771
1570 1756
1693 1653
1661 1670
1617 1716
1685 1689
1625 1726
1750 1628
1711 1718
1803 1565
1735 1734
1739 1778
1777 1733
1785 1728
1720 1809
1794 1795
1793 1803
1795 1811
1809 1694
1523815439 2095558067
1
sift 92
591 557
199 152
62 50
690 674
200 138
777 820
226 179
185 238
815 905
236 180
349 360
232 191
923 855
1298 104
544 356
279 317
829 963
294 332
598 577
338 293
994 995
291 403
657 581
348 400
1164 1018
363 432
1143 1110
387 583
1117 1162
398 588
458 841
461 837
593 587
562 634
546 889
738 641
542 917
612 890
617 882
640 955
581 1081
678 939
629 1102
675 1028
731 951
665 1051
632 1138
758 914
722 1118
663 1287
892 996
849 1034
704 1308
771 1156
643 1627
820 1129
797 1198
764 1279
762 1338
752 1427
826 1319
786 1449
794 1469
816 1443
875 1302
810 1478
1083 1113
767 1644
894 1371
851 1438
823 1525
935 1323
938 1341
916 1463
971 1375
789 1746
833 1703
998 1403
1005 1485
1094 1441
1153 1357
1281 1300
1109 1632
1239 1434
1149 1629
1301 1416
1431 1303
1296 1464
1440 1349
1419 1437
1168 1758
1490 1674
