1636735110 1785851268
1
sift 56
186 339
5 17
23 25
11 21
54 61
216 555
33 64
129 239
152 244
218 230
249 419
207 267
212 323
401 312
270 470
360 373
352 423
319 548
553 922
324 504
583 902
439 412
516 1213
490 408
660 1101
416 508
921 920
472 466
770 1192
408 648
966 1598
519 550
820 619
931 622
607 1085
819 855
876 925
813 1014
795 1053
1498 700
1114 957
1317 875
1116 1043
789 1485
1065 1239
1155 1159
1149 1205
1194 1237
1141 1394
1538 1302
1550 1351
1580 1409
1324 1632
1565 1544
1791 1549
1787 1640
1636735110 1906096636
1
sift 69
186 305
5 8
1 2
124 192
17 13
216 570
152 239
23 18
129 220
54 50
1266 1387
270 471
138 269
212 321
218 237
352 394
207 251
552 1077
359 332
516 1267
401 309
770 1002
257 873
841 972
416 496
966 1711
490 423
1165 1523
472 464
1290 1804
408 656
519 598
1299 442
931 617
598 994
904 705
810 752
946 700
607 1141
736 917
820 829
751 958
1141 723
819 913
813 969
795 1115
876 1032
625 1580
1338 785
1114 983
1317 881
1261 926
789 1465
1116 1073
1237 1022
1498 899
1065 1263
1149 1204
1155 1207
1194 1289
1246 1450
1050 1781
1538 1300
1565 1373
1220 1809
1580 1544
1791 1539
1470 1779
1892 1709
1636735110 2019709110
1
sift 53
223 178
376 313
480 425
556 397
463 462
589 442
569 456
450 544
732 489
842 496
780 518
725 547
930 506
522 820
928 543
895 550
929 735
950 749
998 765
1189 673
923 850
718 1267
1170 953
1604 797
1020 1159
964 1236
1222 965
1440 874
1050 1251
910 1454
1903 788
1278 1026
1621 889
1337 1124
1796 949
1769 957
1761 1016
1449 1189
1283 1340
1724 1180
1831 1151
1800 1238
1354 1559
1792 1343
1365 1700
1612 1501
1879 1314
1801 1434
1750 1518
1583 1671
1855 1428
1670 1733
1715 1674
1636735110 2124113243
1
sift 59
223 169
1856 733
376 291
589 329
556 347
606 373
469 446
463 468
480 452
450 594
1000 360
705 423
842 444
522 768
895 503
1211 417
781 578
928 529
609 741
1434 418
725 633
950 649
795 794
929 769
998 710
1026 717
1287 604
718 1175
1456 611
1659 617
1732 620
1648 646
923 1085
1170 951
1222 902
1578 824
1608 817
1278 1033
1020 1408
1049 1389
1769 853
1829 887
1207 1275
964 1624
1902 954
1604 1155
1621 1160
1283 1432
1831 1114
1801 1232
1791 1255
1555 1521
1715 1438
1855 1377
1750 1824
1660 1977
1611 2094
1661 2135
1912 2023
