1643728630 1716575903
1
sift 331
34 28
54 84
14 17
78 99
63 103
45 41
82 102
95 134
40 54
124 141
102 129
38 56
108 115
105 165
52 47
161 175
127 155
41 68
158 177
200 164
49 59
196 221
155 191
46 62
219 240
164 260
61 58
261 270
159 206
55 78
227 259
211 268
94 87
309 359
165 212
74 124
304 415
297 279
76 113
328 469
272 366
87 114
377 434
277 459
101 116
462 396
387 349
97 146
343 561
723 236
117 117
456 404
339 450
115 130
434 472
370 430
110 140
482 616
378 425
120 152
490 534
371 528
142 148
608 743
342 557
131 178
549 719
375 532
138 174
701 1018
409 474
130 211
534 868
520 620
151 166
780 970
405 610
136 197
581 802
475 860
147 190
867 1508
527 695
150 216
578 816
541 707
145 231
1084 1654
502 944
162 213
662 842
538 976
228 172
1161 1548
414 1576
163 283
681 882
543 994
177 257
1386 1748
510 1133
170 308
772 1121
648 1215
240 192
1620 1524
587 911
201 258
897 1307
753 1117
176 317
619 1048
184 304
1214 1630
736 1188
194 294
711 1154
206 276
719 1311
204 282
778 1205
199 296
682 1971
210 285
826 1214
239 293
779 1697
249 305
749 1627
238 330
796 1695
224 340
825 1341
223 348
1130 2030
267 329
917 1751
270 327
260 333
1100 1320
263 365
233 422
987 1581
273 386
278 385
989 1655
291 376
279 417
963 1825
299 363
421 280
1059 1763
348 345
390 331
1055 1800
373 338
303 448
964 2007
302 473
432 309
1187 1500
340 391
327 428
1070 2034
452 303
298 533
1106 2031
314 467
322 476
1889 1640
364 429
365 436
374 461
393 423
354 601
403 489
458 419
398 516
400 521
468 437
401 560
396 600
399 629
397 686
467 527
415 650
411 703
507 506
443 678
433 700
451 649
416 780
445 684
494 565
472 658
568 507
540 543
504 609
489 643
459 759
511 634
553 589
480 752
487 753
473 811
498 783
483 902
545 766
531 796
515 817
570 725
500 901
513 921
509 962
533 983
516 1026
522 1038
572 870
585 826
602 821
559 982
588 933
552 1152
557 1143
523 1335
642 871
675 885
631 1070
579 1334
655 1029
688 936
595 1259
726 890
663 1023
657 1064
628 1149
708 930
732 904
696 969
721 973
632 1240
598 1481
674 1148
605 1819
766 1073
669 1344
820 950
727 1230
709 1255
677 1406
777 1110
645 1582
704 1313
687 1414
827 1046
783 1245
812 1156
651 1882
811 1165
797 1248
745 1435
809 1238
804 1318
714 1738
852 1190
787 1430
1014 971
840 1263
748 1690
838 1322
785 1589
934 1139
856 1348
904 1269
923 1272
930 1273
844 1535
997 1182
833 1610
864 1546
955 1299
805 1995
961 1359
1030 1276
900 1620
915 1577
876 1774
866 1820
942 1561
896 1773
912 1723
952 1585
1061 1392
899 1861
1000 1531
951 1675
910 1877
938 1736
936 1798
945 1818
954 1833
1045 1607
959 1829
1043 1645
925 1980
1027 1688
935 1961
1003 1788
950 1943
1023 1772
1434 1163
995 1966
1333 1303
1040 1869
1261 1412
1080 1783
1296 1399
1056 1979
1192 1682
1093 1934
1303 1518
1145 1905
1141 1941
1098 2041
1148 2024
1282 1734
1319 1759
1339 1786
1264 1991
1454 1863
1820 1832
1643728630 1785851268
1
sift 66
82 83
1038 1099
52 63
219 219
178 303
61 88
78 100
70 107
558 575
115 166
328 348
191 183
613 668
185 210
581 545
239 201
831 1089
312 168
780 675
270 430
894 1028
421 312
681 997
432 408
1170 1152
445 441
791 846
467 535
1442 1448
572 586
1044 1103
642 672
663 663
721 611
675 724
727 702
715 737
787 813
864 890
1014 744
953 783
862 936
998 823
955 956
954 982
986 967
1074 1019
910 1251
951 1176
999 1124
1010 1247
1100 1141
1045 1261
1109 1331
1318 1108
1247 1183
1116 1365
1258 1179
1142 1457
1438 1526
1607 1422
1573 1446
1296 1631
1516 1517
1826 1449
1836 1492
1643728630 1861578657
1
sift 184
261 206
63 111
38 54
613 838
219 238
52 41
402 370
211 267
55 71
894 1358
272 427
76 126
471 594
723 211
87 130
946 1280
378 310
117 109
681 941
339 406
97 149
370 424
110 144
801 1524
375 543
120 148
409 700
131 174
867 1289
541 481
130 190
475 772
127 208
1683 1612
538 857
151 166
527 778
136 202
510 968
159 192
543 987
140 233
736 1420
165 189
779 1603
163 240
1102 1544
192 231
893 1614
201 270
204 263
199 277
206 273
213 283
184 358
239 271
223 329
260 302
251 343
247 394
263 361
289 331
295 325
273 360
291 349
299 340
340 301
279 421
380 306
327 383
324 409
296 512
364 395
334 465
393 385
365 457
351 484
342 513
458 351
320 597
432 407
398 489
450 442
354 693
411 528
399 583
439 482
401 580
405 584
311 1102
397 641
467 497
494 469
507 474
445 626
451 613
489 553
433 695
435 691
478 639
416 784
526 581
480 692
512 631
529 628
545 634
570 600
531 681
487 763
572 655
575 657
469 944
504 826
586 673
516 847
533 853
602 703
559 789
509 1019
636 726
587 852
588 855
625 746
726 690
622 822
655 765
645 780
631 869
663 918
721 821
715 840
618 1116
626 1103
705 901
710 906
674 994
766 828
590 1513
778 892
727 1013
809 844
652 1334
687 1271
711 1202
720 1265
748 1161
828 1029
856 1034
787 1267
785 1275
745 1401
975 993
997 967
768 1509
909 1113
844 1315
968 1080
923 1216
910 1309
955 1195
945 1292
954 1307
1003 1228
938 1449
935 1484
1000 1364
953 1489
963 1478
1045 1430
1152 1302
1208 1188
1056 1469
1093 1424
943 1640
1027 1554
986 1632
1301 1369
1353 1547
1572 1332
1367 1574
1177 1670
1187 1674
1475 1545
1748 1644
1643728630 1906096636
1
sift 62
78 85
1038 1164
52 52
212 263
178 180
61 65
219 225
115 147
558 618
191 183
581 567
239 208
613 691
162 384
780 707
421 309
792 968
432 423
681 1075
410 483
831 1162
445 459
894 1105
467 570
946 1052
670 650
1171 1174
642 718
715 641
1469 1736
721 637
663 752
675 778
657 949
787 786
864 784
1014 741
814 1027
899 1007
943 967
953 956
954 1005
986 987
955 1042
1123 945
1074 1080
1061 1286
951 1546
1100 1321
1318 1145
1247 1228
1142 1379
1152 1446
1151 1746
1113 1803
1447 1536
1311 1723
1607 1503
1438 1754
1717 1521
1826 1494
1792 1684
1643728630 2045004962
1
sift 51
112 140
38 46
760 131
110 175
120 148
360 454
127 173
130 178
147 209
558 825
131 184
136 261
516 1351
831 1388
204 326
206 319
767 1145
1380 889
267 281
238 322
954 857
1170 1841
224 357
263 336
785 1174
1206 1924
259 392
299 400
924 1122
331 359
279 475
896 1516
334 430
324 592
961 1350
409 533
405 571
1230 1191
399 627
586 524
1148 1535
480 797
533 809
1118 1831
711 1314
745 1320
1667 1408
1070 1739
1040 1905
1768 1542
1137 1826
1643728630 2095558067
1
sift 358
34 42
5 17
14 16
81 72
13 18
20 21
78 80
47 74
18 26
82 81
52 40
21 28
108 101
66 60
44 45
112 116
54 78
38 62
125 114
63 96
46 68
119 121
85 105
55 83
137 133
95 119
94 88
158 158
102 123
84 94
196 178
105 146
76 103
219 195
109 135
101 113
227 214
189 159
103 115
256 323
164 239
97 138
304 268
180 246
117 110
328 280
211 233
115 118
343 347
255 325
110 139
360 338
231 371
120 140
402 322
244 353
126 145
456 444
277 345
134 130
434 410
297 305
135 131
460 574
289 334
127 153
471 501
272 388
142 129
490 631
315 359
136 180
558 557
372 364
140 179
613 674
348 340
151 163
549 672
339 414
153 167
608 792
318 402
147 192
581 587
423 319
157 187
701 884
365 361
155 190
578 766
371 418
162 182
791 995
370 456
159 194
681 906
375 489
150 224
831 1018
362 566
165 203
780 833
369 562
177 223
894 1111
378 548
254 161
758 929
408 497
163 278
1044 1315
409 494
173 266
801 1392
442 585
170 285
1084 1655
467 425
184 249
918 1142
475 816
201 230
1477 1753
472 529
194 273
1460 1078
510 741
199 261
430 811
204 252
541 887
206 254
501 756
265 207
538 973
240 222
527 878
239 238
519 1083
233 270
587 854
236 274
647 1145
222 296
648 1149
224 294
684 1346
249 284
719 1281
269 277
736 1225
251 293
700 1387
223 329
793 1229
270 288
751 1404
232 320
754 1465
237 326
753 1541
245 313
779 1511
260 302
835 1329
263 315
1150 975
308 271
881 1539
275 346
1067 1638
268 368
917 1630
346 263
1293 1661
291 337
963 1608
279 360
337 291
302 339
325 312
285 399
296 375
299 384
313 350
303 387
373 310
314 400
320 415
316 452
321 441
421 332
376 393
389 369
364 419
351 443
393 380
391 407
353 507
354 518
432 383
358 586
383 519
496 349
446 396
350 677
398 500
415 483
426 450
400 538
401 556
397 597
405 581
396 652
399 678
547 404
458 514
403 668
507 460
416 669
445 583
433 596
439 593
492 534
451 602
443 661
380 978
466 673
521 542
473 675
459 701
494 606
553 555
480 705
491 717
392 1206
448 848
540 660
511 699
498 743
436 940
411 1166
600 559
568 622
545 714
665 496
500 873
529 791
513 859
515 864
628 663
572 796
522 989
516 1031
533 1017
559 967
617 765
588 874
636 761
602 863
585 949
694 711
571 1024
688 722
579 1014
590 1023
675 828
645 903
630 959
930 561
823 664
667 891
618 1075
715 890
721 889
655 1062
663 1051
657 1081
674 1050
632 1177
726 970
683 1048
669 1097
659 1172
820 831
705 1068
677 1173
732 1054
698 1112
703 1109
777 1004
709 1153
783 1025
756 1058
605 1729
627 1612
720 1195
651 1492
711 1243
687 1336
766 1123
743 1199
797 1099
1261 697
802 1164
838 1121
787 1287
812 1241
785 1401
800 1342
817 1309
1092 916
855 1247
729 1736
818 1367
713 1748
745 1702
904 1190
768 1658
955 1113
852 1344
891 1240
909 1280
811 1628
888 1333
927 1259
844 1525
899 1403
923 1386
951 1300
843 1653
929 1397
828 1709
998 1369
1023 1355
942 1526
1014 1438
1000 1473
1003 1471
934 1689
954 1644
1257 1182
1080 1484
1030 1616
1015 1667
1120 1534
1467 1135
1236 1358
1119 1577
1063 1757
1248 1586
1343 1593
1282 1695
1432 1760
1744 1681
1548 1752
1813 1755
1643728630 2130703568
1
sift 74
33 31
38 52
127 167
34 41
178 177
76 111
155 142
110 160
402 365
130 163
331 338
131 180
558 803
147 210
279 518
136 237
613 906
206 301
324 516
204 321
798 1153
267 266
409 506
238 324
791 1194
263 340
405 581
259 413
831 1480
299 421
587 889
364 417
894 1565
334 446
1682 2033
526 428
957 1417
399 654
443 730
1285 1725
480 807
586 585
1364 1983
1902 326
533 839
710 764
727 793
516 1440
557 1713
787 1104
674 1374
766 1205
711 1393
843 1136
745 1517
954 1041
945 1130
794 1550
1404 980
1051 1328
1080 1715
1113 1776
1153 1939
1368 1746
1558 1539
1398 1707
1619 1534
1684 1716
1584 1920
1730 1779
1741 1774
1764 1865
1718 1948
1846 1999
