1689478995 2014127030
1
sift 89
107 134
1102 1308
45 63
112 172
1196 1323
48 64
144 180
66 111
233 231
150 174
201 257
155 204
304 438
179 242
407 362
175 278
459 414
216 228
444 428
270 206
288 296
733 771
192 529
367 349
1364 1457
347 410
386 427
402 467
366 577
440 468
445 639
531 609
477 709
551 705
735 621
673 747
622 905
670 894
704 867
821 765
676 1041
743 937
824 866
946 912
795 1051
902 988
861 1047
860 1097
827 1137
872 1093
814 1191
886 1107
1006 1053
815 1320
979 1098
997 1099
923 1212
989 1176
945 1259
873 1390
1294 992
1003 1298
1017 1289
987 1363
928 1478
1084 1248
1053 1285
1114 1218
1048 1348
1089 1338
1080 1358
1095 1330
1120 1383
1171 1375
1271 1283
1244 1310
1189 1409
1202 1408
1229 1401
1023 1517
1283 1398
1304 1381
1358 1354
1352 1370
1252 1459
1539 1244
1341 1473
1385 1465
1520 1452
1689478995 2019709110
1
sift 119
504 345
96 119
320 292
249 159
136 107
969 642
212 157
341 287
303 343
257 180
1260 955
328 348
422 371
457 350
333 365
399 341
438 430
1182 379
380 473
363 503
486 486
593 753
479 417
481 479
632 523
826 676
478 502
442 639
608 665
802 698
579 495
530 609
719 726
1047 857
704 481
658 541
737 803
958 979
574 705
551 768
990 958
662 781
762 666
1155 1209
675 922
800 741
1162 1446
824 730
795 763
1634 1082
859 747
808 799
1065 1989
788 831
924 761
1496 1374
635 1357
947 771
1680 1393
803 887
936 813
1611 1481
786 1015
955 836
1707 2095
1080 817
829 1192
791 1364
1040 962
814 1459
1027 1093
1395 818
1018 1152
816 1572
902 1491
1227 1011
1189 1044
1151 1115
821 1892
974 1453
928 1598
1242 1130
935 1727
997 1552
979 1645
945 1752
1673 920
1356 1108
987 1655
1253 1208
1191 1274
1178 1295
1003 1698
1468 1121
1111 1489
1289 1267
1006 1903
1326 1336
1259 1410
1422 1366
1594 1268
1431 1415
1075 2040
1357 1602
1709 1280
1582 1411
1435 1540
1336 1681
1704 1413
1529 1578
1666 1450
1432 1711
1620 1509
1546 1614
1240 2025
1606 1595
1434 2114
1381 2155
1730 1883
1689478995 2045004962
1
sift 70
353 412
65 92
355 418
67 113
225 501
405 373
96 143
1390 1461
115 167
297 463
423 673
119 190
134 172
331 425
453 621
146 184
199 261
333 487
563 744
194 315
204 313
439 1024
569 842
207 359
224 357
606 655
729 849
254 336
248 392
573 793
659 1786
334 325
309 430
580 921
343 610
476 559
623 878
458 696
570 809
565 1216
526 988
687 882
600 1146
643 1187
567 1505
636 1366
749 1241
929 1810
962 1152
814 1374
1034 1873
875 1536
886 1522
1473 1746
799 1750
992 1336
877 1679
1006 1501
1064 1415
941 1868
979 1839
1084 1644
1182 1494
1042 1877
1273 1531
1098 1859
1391 1508
1456 1581
1328 1822
1650 1931
1689478995 2124113243
1
sift 64
380 445
350 766
441 564
704 414
670 455
536 621
673 522
551 836
580 795
626 809
762 618
622 983
795 683
924 634
1097 586
955 718
788 1072
1048 884
763 1469
791 1479
1027 1059
1040 1079
814 1497
1125 1031
1564 813
829 1661
1018 1288
1120 1148
820 1851
1189 1115
871 1818
1253 1124
1422 1044
1346 1098
1289 1175
1259 1210
997 1594
1512 1048
784 2423
1637 1021
954 1877
1178 1440
1356 1274
935 2201
1006 1931
956 2301
1546 1340
1606 1312
1582 1366
1059 2177
1063 2183
1171 1840
1674 1354
1666 1419
1432 1598
1424 1642
1594 1551
1435 1697
1506 1707
1529 1743
1521 1813
1336 2143
1291 2206
1628 2466
1689478995 2130703568
1
sift 98
69 123
65 88
429 364
96 142
67 115
352 443
104 118
498 766
134 168
115 170
423 662
119 179
1359 1623
194 310
146 180
453 718
199 237
207 338
243 238
563 878
157 474
343 572
204 337
569 1232
238 326
427 581
228 369
659 1814
254 340
587 889
255 398
1077 2014
248 413
866 1836
225 529
1728 2002
334 320
323 330
269 498
350 375
309 446
236 772
297 502
322 472
331 475
330 761
333 776
481 544
483 585
438 769
458 730
412 1026
527 647
523 669
571 569
505 848
551 716
531 809
486 977
570 839
573 902
592 928
580 993
622 959
565 1188
547 1280
617 1028
566 1252
687 916
600 1208
613 1205
784 1020
567 1965
821 1023
877 1002
937 949
777 1222
791 1199
830 1158
737 1571
719 1751
989 1111
829 1367
928 1370
814 1688
992 1443
871 1787
956 1601
979 1551
1070 1430
1237 1444
1075 1761
1295 1505
1042 1971
1114 1900
1034 2016
1215 1911
1287 1898
1689478995 2146998783
1
sift 155
107 133
69 124
45 63
201 269
68 175
63 93
150 158
355 308
65 99
1359 1454
206 284
67 116
407 342
352 599
66 119
1733 1575
372 673
104 126
733 936
423 613
96 151
453 848
115 174
1364 1362
473 842
122 241
563 852
146 204
1301 1491
504 1245
134 233
569 1022
154 224
729 1134
149 243
659 1593
155 249
1226 1453
171 329
1665 1386
145 438
189 292
194 316
240 263
204 321
199 349
231 302
236 301
207 355
238 323
224 346
228 370
254 352
321 276
248 382
225 470
255 463
269 449
300 395
260 510
367 336
334 374
386 340
311 422
348 390
309 456
297 484
331 460
391 397
322 486
452 360
303 531
362 496
329 548
343 568
333 608
342 610
330 669
397 634
427 615
399 783
483 578
412 794
475 631
493 620
438 773
447 827
457 804
527 653
435 934
571 606
605 566
531 684
508 741
505 806
568 672
552 724
586 691
573 751
551 828
526 953
536 920
570 834
580 819
592 870
587 968
626 888
565 1039
622 923
617 951
566 1121
600 1055
567 1272
615 1148
687 1005
643 1127
636 1234
649 1222
667 1220
662 1313
791 973
680 1348
645 1517
704 1341
736 1325
763 1255
784 1228
928 1054
777 1294
937 1072
902 1133
788 1337
862 1303
876 1328
1032 1092
829 1457
989 1172
842 1440
794 1569
871 1445
1110 1130
979 1349
866 1555
1294 1016
799 1613
946 1441
1025 1385
1020 1465
1006 1531
1659 1038
1084 1532
1352 1233
1098 1528
1273 1509
1391 1436
