1701417931 1865606473
1
sift 91
1396 737
84 25
94 96
163 91
146 69
228 123
177 147
292 158
199 156
438 201
301 211
437 219
309 209
490 312
343 235
541 398
369 247
678 388
364 255
1017 648
378 273
1002 683
389 280
1142 633
337 322
1279 778
430 277
1355 765
332 400
1290 822
443 332
1275 1208
493 303
1124 1579
566 307
529 361
472 434
533 421
492 464
593 371
509 535
611 547
590 600
488 832
679 534
733 516
813 505
615 691
638 655
800 573
726 642
790 607
627 746
671 705
753 651
716 699
934 541
828 679
793 724
810 731
736 818
886 739
1023 664
834 799
684 1051
826 948
949 817
893 908
798 1074
913 922
921 951
881 1061
964 907
945 962
1049 947
1036 961
1149 969
984 1211
1144 1000
1091 1060
902 1417
1031 1533
1170 1366
1204 1349
1221 1423
1176 1497
1359 1460
1392 1501
1367 1640
1285 1813
1362 1818
