1716575903 1785851268
1
sift 122
67 67
246 164
5 3
65 81
253 303
25 26
83 86
198 221
24 37
240 219
1018 1016
42 43
99 100
269 311
48 38
249 260
47 63
237 222
315 332
51 72
218 353
52 73
299 331
382 440
75 59
314 340
58 88
519 348
438 453
92 90
1362 1089
93 99
970 675
424 465
117 111
138 107
574 517
130 166
150 154
520 591
132 193
1478 93
767 658
223 208
307 183
1114 801
234 218
228 236
763 1370
293 201
291 210
1320 1141
256 242
280 312
1426 1158
358 294
375 295
1492 1265
343 361
238 622
1614 1283
327 430
558 346
1745 1314
468 392
372 495
628 368
531 406
684 441
720 445
527 555
506 603
436 899
802 545
870 586
982 596
973 611
984 612
871 672
1179 549
1007 630
884 723
1023 663
968 714
971 744
1231 703
1104 793
1225 767
1181 823
1496 737
1430 813
1166 995
1299 956
1444 930
1546 890
1295 1041
1445 1056
1879 889
1616 1004
1685 1014
1780 974
1779 984
1833 982
1945 949
1712 1040
2045 981
2063 964
1812 1116
2002 1043
1675 1176
1607 1261
2046 1085
1876 1190
1970 1149
1593 1414
1877 1251
1432 1557
1571 1485
1671 1510
1399 1631
1733 1595
1916 1508
1716575903 1799436415
1
sift 102
191 148
34 25
56 40
86 64
212 172
114 104
305 57
151 115
200 228
140 130
178 157
225 133
206 239
211 186
224 187
256 176
574 482
197 209
248 221
301 189
610 596
329 233
281 268
490 329
647 625
276 280
330 307
603 292
768 725
365 335
429 338
485 468
1114 706
419 365
543 336
571 507
911 1032
417 409
806 461
650 494
1217 866
629 532
827 491
632 559
1047 995
643 583
649 614
676 589
1155 1092
801 522
821 549
728 556
1746 1076
742 555
752 617
766 642
1614 1238
1073 505
759 728
940 605
830 710
1070 676
700 838
716 836
983 900
1064 632
1008 671
1330 1140
958 707
1104 649
1359 1412
989 732
1130 736
1435 1383
851 938
1230 737
1869 1521
925 977
1260 783
1966 1597
1026 934
1480 739
1148 978
1444 877
1430 933
1115 1125
1687 870
1470 939
1519 942
1391 1066
1758 955
1281 1250
1814 1086
2046 1016
1571 1208
1955 1087
1847 1122
1693 1229
1778 1230
1725 1275
1941 1266
1945 1374
1716575903 1861578657
1
sift 497
67 69
14 11
12 10
83 92
84 98
25 15
221 237
72 61
30 28
218 298
105 106
33 27
240 238
95 85
38 21
103 111
34 37
1508 1289
107 104
47 41
129 123
49 42
134 146
48 57
163 152
62 45
193 186
56 54
235 184
51 60
204 191
52 58
268 267
66 51
212 189
64 62
425 310
68 65
198 201
78 71
366 427
75 93
200 207
86 84
430 424
93 89
269 250
88 96
450 406
106 97
315 282
117 109
532 543
116 114
322 354
113 126
706 480
114 130
424 286
120 143
957 569
132 134
371 331
133 145
695 778
172 120
382 396
140 144
562 1030
143 140
438 390
146 149
846 724
151 147
403 432
145 156
860 772
166 166
442 418
153 181
976 857
178 174
520 441
188 168
994 987
184 183
557 513
242 171
1117 880
207 193
574 510
211 190
1133 968
197 202
610 584
224 210
1187 1421
236 211
647 603
230 217
1697 1603
234 224
721 667
244 218
1790 1577
248 221
768 709
302 203
256 226
911 852
239 245
287 216
1114 802
261 260
258 270
979 1018
283 240
265 276
1205 892
281 262
276 273
1047 1116
291 255
292 257
1214 992
294 253
293 271
1217 1009
278 291
296 277
1219 1048
321 254
301 290
1154 1202
332 283
343 284
1426 1183
339 287
333 302
1492 1279
328 318
308 336
1614 1304
337 316
318 333
1745 1321
344 311
304 358
1677 1466
372 294
348 329
1825 1478
390 300
443 296
373 332
363 340
412 325
377 344
380 343
376 349
365 361
375 374
386 360
378 384
413 347
419 351
387 378
388 380
368 410
401 401
423 385
407 400
428 383
429 395
458 381
417 421
501 356
448 433
358 558
467 420
436 457
427 464
481 435
408 500
495 434
627 362
422 566
506 474
590 428
552 453
543 459
524 471
466 557
654 417
516 489
416 677
503 518
564 468
527 497
847 367
558 485
533 523
571 495
547 535
545 549
513 602
553 548
518 605
585 533
613 519
560 580
598 542
600 540
670 507
615 546
643 553
631 568
629 583
635 578
703 528
730 537
676 586
649 613
742 556
633 631
601 693
817 521
684 626
772 567
725 600
765 575
736 595
686 641
887 508
774 591
661 687
607 718
773 592
599 744
841 572
762 628
650 712
720 672
734 674
700 695
766 634
728 678
786 632
830 606
744 685
806 629
662 738
752 692
855 611
677 751
795 682
861 624
827 673
894 622
870 655
623 899
794 705
1057 581
820 702
753 763
769 753
890 690
787 764
779 785
760 815
991 653
883 713
1163 593
1033 659
1008 684
745 903
1015 689
867 766
913 729
920 741
952 736
909 774
928 783
1137 699
1077 716
844 914
923 800
835 925
951 794
906 848
982 789
933 855
949 839
973 821
907 884
1082 754
854 965
999 803
1090 755
918 887
882 941
811 1047
983 853
1012 840
1030 825
1686 619
1221 725
1028 843
1026 847
1073 828
1169 761
1102 798
1000 885
1001 888
1171 765
938 961
895 1028
1103 837
1070 869
1035 901
897 1035
1049 896
1023 918
740 1394
987 955
995 951
872 1096
1031 934
1029 957
962 1019
1006 978
1064 938
915 1074
1122 890
1302 771
896 1135
1238 844
1095 949
1170 894
1151 910
1224 878
1113 962
1116 973
1252 875
1097 1025
1290 879
1254 906
1148 994
1181 966
1164 989
1108 1043
1227 960
1257 933
1582 780
1178 1036
1301 958
1230 1013
1260 997
1131 1093
1132 1094
1152 1091
1372 945
1179 1077
1228 1046
1213 1063
1338 970
1313 999
1509 908
939 1440
1269 1040
1525 916
1130 1166
1162 1153
1468 964
1243 1105
1975 781
1054 1334
1348 1034
1547 942
1124 1208
1232 1130
1337 1062
1009 1486
1888 863
1143 1284
1223 1205
1480 1041
1840 924
1542 1050
1899 926
1574 1042
1272 1216
1299 1195
1432 1124
1469 1112
1489 1111
1444 1131
1499 1109
1279 1261
1670 1038
1202 1392
1464 1142
1554 1108
1318 1247
1280 1306
1382 1192
1335 1252
1687 1065
1696 1070
1421 1213
1304 1345
1352 1285
1656 1118
1414 1271
1430 1267
1345 1350
1516 1193
1532 1187
1396 1310
1457 1258
1422 1295
1593 1178
1587 1185
1344 1422
1591 1196
1690 1161
1682 1165
1562 1235
1632 1198
1570 1249
1717 1171
1450 1380
1616 1241
1435 1401
1535 1315
1589 1275
1718 1212
1501 1381
1859 1155
1729 1217
1531 1364
1905 1140
1518 1382
1642 1293
1854 1170
1485 1437
1778 1222
1546 1397
1788 1228
2010 1122
1666 1326
1758 1264
1519 1441
1932 1173
1577 1417
1702 1366
1607 1430
1754 1335
1648 1419
1818 1292
1883 1259
1756 1352
1680 1413
1833 1307
1752 1363
1828 1314
1622 1452
1846 1312
1885 1286
1391 1634
1814 1385
1544 1566
1494 1606
1636 1530
1881 1362
1851 1428
1688 1554
1798 1494
1934 1424
1861 1488
1652 1619
1931 1482
1865 1534
1961 1484
1847 1573
1978 1470
1963 1507
1981 1499
1914 1564
2020 1526
2059 1455
1944 1593
2001 1567
2070 1344
1837 1649
2011 1661
2026 1669
1716575903 1906096636
1
sift 126
67 53
107 128
25 16
65 59
102 74
24 29
77 63
193 199
42 32
249 263
253 180
52 39
99 85
198 229
58 65
218 468
240 225
93 64
299 326
269 295
92 76
546 1120
1018 1029
117 101
519 400
315 319
133 111
1362 1162
138 132
970 707
382 444
150 130
130 147
438 433
132 178
184 157
424 457
223 194
291 184
520 582
234 209
220 244
574 550
307 183
228 226
767 695
256 223
293 208
1114 853
280 309
358 284
1217 984
375 276
343 345
1426 1203
344 354
238 617
1320 1321
380 360
476 328
1492 1389
372 412
468 393
1614 1376
531 397
611 398
1677 1381
676 399
499 497
1745 1419
720 436
684 459
527 570
506 667
436 924
802 567
1025 505
982 532
968 548
973 637
871 718
984 687
884 777
971 741
1023 752
1103 743
867 932
1237 759
1301 764
1225 817
1064 949
1115 944
1430 786
1546 784
1169 1013
1295 950
1687 840
1480 917
1444 935
1499 921
1299 1042
1879 904
1685 969
1780 965
1646 1043
1779 990
1899 966
1833 1005
1861 1007
1855 1054
1392 1286
2001 1072
1712 1200
1877 1186
1496 1394
1876 1197
2046 1141
1593 1422
1432 1580
1571 1465
2063 1154
1671 1500
1675 1546
1842 1485
1814 1532
1616 1676
1716575903 2095558067
1
sift 491
83 75
84 79
16 15
102 81
103 96
18 22
99 80
129 123
19 25
142 114
134 119
21 29
221 178
154 152
30 33
177 158
165 146
33 36
240 195
200 175
34 43
237 205
268 233
38 41
249 216
191 190
51 50
253 322
291 243
54 57
414 269
206 194
56 62
404 444
421 198
66 87
472 410
212 203
78 83
396 575
279 305
86 85
970 833
366 388
87 88
534 631
345 340
93 86
1018 884
395 356
106 99
1362 1018
459 345
115 101
1140 1378
450 414
113 103
1442 1413
401 385
117 110
430 456
120 112
436 361
130 118
425 548
147 128
528 418
140 139
474 494
135 150
527 425
182 108
532 489
146 138
658 529
145 149
610 581
151 141
695 878
153 143
647 577
158 132
822 748
156 156
707 887
161 157
860 816
166 163
805 895
262 147
911 854
197 180
1133 741
190 192
1106 811
207 185
976 973
213 182
1219 1117
223 199
1047 1075
226 207
1215 1149
243 200
1154 1243
216 224
1187 1224
225 215
1436 1072
245 202
1117 1541
342 174
1311 1281
259 214
1880 1145
242 237
1697 1511
257 223
1751 1630
258 230
1825 1608
250 244
293 238
276 254
281 253
304 249
301 250
283 278
296 261
294 273
305 284
308 285
321 279
289 303
327 288
298 326
340 294
332 306
416 248
333 302
390 260
338 310
422 270
380 293
318 358
309 383
348 329
365 315
339 367
385 318
376 337
362 362
377 363
363 384
407 354
373 390
417 360
473 339
423 380
448 387
456 394
429 419
467 400
561 347
419 514
484 424
481 435
476 442
494 430
603 365
876 308
509 438
501 465
506 460
586 403
487 496
540 427
558 432
609 409
466 586
516 500
529 484
521 538
544 525
548 524
489 668
541 559
560 556
585 541
607 508
650 483
601 518
589 555
657 507
564 607
571 608
661 533
543 660
727 491
578 616
590 598
758 478
580 654
622 594
600 652
684 583
635 614
664 592
649 602
637 625
716 572
676 599
686 597
720 588
700 596
629 678
615 694
576 755
626 709
678 661
634 699
728 610
1046 450
701 659
533 876
717 641
630 730
802 587
719 672
677 713
855 565
765 665
627 806
779 670
563 958
752 705
759 701
734 740
844 635
744 726
766 714
811 675
787 696
704 779
740 754
771 733
640 872
828 684
739 778
762 791
951 646
849 742
869 734
816 766
808 781
841 760
736 910
815 801
854 768
936 722
1273 561
931 735
863 785
801 871
928 753
870 796
817 864
820 862
929 765
883 810
1149 663
873 832
884 829
1094 702
806 945
915 797
897 827
826 949
702 1143
1132 711
835 956
638 1333
950 831
901 873
968 818
921 859
933 874
1052 804
991 847
890 970
916 927
1441 667
973 889
989 879
894 1002
913 980
1012 890
1412 697
1465 691
962 962
995 934
1031 904
819 1151
984 955
1043 893
982 967
1000 948
1007 951
955 1008
904 1054
1042 957
983 1017
1179 842
872 1138
1028 988
1038 989
1049 982
1099 968
1026 1031
1103 971
1023 1051
896 1194
1091 1010
1029 1062
1110 1004
1257 899
920 1217
1022 1116
1030 1115
1064 1081
1267 920
1178 1022
917 1299
1073 1123
1148 1050
856 1517
1116 1092
1071 1166
1245 1025
1372 954
1113 1129
1126 1134
1077 1216
1332 1012
1333 1013
1206 1104
1582 903
1304 1044
1204 1125
1164 1152
1422 1011
1248 1099
1446 1000
1279 1084
1174 1180
981 1505
1659 929
1224 1156
1299 1113
1156 1241
1254 1154
1237 1176
1344 1097
1239 1178
1321 1120
1122 1324
1711 960
1120 1347
1269 1190
1016 1598
1243 1245
1777 978
1289 1212
1637 1036
1152 1389
1189 1345
1181 1369
1481 1106
1130 1453
1252 1271
1309 1227
1421 1144
1153 1429
1316 1236
1406 1173
1376 1189
1444 1160
1370 1210
1345 1237
1348 1246
1229 1436
1437 1222
1226 1489
1199 1538
1355 1306
1591 1147
1430 1287
1565 1198
1165 1628
1352 1372
1161 1639
1414 1336
1343 1418
1609 1220
1432 1349
1247 1576
1522 1296
1315 1521
1171 1706
1280 1567
1480 1338
1335 1502
1509 1332
1468 1391
1486 1383
1391 1469
1584 1291
1276 1616
1381 1503
1151 1742
1221 1705
1338 1560
1560 1340
1596 1313
1470 1460
1337 1596
1675 1300
1652 1319
1496 1464
1687 1308
1499 1491
1589 1401
1531 1473
1680 1353
1571 1437
1518 1504
1570 1463
1552 1487
1484 1563
1826 1295
1741 1357
1535 1525
1587 1498
1772 1355
1445 1629
1561 1526
1847 1317
1608 1510
1656 1474
1724 1433
1945 1279
1758 1410
1435 1702
1717 1506
1636 1570
1861 1403
1778 1477
1788 1471
1783 1484
1881 1417
1562 1652
1879 1449
1899 1443
1475 1732
1756 1556
1573 1689
1882 1492
1762 1574
1729 1599
1859 1518
1769 1604
1993 1426
1926 1532
1702 1683
1828 1614
1696 1701
1947 1533
1855 1615
1667 1720
2010 1494
1734 1695
1833 1644
1835 1663
1837 1666
1969 1580
1839 1679
1975 1586
1894 1643
1819 1729
1883 1717
1854 1743
1716575903 2130703568
1
sift 109
73 60
154 168
2 0
191 142
56 52
221 203
212 170
113 111
200 226
124 118
253 177
204 179
140 160
374 334
178 180
1362 1480
911 889
172 182
417 518
190 210
1816 1758
1047 1192
197 237
2030 1764
224 222
1154 1393
248 243
2031 1836
239 306
329 266
276 301
281 320
318 345
339 350
413 292
365 340
373 337
363 421
429 417
543 463
445 647
561 566
1057 428
484 716
806 523
629 654
728 642
827 585
480 1111
678 730
571 900
1064 586
752 807
855 729
1103 656
1113 665
662 1158
1164 693
983 839
884 907
1406 700
1254 764
1230 793
933 974
803 1220
989 946
1178 851
1165 862
923 1114
1130 931
1074 1204
1070 1218
1570 971
919 1537
1076 1334
1259 1188
1026 1440
1457 1068
1148 1374
1261 1294
1565 1127
1688 1095
1001 1735
1685 1185
1818 1130
1444 1324
1810 1180
1499 1308
1223 1566
1944 1145
1391 1400
1143 1713
1299 1504
1963 1156
1202 1701
1435 1517
1712 1448
1840 1410
1773 1498
1485 1854
1814 1573
1501 1928
1675 1786
1964 1596
1955 1613
1725 1833
1815 1796
1701 1986
1847 1962
1716575903 2146998783
1
sift 60
28 38
191 151
56 72
253 284
73 51
91 111
200 233
113 106
115 114
396 522
395 446
124 126
140 206
1362 1202
1047 1075
178 204
190 256
1256 1465
224 231
230 249
1816 1339
248 254
257 351
276 349
329 301
281 374
327 334
340 346
373 321
365 352
429 435
259 1189
447 652
806 502
728 559
484 828
571 747
1103 506
827 578
629 722
855 589
1073 630
884 752
1165 648
1687 603
988 811
983 834
1237 720
776 1083
1257 733
1499 839
1444 879
1818 769
1778 831
1261 1037
1970 851
1944 886
1232 1506
1964 1170
1815 1442
