1745211470 1811936640
1
sift 523
778 796
79 50
0 2
302 306
65 35
7 9
829 816
106 107
19 21
470 412
77 39
27 19
1003 1146
139 100
30 24
64 49
41 25
154 95
43 26
102 69
84 31
168 170
63 40
117 77
69 63
195 207
88 58
111 81
90 60
213 189
67 78
110 85
95 61
316 199
93 62
124 83
73 82
264 265
76 84
134 99
115 86
295 324
123 92
142 102
121 94
416 312
129 115
153 108
119 137
491 329
140 111
146 116
132 122
511 394
150 126
169 130
157 129
476 475
131 150
208 124
161 127
856 551
165 125
227 154
174 123
940 576
228 97
217 159
173 145
903 605
242 121
212 176
190 143
702 765
189 149
245 161
186 153
911 658
266 132
258 169
205 173
1000 646
182 209
252 175
232 166
1106 830
202 203
248 216
251 190
1344 821
270 192
262 212
275 197
1206 946
230 226
549 250
253 211
1271 920
247 221
400 308
261 217
1317 961
322 219
419 307
283 243
1350 931
274 269
630 341
309 238
1371 934
312 246
497 397
279 282
1452 964
324 254
534 388
310 263
1230 1123
294 279
526 440
256 328
1493 1007
301 277
870 441
201 512
1482 1103
319 284
732 535
304 294
1096 1520
298 301
816 504
326 287
1421 1703
318 291
942 697
346 271
347 278
1299 601
358 273
341 292
932 709
364 270
327 321
982 702
361 288
349 297
853 892
355 332
380 298
1029 763
321 400
369 354
1091 738
385 335
443 296
1144 762
377 350
397 343
1027 835
407 339
337 429
1088 807
384 357
423 351
1053 820
529 314
391 384
1249 791
336 515
415 385
961 1017
426 374
439 376
1129 871
382 424
457 379
1188 863
499 361
430 414
1184 925
544 355
633 322
1186 958
446 410
388 478
1198 952
429 436
421 460
1266 919
494 411
532 396
1306 905
424 477
472 427
1381 896
410 508
428 490
1348 915
447 461
486 433
1267 994
394 547
409 569
1355 935
483 453
459 498
1336 971
495 457
515 447
1192 1069
493 470
477 491
1274 1033
414 599
589 422
1304 1027
431 593
489 507
1384 1001
514 499
525 495
1377 1029
601 435
628 434
1459 1010
502 546
509 545
1442 1024
791 401
527 541
1408 1086
578 487
492 592
1423 1191
533 548
475 613
1448 1170
524 568
535 556
1521 1108
567 518
570 519
505 606
456 671
597 501
465 653
422 734
503 614
564 565
634 502
545 597
596 538
513 641
595 571
546 632
623 553
602 578
599 588
636 558
614 572
693 523
540 661
553 650
576 625
705 539
794 509
867 468
556 676
521 715
781 531
642 608
713 579
658 622
731 587
613 656
698 611
580 700
779 582
807 575
864 537
725 615
728 620
772 602
700 634
643 665
619 686
561 756
716 630
859 552
747 631
754 633
675 677
538 844
797 623
727 662
660 710
655 711
1458 442
735 678
837 629
679 707
651 721
756 675
847 635
668 744
1511 437
701 714
785 685
762 705
752 718
673 786
891 670
685 804
938 648
710 788
802 730
680 828
672 850
664 859
1177 594
689 849
665 881
678 884
581 1096
999 674
814 787
1080 647
1017 666
890 725
722 886
780 861
746 898
720 940
845 817
733 945
805 875
916 775
894 784
827 853
908 779
751 960
796 908
627 1172
909 799
878 831
879 829
919 808
1021 743
819 924
968 778
1142 704
759 1020
1055 731
815 985
855 917
834 941
1093 751
1064 760
838 982
792 1051
888 906
967 838
880 922
1170 745
899 913
1208 755
1146 780
1034 836
929 930
1047 843
843 1106
825 1134
946 975
918 1012
876 1072
1038 874
684 1475
866 1112
948 1031
939 1042
977 1021
1153 878
898 1129
1130 891
1065 957
884 1208
997 1055
1075 977
1121 928
1313 839
979 1097
1116 976
1105 984
963 1130
1238 912
937 1210
1232 943
1508 797
1012 1127
1079 1081
1040 1117
1219 993
980 1222
1251 983
868 1423
1207 1014
973 1250
1074 1121
1187 1045
965 1264
1316 970
1280 998
1016 1211
914 1378
1048 1176
1063 1178
1328 997
1195 1090
1319 1004
1324 1002
1109 1150
1176 1111
1099 1177
883 1529
1005 1281
1205 1101
983 1332
1041 1248
1004 1305
1052 1257
1293 1065
1297 1075
1061 1259
1037 1295
1033 1299
1108 1228
1243 1113
987 1420
1490 967
1398 1061
1191 1215
1247 1175
886 1735
1118 1294
1002 1485
1013 1442
994 1521
1254 1217
1149 1298
1333 1151
1165 1291
1135 1322
1156 1303
1159 1302
1138 1329
1025 1504
960 1653
1126 1368
1311 1263
1241 1308
1215 1340
1217 1358
1111 1508
1128 1502
964 1809
1085 1587
1476 1193
1419 1251
1396 1275
1262 1389
1221 1426
1182 1498
1213 1461
1147 1568
1422 1285
1248 1439
1416 1289
1321 1366
1303 1424
1270 1465
1023 1832
1265 1488
1403 1352
1237 1526
1180 1629
1308 1474
1426 1355
1234 1556
1370 1430
1110 1758
1475 1336
1413 1432
1461 1365
1392 1480
1240 1649
1337 1534
1481 1390
1492 1354
1472 1421
1214 1736
1410 1518
1269 1704
1415 1528
1382 1592
1418 1561
1360 1635
1432 1567
1277 1751
1320 1731
1411 1628
1429 1640
1295 1804
1484 1553
1332 1757
1443 1621
1365 1769
1380 1756
1468 1638
1346 1825
1114 1934
1412 1787
1440 1862
1745211470 1865606473
1
sift 395
778 854
79 50
27 13
302 350
65 26
26 16
829 1234
491 312
30 20
1003 1352
102 78
63 38
1323 802
512 459
54 47
111 93
84 36
856 634
69 61
110 95
90 56
911 648
93 65
117 91
95 69
903 682
88 87
124 100
73 111
1096 929
115 86
150 101
123 90
940 1137
134 109
142 115
119 142
1344 822
174 106
153 114
129 137
1106 992
140 124
146 123
161 131
1317 967
157 138
221 139
173 143
1271 1032
189 144
217 158
247 132
1350 993
227 161
245 159
230 167
1494 927
182 213
248 201
206 196
1452 1152
271 162
252 200
232 188
1482 1191
251 181
258 232
253 194
270 190
419 327
275 191
261 229
604 276
393 170
283 209
471 398
312 225
292 254
534 388
310 245
256 321
497 439
324 261
399 214
630 433
298 308
318 289
526 529
346 278
326 307
816 536
345 293
532 212
732 603
304 352
364 280
712 614
443 246
349 303
800 665
327 335
361 291
942 736
395 282
383 309
932 757
460 284
573 256
1029 778
385 339
423 353
1091 765
381 408
426 376
1115 792
446 365
430 382
1027 857
435 385
415 411
1088 815
544 351
469 383
1083 825
457 397
877 287
1144 800
459 422
495 410
1053 939
425 481
397 521
1249 862
428 535
414 556
1306 893
483 485
589 418
1184 1010
525 467
492 496
1186 1015
567 457
597 434
1348 942
514 500
431 624
1381 934
601 464
477 576
1245 1089
489 585
586 492
1267 1081
533 553
465 638
1335 1055
502 588
519 571
1384 1020
508 592
486 619
1129 1243
507 598
602 503
1274 1121
527 577
456 755
1194 1203
635 534
638 547
1355 1101
599 591
422 910
1442 1039
506 732
783 505
1304 1154
538 720
705 560
1459 1044
713 561
693 581
1378 1197
760 558
716 594
1450 1253
727 582
762 563
1390 1320
779 567
580 734
1448 1280
754 597
797 600
1423 1325
710 649
575 770
660 705
867 570
791 636
728 687
772 660
847 618
679 727
574 870
668 743
747 710
967 580
859 653
655 782
643 803
673 779
583 949
613 858
606 921
878 686
666 845
756 768
755 776
735 801
785 777
814 759
686 872
1017 652
999 671
810 789
751 843
865 749
864 752
698 911
792 833
889 745
909 746
887 766
883 775
835 827
780 907
683 1100
1142 718
908 835
879 861
675 1176
759 1040
720 1116
664 1231
802 1027
869 944
838 1008
834 1017
899 956
890 970
929 948
964 883
968 889
891 988
1064 830
848 1108
849 1120
892 1053
936 1003
1208 799
888 1091
1075 879
815 1257
1187 841
933 1051
997 985
1238 818
1170 865
1034 964
1109 894
1047 960
977 1024
983 1046
843 1292
1082 981
1105 969
918 1195
1037 1025
1116 977
1022 1063
1207 943
945 1202
1155 979
994 1161
1099 1047
1079 1067
1190 1000
1101 1075
965 1245
1213 990
886 1384
1110 1093
1005 1198
1002 1241
1195 1068
1123 1117
868 1496
1435 951
1004 1273
984 1303
989 1310
1153 1155
1015 1279
998 1332
1490 904
939 1431
1319 1060
1033 1314
1159 1205
1407 1018
1312 1099
1162 1222
1291 1133
1508 974
987 1482
1070 1358
1061 1378
1108 1346
1182 1295
1232 1252
1040 1452
1333 1184
962 1635
1172 1366
1176 1357
1205 1327
1316 1232
1010 1566
1303 1269
1262 1297
1043 1532
1243 1313
1201 1377
1085 1508
1031 1602
1242 1363
1241 1369
1165 1475
1506 1145
1052 1619
1013 1684
1310 1368
1254 1405
1118 1570
1280 1410
1023 1728
1066 1656
1403 1343
1218 1501
1126 1659
1177 1617
1270 1515
1507 1268
1362 1459
1426 1409
1419 1417
1301 1573
1285 1595
1472 1402
1217 1652
1396 1509
1481 1425
1394 1540
1295 1627
1260 1662
1237 1696
1365 1582
1415 1537
1392 1569
1221 1754
1484 1483
1257 1730
1443 1554
1308 1706
1475 1555
1380 1658
1369 1693
1332 1726
1398 1677
1478 1611
1432 1683
1223 1868
1351 1803
1375 1781
1393 1782
1411 1770
1471 1711
1413 1849
1461 1848
1504 1791
1360 1883
1468 1876
1745211470 2019709110
1
sift 71
139 129
102 104
511 590
274 240
940 676
248 281
1272 1094
261 289
1456 1174
304 297
1377 1302
326 388
1494 1259
421 397
431 473
414 503
617 418
630 423
576 440
483 496
559 460
531 489
495 514
527 520
668 468
564 547
712 530
842 506
680 597
732 582
820 587
469 1169
834 694
802 728
756 766
586 989
882 773
701 914
1022 742
983 765
981 786
1362 673
1033 788
1215 729
1485 686
945 885
961 868
1265 775
1165 811
1243 862
1011 1002
1431 819
1443 833
1039 1113
1111 1103
1277 1034
1407 1016
1099 1250
757 1994
729 2114
1451 1147
1293 1273
1245 1414
1396 1398
1274 1513
1380 1491
1304 1604
1387 1598
1289 1752
1172 2055
1398 2133
1745211470 2124113243
1
sift 100
79 74
102 75
139 98
205 137
172 105
142 102
124 126
165 174
512 361
252 122
245 146
261 244
491 404
217 195
248 198
326 364
1271 776
419 271
427 428
421 347
1452 785
327 616
630 389
452 418
1494 760
431 445
712 388
483 444
1456 825
643 385
732 442
576 423
1482 861
668 482
444 697
527 578
1317 962
680 493
1129 527
835 462
459 794
1355 684
564 633
802 558
1198 798
469 931
617 695
1245 787
820 601
810 620
1378 851
760 641
659 753
1184 1022
664 779
834 688
1274 953
848 685
983 710
1434 1146
871 844
1234 677
1193 1398
1375 647
883 934
1423 1395
1123 781
1277 737
1384 1426
1165 824
1033 955
1408 1593
792 1410
1111 961
1521 1625
1407 850
998 1121
1415 868
780 1634
1126 1168
1064 1226
833 1774
1293 1202
716 2290
1475 1102
1398 1329
1079 1655
1451 1381
1515 1249
1484 1429
1396 1517
1136 1816
1462 1507
1303 1745
1173 2064
1191 2081
1159 2160
1429 2203
1432 2463
1513 2284
