1785851268 1861578657
1
sift 116
67 69
0 6
86 92
219 238
3 2
331 299
26 15
353 298
37 19
340 339
42 22
559 620
38 57
668 838
57 47
766 795
73 58
728 882
72 60
771 975
99 89
1027 1359
89 124
112 99
110 110
164 121
151 172
339 129
221 201
218 224
210 255
241 227
215 271
312 241
311 250
332 282
361 284
415 311
465 286
403 372
346 485
392 419
408 407
398 426
440 396
453 390
443 415
433 594
591 441
445 672
517 510
425 747
603 474
742 466
622 565
899 457
531 768
657 709
596 789
611 821
516 1075
549 1077
945 612
623 963
663 918
630 977
801 802
793 836
767 877
642 1127
703 1012
638 1177
650 1214
697 1150
822 967
834 1041
736 1206
980 926
990 930
997 941
740 1295
1189 818
797 1225
721 1479
1025 1009
813 1267
955 1110
930 1131
698 1619
783 1489
956 1195
836 1475
1082 1095
984 1223
890 1397
792 1633
951 1360
991 1298
982 1307
935 1461
1140 1139
1030 1339
882 1620
932 1562
1158 1183
995 1586
1121 1495
1264 1278
1282 1305
1313 1320
1557 1124
1261 1430
1149 1652
1268 1570
1378 1616
1531 1488
1785851268 1906096636
1
sift 833
67 53
10 3
0 0
260 263
17 8
2 2
219 225
31 28
11 4
575 618
41 21
18 11
668 691
64 44
26 16
766 669
78 58
36 23
728 727
101 77
37 29
771 876
85 57
38 30
1027 1104
109 80
42 31
845 968
131 102
43 32
1089 1162
122 110
47 33
1152 1175
135 121
52 36
143 134
54 38
163 143
57 43
177 149
59 49
176 168
60 51
184 163
61 50
194 173
71 47
188 185
63 52
213 207
70 54
224 197
82 61
227 206
88 65
234 210
92 67
237 218
89 69
232 227
90 76
249 232
99 64
258 243
96 70
259 240
97 75
271 254
95 82
279 265
98 81
285 274
100 85
289 272
106 78
293 283
102 86
304 285
105 87
318 303
108 95
333 297
110 100
323 321
118 93
321 344
114 105
345 320
117 107
341 325
132 89
358 336
121 112
366 334
107 132
423 394
125 113
397 409
124 119
411 410
123 126
418 408
138 115
420 407
136 118
419 432
129 124
462 440
128 128
459 454
139 123
469 451
133 127
483 438
140 129
475 465
160 116
470 471
146 140
485 484
149 139
509 481
151 137
499 526
173 131
551 515
153 142
534 543
147 162
560 566
159 144
618 556
156 152
629 630
167 146
501 883
166 147
662 652
161 160
665 680
172 155
670 717
174 153
684 696
180 150
688 692
170 159
796 614
185 161
595 844
181 165
719 731
186 164
777 711
183 183
683 830
193 178
647 901
197 172
695 857
190 186
763 806
212 169
717 866
196 189
818 789
187 213
787 822
202 191
943 753
208 194
856 794
203 202
962 781
245 190
868 852
215 208
905 869
205 242
920 910
218 209
862 972
226 201
959 934
283 179
1047 886
211 222
922 1078
221 229
1013 992
247 204
1015 1030
243 212
1311 846
236 226
1109 997
252 214
1101 1014
241 224
1290 891
257 211
1023 1166
235 231
928 1269
230 237
1192 1002
233 234
1322 1001
254 217
1203 1107
246 230
1100 1254
209 267
1161 1247
256 228
1256 1199
263 236
1213 1267
262 245
1225 1332
220 277
1255 1340
270 247
1296 1310
266 250
1419 1342
253 262
1286 1523
223 300
1500 1434
214 348
1483 1585
281 259
1594 1584
288 268
1545 1745
274 280
277 275
297 270
292 278
295 276
300 271
294 284
298 286
286 299
302 306
311 295
322 290
421 244
310 298
329 288
312 309
316 308
338 289
326 302
299 342
339 305
332 319
336 315
351 311
346 313
350 314
349 324
301 401
369 318
365 323
347 351
361 345
372 332
363 356
354 362
374 364
380 366
376 370
348 400
396 360
398 358
414 353
387 371
368 404
416 363
377 402
386 389
391 392
392 393
422 373
404 396
395 406
406 397
383 421
394 413
407 422
487 357
409 431
429 415
427 425
431 418
467 383
425 429
450 405
440 444
445 436
453 433
451 445
441 459
439 469
433 478
478 434
472 450
435 489
443 475
465 457
471 461
466 464
447 487
474 466
589 375
458 494
479 490
434 564
455 531
497 477
442 604
508 496
523 486
506 512
494 522
514 520
547 508
530 514
529 524
567 513
517 550
541 525
542 533
522 554
477 675
507 594
528 562
537 563
549 558
526 572
571 538
563 540
545 567
543 578
533 587
596 532
555 570
584 552
558 573
550 598
557 609
592 576
815 467
516 657
581 591
591 582
605 579
570 619
609 586
597 601
585 620
602 616
687 549
624 602
625 607
594 639
671 569
580 659
622 617
620 623
652 599
611 637
599 651
714 548
553 726
682 589
603 667
635 634
676 612
588 712
633 645
574 736
616 672
628 660
612 687
634 663
648 656
679 638
650 658
623 685
630 678
536 802
643 676
729 610
659 673
657 694
644 713
614 751
666 688
651 714
656 722
692 668
686 681
673 708
675 707
669 721
590 805
680 698
737 641
672 718
617 767
565 848
690 693
674 720
663 752
689 735
716 690
760 666
802 642
615 825
531 1028
681 769
892 627
843 647
639 836
721 748
759 724
726 749
744 741
711 757
715 760
723 777
793 744
739 773
765 764
710 803
696 823
698 814
811 745
784 758
864 728
705 839
776 774
798 763
732 820
745 815
701 879
810 776
706 877
767 817
700 899
762 829
786 808
814 785
734 861
727 867
770 827
768 832
827 782
774 840
805 812
782 850
761 874
839 795
933 755
750 916
792 855
861 793
890 784
800 854
828 831
743 938
824 843
1050 725
806 862
816 873
849 842
833 860
826 868
1072 732
945 790
831 875
799 919
778 946
808 922
934 811
848 878
783 956
882 856
752 1024
915 838
951 818
809 943
834 917
873 880
929 833
875 881
853 909
855 913
880 900
854 933
883 894
735 1102
830 954
897 885
887 902
878 927
889 904
907 892
1045 799
898 923
906 912
895 930
884 944
790 1074
858 970
850 980
893 940
1058 810
1139 771
930 935
958 908
954 921
871 1010
935 941
968 918
879 1019
917 977
924 979
888 1033
912 1011
1000 939
694 1417
957 983
974 965
835 1124
919 1036
980 966
998 959
967 987
925 1032
877 1106
914 1058
960 1003
952 1026
984 990
909 1084
931 1050
1014 969
829 1182
903 1095
1032 957
982 1005
1041 950
956 1042
927 1076
866 1155
1069 936
932 1071
1025 984
1049 958
972 1043
981 1039
965 1057
996 1046
937 1117
791 1312
997 1075
999 1079
995 1088
1052 1008
1010 1082
1074 999
947 1146
950 1148
1019 1080
1036 1060
1093 988
1177 920
1026 1093
1227 887
1020 1100
986 1130
1219 897
1043 1073
963 1153
910 1211
819 1361
1096 1018
1056 1085
1075 1068
1092 1048
940 1213
977 1180
923 1233
991 1177
1164 981
1065 1097
966 1195
1030 1139
1121 1035
1053 1115
1083 1086
1017 1169
1042 1143
1062 1132
1200 993
1257 952
1088 1129
1111 1108
1085 1141
1167 1065
865 1472
1155 1081
1040 1200
1151 1092
978 1275
1263 985
1051 1196
1001 1259
1108 1145
1099 1164
1241 1017
1105 1163
1082 1184
1216 1053
1114 1158
1170 1111
1077 1201
891 1509
1294 1013
1054 1238
1037 1274
1238 1070
1098 1208
1138 1173
1281 1064
1326 1041
1392 1012
1123 1209
1487 949
1126 1220
1208 1156
1145 1202
1158 1203
987 1486
1159 1207
1128 1252
1190 1197
1274 1127
1205 1204
1183 1228
1154 1255
1306 1144
1156 1262
1250 1187
1150 1283
1197 1237
1125 1325
1044 1520
1141 1321
1122 1374
1175 1295
1373 1170
1194 1288
1289 1214
1248 1246
1279 1227
1130 1401
1172 1344
1174 1345
1202 1314
1239 1263
1168 1359
1217 1309
1215 1317
1237 1289
1188 1360
1165 1405
1451 1165
1231 1333
1206 1372
1253 1308
1339 1249
1258 1304
1321 1268
1299 1278
1162 1470
1291 1292
1209 1394
1458 1194
1229 1380
1210 1397
1292 1303
1247 1354
1269 1339
1371 1264
1220 1426
1362 1280
1353 1293
1336 1318
1343 1313
1235 1423
1252 1402
1264 1390
1187 1526
1288 1369
1137 1595
1282 1377
1425 1260
1214 1493
1278 1393
1176 1546
1352 1338
1333 1351
1328 1364
1412 1299
1418 1298
1313 1418
1377 1367
1249 1508
1432 1311
1349 1412
1450 1294
1382 1371
1323 1441
1325 1455
1309 1495
1390 1407
1367 1430
1335 1482
1280 1535
1319 1518
1337 1497
1364 1467
1316 1537
1480 1336
1477 1341
1414 1422
1394 1460
1277 1568
1243 1627
1420 1444
1447 1414
1503 1347
1356 1534
1342 1545
1302 1604
1430 1487
1345 1581
1422 1503
1460 1459
1228 1736
1559 1331
1508 1404
1530 1385
1275 1678
1449 1494
1544 1373
1409 1544
1446 1519
1485 1465
1613 1290
1462 1505
1489 1491
1472 1522
1471 1524
1426 1564
1439 1549
1338 1675
1386 1628
1378 1638
1429 1574
1566 1395
1510 1500
1455 1571
1424 1633
1401 1667
1268 1790
1464 1593
1502 1547
1548 1498
1543 1510
1396 1703
1532 1531
1515 1552
1576 1463
1549 1539
1516 1587
1334 1795
1465 1670
1569 1532
1504 1620
1478 1664
1523 1601
1574 1530
1540 1576
1404 1756
1488 1661
1453 1730
1552 1598
1436 1748
1435 1752
1513 1689
1556 1624
1567 1612
1555 1639
1588 1615
1536 1713
1520 1734
1592 1644
1533 1718
1562 1695
1604 1649
1526 1754
1572 1700
1596 1683
1573 1716
1512 1797
1529 1791
1586 1722
1570 1744
1581 1768
1618 1707
1590 1765
1550 1811
1608 1787
1606 1801
1626 1783
1624 1802
1785851268 2095558067
1
sift 107
91 75
303 322
26 34
219 195
210 243
56 48
260 216
1015 885
58 47
222 205
899 361
72 50
559 515
73 51
265 269
100 80
575 557
99 86
348 280
105 87
668 674
110 111
728 820
127 132
766 905
166 118
771 963
208 199
1089 1018
247 209
845 994
282 317
1027 1110
312 332
1022 1162
396 293
430 288
1103 1315
346 432
407 458
1504 1378
441 583
603 460
545 587
633 609
537 831
516 907
549 842
532 870
586 796
570 922
611 889
596 967
612 955
675 833
634 931
630 951
689 865
714 818
723 829
697 914
663 1051
735 1033
793 972
776 1028
997 906
698 1319
786 1163
827 1129
841 1114
743 1298
752 1371
946 1059
727 1427
774 1308
813 1287
792 1341
956 1113
837 1275
930 1160
935 1159
823 1369
834 1338
884 1330
949 1279
910 1423
933 1469
954 1491
980 1443
984 1478
1017 1434
1077 1307
866 1735
1036 1441
909 1703
995 1627
982 1644
1007 1632
1151 1416
1197 1357
1056 1629
1288 1303
1289 1310
1335 1581
1485 1437
1299 1675
1531 1464
