1788219329 1799436415
1
sift 100
53 40
104 64
97 60
88 74
86 94
165 173
114 87
192 185
130 148
322 317
241 130
359 345
175 172
501 288
208 157
490 350
210 202
403 504
350 229
411 622
294 319
511 569
328 327
567 555
365 300
752 552
340 335
668 705
368 336
623 785
420 338
701 681
533 326
763 654
476 362
745 690
451 461
629 877
497 471
987 631
530 491
605 1224
620 456
1044 638
706 532
733 933
650 596
782 867
679 619
764 894
598 786
929 733
732 639
751 1004
724 745
844 849
864 617
814 893
777 729
915 800
900 764
1109 699
1086 824
936 820
1011 900
823 955
1272 994
1021 783
1208 1010
884 973
966 1348
1052 869
1214 1256
1164 790
1229 1319
969 966
1349 1383
854 1134
1486 1382
878 1302
1091 1036
868 1378
1306 898
1319 943
1070 1192
1236 1051
1023 1375
1066 1310
1101 1255
1182 1161
1112 1300
1438 1046
1519 1011
1241 1220
1440 1121
1226 1441
1562 1131
1421 1292
1371 1394
1321 1455
1788219329 2014127030
1
sift 90
3 3
53 62
4 1
5 4
116 55
17 11
110 134
92 106
52 43
170 172
130 178
55 45
161 180
98 104
76 66
215 332
294 320
86 123
266 257
133 110
289 68
279 437
350 285
285 113
409 272
175 184
185 174
937 1020
328 371
174 186
449 551
210 225
536 138
650 666
201 271
673 671
208 283
293 197
640 752
313 195
908 771
381 353
372 204
667 908
348 277
1028 799
331 390
516 224
1174 1026
321 314
1391 1308
307 451
325 448
420 415
478 399
1477 233
451 575
530 618
642 522
511 720
742 658
756 606
732 682
598 942
828 605
792 709
748 896
703 798
919 739
900 857
1017 710
935 784
1405 655
764 1019
751 1117
966 1033
1077 814
1093 831
1086 1082
1198 861
1040 1007
1272 1122
891 1238
1120 1000
1214 1297
1239 956
1154 1097
1472 946
1179 1188
1428 1174
1788219329 2045004962
1
sift 296
115 192
60 41
18 20
128 131
53 46
24 24
1028 939
78 66
38 30
127 137
114 92
62 42
1337 1159
98 76
66 56
246 228
113 113
87 75
133 120
139 74
201 337
175 167
244 128
187 181
138 231
355 461
188 178
173 171
174 198
165 195
922 1108
213 172
154 241
208 184
183 217
1082 1471
241 175
192 208
196 209
164 263
219 224
181 262
210 247
222 260
228 306
230 276
256 288
265 253
350 269
236 304
331 313
370 256
328 316
277 310
340 336
273 314
294 378
237 407
337 346
325 296
381 325
264 384
365 331
289 362
307 408
275 404
380 359
290 395
420 406
322 364
368 432
388 344
421 430
551 292
436 466
359 424
451 477
320 469
425 514
293 517
530 524
334 472
496 464
361 446
514 593
501 369
553 537
404 468
620 530
403 473
599 558
429 451
649 533
524 393
650 571
411 489
640 673
469 448
746 536
488 443
706 627
428 504
727 621
408 543
598 859
457 496
674 739
458 516
689 744
462 515
732 696
345 783
777 650
490 505
887 592
443 546
824 703
473 579
723 842
499 561
864 797
575 483
748 832
511 667
817 944
531 693
1011 809
741 507
900 879
448 905
968 841
442 925
1014 881
547 688
1405 655
618 613
1056 893
715 548
966 987
576 712
1272 964
464 1032
841 1592
572 740
1465 1035
708 605
1208 1011
629 705
1349 1320
642 722
1214 1058
699 672
1542 1246
707 694
1473 961
641 805
1466 1640
791 654
990 1426
549 1065
1453 1717
722 762
1213 1146
720 803
1546 1779
763 793
1326 1255
925 652
709 857
1415 1216
756 825
605 1160
1229 1415
703 902
750 858
1561 1579
608 1179
845 784
700 979
904 777
860 801
1044 690
745 948
855 819
797 917
890 837
828 885
1016 774
980 786
1077 727
782 995
692 1214
823 957
822 983
670 1449
622 1748
915 985
844 1071
949 960
987 921
884 1051
870 1073
873 1124
815 1230
813 1245
907 1083
827 1242
1043 966
811 1301
1054 970
920 1101
929 1100
947 1079
892 1199
1059 1007
953 1122
1020 1038
1071 1001
749 1764
939 1222
766 1757
969 1201
905 1310
1075 1069
1219 984
1008 1223
858 1584
941 1390
1034 1252
1193 1091
1036 1317
1164 1169
1183 1157
1175 1166
973 1463
1137 1212
840 1864
1070 1334
981 1482
944 1596
1390 1033
1146 1267
1308 1112
1237 1197
1319 1125
933 1719
1509 1025
1135 1408
1052 1628
1296 1249
1182 1379
1198 1388
1211 1382
1383 1236
1179 1539
1163 1656
1142 1711
1351 1409
1506 1279
1421 1353
1354 1421
1300 1469
1189 1681
1436 1378
1158 1756
1194 1703
1490 1337
1307 1540
1428 1412
1394 1497
1519 1374
1603 1291
1414 1509
1438 1501
1513 1422
1447 1574
1495 1499
1478 1542
1460 1581
1440 1647
1476 1605
1547 1533
1373 1787
1374 1798
1456 1707
1426 1765
1548 1601
1327 1901
1479 1792
1653 1319
1577 1806
1614 1734
1563 1836
1575 1822
1621 1892
1631 1894
1788219329 2130703568
1
sift 159
53 52
18 13
125 103
24 25
98 87
66 50
213 168
63 94
175 170
165 194
350 225
208 180
174 215
236 363
328 311
204 211
210 251
237 473
380 338
275 386
365 299
264 519
337 397
331 337
340 340
291 565
583 584
382 321
294 416
359 474
640 662
368 463
420 417
524 348
824 648
421 446
436 472
429 470
499 2033
403 555
453 497
404 559
723 1232
451 523
496 501
347 897
1154 1397
473 586
530 585
457 644
1542 1562
514 627
613 588
741 490
1423 2014
577 755
732 730
511 968
1636 1764
607 774
598 1026
551 900
642 740
748 834
718 646
722 681
742 919
590 954
666 823
864 807
738 825
701 870
1011 839
756 803
699 882
674 1622
1077 620
920 739
1056 949
763 902
704 1011
1208 967
750 970
709 1041
1214 982
826 893
728 1114
1405 903
828 907
733 1104
1086 1204
684 1254
700 1215
1273 1192
641 1389
740 1151
1415 1188
703 1219
881 886
1190 1444
745 1253
890 946
1561 1285
996 857
820 1046
1349 1517
751 1280
859 1130
1457 1550
915 1030
987 993
1341 1930
1044 956
935 1154
949 1135
1109 959
811 1399
904 1246
797 1481
936 1249
868 1380
1054 1131
832 1532
1017 1226
1093 1194
1164 1157
1175 1162
1237 1099
1062 1348
1183 1229
1070 1398
1390 1111
1236 1413
1198 1480
1565 1252
1160 1685
1241 1563
1240 1565
1296 1566
1472 1417
1604 1314
1181 1860
1319 1649
1467 1502
1324 1676
1435 1554
1299 1717
1356 1673
1251 1873
1189 2017
1211 2005
1421 1780
1357 1908
1519 1688
1476 1769
1447 1839
1440 1961
1518 1884
1547 1980
1788219329 2146998783
1
sift 248
3 2
53 72
18 13
110 133
186 169
24 19
170 159
98 93
65 37
128 139
637 599
43 62
161 164
92 126
66 58
168 163
640 613
72 101
266 269
113 116
87 90
1082 857
687 692
100 123
908 936
175 174
127 131
937 1001
689 852
147 148
1391 932
174 178
185 158
1337 1064
824 694
156 177
1432 1617
208 204
165 180
727 848
194 228
240 224
246 230
723 1022
222 271
350 234
348 189
968 1045
275 225
385 259
265 235
243 289
328 315
263 286
237 330
331 321
236 350
273 294
294 393
201 485
289 299
340 352
372 249
277 358
364 333
264 432
295 359
380 355
304 354
322 366
381 374
326 364
324 373
420 435
293 413
356 396
421 456
388 387
320 468
436 486
428 363
334 465
453 496
390 408
361 440
451 502
359 461
410 414
496 483
501 357
403 453
553 531
404 476
524 376
530 578
267 860
532 447
599 672
405 604
408 601
650 615
469 517
607 420
679 581
445 583
457 640
746 610
490 629
443 755
837 625
741 455
534 617
887 616
583 554
547 675
748 802
590 702
722 564
864 817
665 680
642 704
957 827
648 697
718 652
1011 834
701 670
711 663
966 952
738 671
756 674
1056 1072
666 775
654 795
1214 941
675 820
700 786
900 1400
763 751
618 1018
1086 1165
733 791
845 684
1213 1055
709 845
704 853
1465 927
703 858
750 854
1405 989
828 752
752 874
1208 1112
905 710
811 823
1273 1075
859 769
820 844
1415 1039
812 851
1269 602
1155 1402
860 803
894 771
1349 1370
797 915
890 812
1587 1210
745 1061
1077 709
1323 1581
680 1289
1016 768
708 1212
822 983
933 855
987 819
868 940
792 1097
920 910
915 943
935 933
855 1054
832 1109
929 981
1044 900
936 1011
1017 942
815 1309
1109 923
949 1106
1020 1036
884 1275
931 1169
1093 1024
1062 1082
1026 1141
972 1220
1181 1044
1070 1180
1135 1096
1052 1251
1054 1254
1085 1208
1164 1128
1034 1343
1175 1123
1099 1277
1183 1162
1237 1147
1198 1202
1239 1174
1324 1099
1141 1302
1147 1297
1179 1271
1552 999
1513 1031
1296 1191
1496 1070
1467 1110
1390 1172
1498 1103
1158 1455
1275 1355
1455 1194
1241 1405
1254 1397
1189 1486
1357 1307
1321 1345
1428 1248
1414 1265
1248 1449
1211 1500
1159 1585
1160 1600
1472 1298
1576 1224
1416 1414
1422 1421
1438 1531
1456 1543
1476 1542
1478 1546
1557 1478
1447 1592
1512 1576
1633 1609
