1799436415 1861578657
1
sift 155
40 54
15 12
759 700
37 28
130 144
64 84
82 116
157 174
104 130
115 147
172 189
159 154
167 186
186 190
176 226
187 210
209 202
189 290
239 192
228 207
263 245
221 221
271 233
290 286
267 263
280 273
275 321
279 277
300 302
285 344
319 331
335 361
395 396
338 395
336 459
369 435
313 585
409 421
341 498
446 380
435 409
361 521
415 465
545 484
408 533
452 528
461 629
482 510
507 495
532 583
640 426
440 741
583 553
662 499
535 625
596 584
494 712
631 539
624 604
589 586
436 989
614 613
653 577
556 678
549 703
455 957
622 657
617 692
642 634
710 606
676 869
671 684
725 709
1006 666
649 836
958 580
764 896
632 938
706 802
824 829
838 695
793 716
772 999
773 746
977 647
900 853
885 752
716 1040
1032 852
737 1013
695 1095
1348 780
739 1041
863 887
995 1116
783 997
630 1507
1256 936
934 847
736 1166
1328 925
982 839
1044 791
1091 1202
866 1009
1447 662
1383 1401
828 1110
870 1065
1434 1412
775 1233
869 1113
978 994
877 1131
1176 814
855 1229
1013 1120
894 1329
955 1264
942 1441
945 1453
1207 1078
1010 1426
1077 1307
1268 1087
1074 1321
988 1532
1186 1164
1086 1385
1406 1062
1457 1053
1230 1222
1097 1494
1220 1261
966 1645
1218 1302
1252 1276
1103 1550
1238 1304
1254 1292
1066 1634
1192 1432
1121 1572
1302 1391
1311 1381
1221 1506
1112 1640
1485 1271
1104 1669
1540 1297
1411 1522
1374 1594
1479 1561
1501 1632
1622 1488
1799436415 2014127030
1
sift 98
72 106
1 1
117 160
11 12
130 181
22 32
148 178
75 98
172 184
112 126
224 248
115 149
202 225
119 164
228 286
126 155
187 299
136 171
271 295
155 165
186 318
141 258
319 320
179 243
233 333
185 256
327 371
263 319
267 354
282 349
382 436
280 357
287 379
321 321
409 505
317 336
378 340
343 329
356 623
358 339
338 415
275 462
435 582
296 425
365 397
345 416
596 666
373 384
415 470
481 401
597 726
471 469
501 482
438 504
819 574
461 575
503 589
419 644
663 681
497 618
488 647
408 789
1032 965
562 578
553 692
522 631
974 1275
600 635
624 670
896 488
569 720
639 682
647 719
643 815
764 857
931 677
838 760
844 849
965 716
777 872
786 942
867 788
832 826
1286 715
917 798
824 1082
994 1122
894 1019
1533 738
1091 1186
1004 1117
1084 1132
1348 1033
1224 1074
1186 1251
1256 1297
1505 1247
1546 1271
1799436415 2045004962
1
sift 251
117 117
37 56
148 143
64 88
130 175
125 64
157 184
76 108
172 167
114 148
186 178
132 180
187 224
142 161
202 247
129 220
209 261
140 187
228 268
185 208
198 279
189 312
233 281
256 265
235 298
398 202
250 286
213 391
267 326
207 452
280 319
275 318
300 331
320 289
307 322
260 398
327 316
288 369
335 336
379 301
353 354
317 364
338 406
368 374
356 412
345 424
415 430
370 417
403 491
314 509
409 475
350 505
471 463
475 401
461 477
408 468
450 490
341 611
435 592
438 472
503 558
373 561
562 537
504 473
596 571
420 550
532 627
419 560
722 536
668 410
584 624
449 543
545 680
402 622
924 471
454 572
759 533
559 511
761 594
508 568
572 674
622 489
729 650
447 658
617 797
522 573
583 893
467 652
645 839
354 972
745 833
426 747
921 761
604 578
764 879
632 579
786 859
518 694
900 809
558 644
680 1368
569 667
994 964
931 488
1052 945
551 732
1280 835
571 701
1032 1018
629 651
844 1529
600 683
1464 876
637 689
1382 950
651 672
1348 987
535 821
974 1389
782 589
1200 1087
647 765
1091 1314
704 710
1256 1058
736 685
1383 1320
662 784
1318 1416
655 806
1489 1718
726 778
1412 1350
838 670
1521 1905
793 715
1517 1534
710 801
1635 1649
631 921
785 756
630 929
877 705
732 837
815 785
698 878
875 735
942 695
690 948
1003 692
720 958
707 971
674 1171
758 996
799 986
733 1100
869 922
787 1027
783 1039
770 1080
642 1428
917 902
819 1028
1218 757
1051 846
867 995
885 1007
790 1169
849 1071
1077 857
955 957
851 1111
1519 726
926 1023
880 1103
967 998
896 1089
1010 1011
973 1051
943 1125
969 1123
978 1139
1230 926
1399 863
982 1184
1087 1064
1254 949
1082 1090
912 1375
863 1526
934 1351
910 1410
1057 1210
1015 1267
1289 1010
1356 993
996 1341
1109 1206
1013 1328
1056 1304
1011 1374
1187 1145
1169 1172
1045 1340
1148 1231
1224 1160
1049 1419
1168 1237
1307 1158
1046 1501
906 1817
977 1692
1221 1300
1047 1597
1161 1379
1192 1334
988 1756
1034 1685
1250 1362
1209 1430
1292 1353
1215 1438
1422 1276
1121 1647
1510 1217
1368 1348
1298 1508
1502 1321
1501 1345
1449 1408
1366 1503
1261 1678
1157 1838
1181 1805
1615 1258
1325 1681
1451 1543
1453 1613
1365 1754
1450 1659
1505 1596
1300 1872
1296 1877
1454 1716
1472 1695
1456 1726
1524 1753
1581 1699
1621 1604
1528 1894
1575 1861
1799436415 2095558067
1
sift 63
130 139
115 141
206 159
209 180
228 175
189 250
759 494
239 194
267 252
244 442
280 254
335 315
292 365
326 346
338 419
361 503
409 360
545 443
408 541
556 610
596 581
589 599
532 678
624 578
522 871
614 602
617 705
642 714
728 701
824 1122
838 596
803 637
1006 895
741 798
649 972
900 1017
533 1369
810 841
995 1075
508 1752
739 1338
1091 1243
736 1453
934 1031
1383 1702
877 1160
818 1438
870 1308
1161 1012
933 1287
955 1410
939 1460
1252 1060
1120 1207
1121 1318
1066 1469
1082 1529
1077 1644
1208 1447
1485 1336
1406 1596
1499 1625
1622 1464
1799436415 2130703568
1
sift 201
165 205
72 118
37 50
100 57
148 142
130 160
289 154
157 180
129 240
246 263
228 226
172 170
318 423
187 222
142 220
327 311
294 137
239 178
185 238
409 518
209 237
202 251
216 314
435 516
233 266
235 305
213 358
424 694
281 262
267 321
263 306
759 506
280 301
300 299
260 407
596 581
307 324
335 340
379 270
624 684
275 387
353 350
317 408
692 792
338 417
336 463
331 470
657 867
406 378
415 446
345 474
753 1283
370 433
403 482
366 500
1032 889
350 661
471 502
373 623
974 996
461 523
503 561
408 559
1370 1967
440 567
497 585
396 738
446 639
545 591
439 672
436 693
727 525
467 716
426 820
532 654
447 811
556 642
549 664
632 586
649 655
639 730
507 900
617 807
644 780
662 809
569 968
583 949
704 788
740 755
900 839
678 851
651 882
676 1218
737 793
653 901
786 1026
681 870
637 955
823 1205
631 993
931 660
1348 771
710 915
875 750
1151 952
699 959
724 944
1328 866
630 1156
732 946
994 1191
735 932
733 981
1256 982
972 761
647 1235
1280 995
942 800
891 874
844 1636
690 1253
800 1030
1091 1393
870 938
1003 849
1383 1517
671 1409
790 1157
804 1155
803 1174
946 1011
1010 967
819 1248
842 1256
1207 859
933 1104
917 1219
926 1213
1077 1041
1020 1222
1004 1280
832 1606
863 1538
1026 1289
854 1628
978 1374
934 1440
973 1430
1289 1090
1186 1208
1144 1285
1399 1067
1051 1413
1066 1400
1044 1446
943 1649
1427 1093
1375 1145
1057 1455
1429 1115
912 1832
1109 1418
1082 1488
996 1697
1011 1688
884 1997
1033 1689
1086 1573
1192 1398
1087 1613
1250 1365
1454 1234
1356 1361
1143 1620
1221 1526
1378 1380
1220 1563
1097 1870
1307 1495
1468 1340
1195 1685
1317 1539
1345 1535
1331 1578
1176 1820
1121 1961
1270 1708
1101 2019
1292 1780
1265 1830
1275 1833
1368 1729
1311 1928
1501 1676
1296 1971
1527 1664
1555 1643
1325 2017
1528 1805
1450 1949
1496 2011
1799436415 2146998783
1
sift 105
72 126
37 58
148 151
130 206
129 244
172 174
157 204
142 215
187 231
186 267
216 273
228 233
233 301
263 290
250 335
280 349
282 336
268 374
300 332
317 366
327 315
307 331
331 428
335 352
338 435
345 461
415 456
403 516
439 628
471 484
461 502
556 559
435 616
562 531
426 826
501 621
545 595
448 876
596 615
610 630
468 829
507 747
624 635
1057 500
532 722
722 610
681 670
704 664
583 1072
552 874
655 725
786 794
782 633
654 751
900 834
630 780
870 603
824 1165
631 819
636 901
764 1400
710 803
972 669
995 1075
699 923
828 838
1256 941
733 981
690 1061
1280 949
933 791
799 944
1348 952
877 879
917 858
1092 1479
804 1015
791 1129
1383 1370
832 1069
1230 831
880 1287
1010 1112
1066 1056
973 1275
863 1510
969 1296
1378 940
939 1416
988 1455
996 1456
1192 1180
912 1609
1046 1531
1449 1096
1326 1297
1220 1405
1221 1444
1293 1421
1298 1436
1454 1346
1325 1486
1261 1607
1524 1529
1588 1530
