1811936640 1865606473
1
sift 658
35 26
11 8
49 43
18 12
50 50
25 11
69 78
26 22
77 91
33 24
75 98
29 32
81 93
41 33
85 95
43 34
83 100
42 37
93 104
55 51
99 109
60 56
126 101
63 61
98 118
62 65
102 115
61 69
108 114
76 83
116 123
92 90
154 161
89 103
159 158
82 111
161 159
134 96
164 187
140 92
175 200
109 108
169 232
123 106
212 192
111 124
216 201
119 127
244 215
115 137
274 295
127 131
307 327
125 134
308 328
129 138
329 312
145 143
312 354
149 144
349 391
138 169
388 388
158 156
397 439
160 166
393 459
181 155
444 433
168 184
440 529
166 188
483 523
188 180
504 536
156 205
559 515
190 181
527 544
172 196
562 554
192 190
535 603
197 191
543 589
226 167
601 551
187 204
577 609
193 198
549 633
211 194
627 614
180 267
604 683
209 213
658 648
179 272
719 615
220 203
697 736
217 229
709 757
228 211
741 741
241 207
737 764
243 209
763 778
246 225
762 800
239 257
807 815
253 235
791 862
273 222
821 822
261 237
810 850
263 245
834 856
254 261
820 939
256 255
841 926
371 189
830 992
346 202
904 892
320 220
895 935
280 270
919 923
296 246
825 1035
240 338
915 942
271 278
1006 927
279 277
961 967
270 280
931 993
245 341
925 1010
285 292
920 1032
286 290
958 1015
330 259
971 1054
288 291
1000 1019
290 288
935 1101
287 307
1010 1044
319 281
994 1081
292 314
1023 1038
297 303
966 1119
301 308
952 1135
310 304
871 1243
278 356
963 1151
298 325
1033 1121
294 352
1046 1114
327 322
1026 1153
321 335
1056 1132
340 330
1078 1123
333 332
1094 1126
335 339
1030 1197
276 449
1068 1203
351 353
1102 1190
355 351
1062 1253
331 387
1131 1217
395 329
1120 1250
360 360
1139 1264
364 378
1219 1201
373 367
1270 1137
370 381
1189 1227
374 376
1231 1208
392 375
1169 1281
379 397
1258 1192
353 446
1144 1320
414 382
1200 1284
369 427
1245 1236
385 411
1185 1338
382 416
1191 1325
399 403
1226 1333
343 521
1260 1305
422 418
1220 1418
434 400
1236 1406
563 361
1265 1450
447 419
1306 1396
457 410
1239 1536
428 447
1337 1413
356 611
1363 1398
498 422
1325 1440
500 435
1318 1464
454 464
1360 1442
458 471
1206 1650
453 485
1417 1401
518 457
1335 1490
495 467
1376 1463
532 453
1403 1447
492 474
1577 1341
497 473
1428 1456
533 456
1373 1512
411 616
1398 1591
508 484
1505 1488
499 500
1496 1539
493 512
1415 1614
474 531
1447 1637
494 532
1478 1651
490 535
1564 1612
502 533
1597 1598
433 619
1588 1674
496 538
1716 1668
452 587
1604 1784
509 537
1609 1788
547 511
1829 1630
651 438
1644 1776
491 576
1718 1741
578 503
1578 1838
592 496
1739 1738
507 585
1669 1828
548 553
1858 1771
479 631
1910 1786
534 565
1899 1842
539 560
1930 1884
544 557
523 581
541 577
503 630
597 541
557 573
561 569
546 588
545 593
591 555
579 561
599 556
505 658
582 567
521 636
588 591
885 417
573 626
552 653
430 872
593 624
572 643
740 486
613 607
767 479
630 594
623 600
633 597
600 644
641 595
635 618
602 660
662 582
537 752
608 691
705 563
610 695
673 613
694 584
620 687
653 638
669 642
642 679
666 652
631 710
667 661
660 672
650 684
681 651
682 655
672 668
674 671
657 699
659 722
690 689
625 769
838 580
699 707
637 789
671 755
710 705
703 717
788 649
700 734
707 727
675 768
735 709
611 911
664 795
665 803
685 777
815 654
678 801
656 858
744 743
1060 568
832 680
831 686
749 742
711 782
758 760
795 731
692 895
844 720
787 759
799 746
695 891
755 799
786 779
771 817
760 830
776 812
745 865
752 874
779 835
734 910
827 793
777 860
801 820
814 813
725 970
778 889
823 846
829 861
750 986
730 1027
868 827
748 1033
1070 739
912 818
797 974
812 962
768 1062
861 907
836 964
843 960
858 947
960 843
907 886
856 976
909 913
869 973
951 885
848 1005
977 879
913 956
948 896
1050 832
1045 841
967 904
930 948
783 1171
793 1156
988 922
888 1001
839 1098
770 1248
874 1030
837 1115
954 961
862 1075
976 977
984 969
1014 943
941 1017
906 1091
982 1008
878 1155
1093 954
1104 949
1124 918
1150 894
884 1186
1055 985
940 1116
859 1231
1004 1060
1020 1040
1002 1070
1035 1021
855 1275
1041 1029
980 1118
1025 1073
1057 1052
1244 937
1081 1067
1049 1108
1090 1068
902 1294
943 1252
970 1232
887 1350
1012 1195
1116 1077
985 1257
1159 1061
992 1258
1160 1069
1091 1146
1411 884
1223 1014
1067 1181
1054 1196
1119 1133
1503 868
1194 1106
1229 1074
1177 1167
1151 1184
1234 1130
998 1410
1065 1330
1084 1303
1121 1266
1074 1332
1163 1221
1105 1291
1351 1066
1101 1327
1113 1313
1042 1431
1188 1263
1689 940
1111 1357
1281 1198
1211 1278
1283 1212
955 1656
1264 1245
1129 1388
1301 1206
1267 1260
1071 1506
1107 1466
1117 1452
1356 1200
1227 1349
1228 1346
1317 1246
1828 963
1305 1273
991 1735
1126 1510
1216 1404
1125 1526
1299 1314
1259 1378
1061 1677
1251 1417
1424 1269
1154 1572
1389 1297
1308 1369
1707 1111
1240 1467
1485 1241
1352 1343
1315 1372
1201 1530
1758 1093
1077 1723
1279 1435
1472 1277
1297 1427
1311 1428
1291 1475
1498 1295
1355 1409
1275 1509
1233 1581
1507 1322
1390 1425
1327 1485
1405 1424
1421 1402
1155 1749
1286 1571
1257 1619
1294 1570
1484 1391
1437 1438
1209 1713
1336 1555
1471 1433
1419 1481
1391 1524
1423 1496
1455 1469
1255 1691
1374 1562
1466 1477
1575 1395
1476 1489
1537 1439
1465 1515
1350 1633
1418 1594
1500 1521
1553 1483
1410 1613
1358 1652
1462 1580
1368 1659
1480 1569
1528 1537
1386 1666
1413 1643
1262 1811
1532 1551
1735 1384
1434 1629
1623 1473
1587 1508
1446 1632
1492 1606
1678 1460
1745 1415
1605 1517
1449 1671
1442 1684
1621 1554
1601 1593
1662 1549
1515 1663
1474 1706
1549 1640
1562 1649
1548 1661
1657 1588
1526 1696
1567 1683
1487 1756
1805 1486
1364 1847
1734 1560
1571 1685
1775 1527
1670 1624
1768 1583
1432 1849
1585 1747
1618 1718
1453 1850
1615 1733
1905 1454
1841 1567
1818 1607
1756 1658
1804 1627
1628 1770
1733 1698
1661 1758
1668 1759
1590 1813
1643 1778
1630 1804
1786 1721
1781 1734
1606 1855
1814 1714
1832 1728
1723 1819
1852 1705
1754 1798
1846 1742
1681 1858
1861 1716
1796 1802
1867 1750
1842 1815
1638 1876
1808 1845
1635 1883
1816 1874
1893 1863
1879 1872
1811936640 2019709110
1
sift 79
69 104
76 122
1843 1348
100 129
172 167
216 281
202 178
393 589
217 289
484 624
269 240
549 659
382 314
535 582
287 388
576 676
460 397
627 530
417 479
763 853
453 496
1017 868
457 514
921 1094
625 440
762 1215
593 473
1006 1259
598 480
1029 1302
541 520
964 1468
599 503
1026 1605
565 547
1190 1393
744 468
1445 1180
761 550
1478 1919
675 766
1306 2066
730 728
1447 2101
561 1134
1715 1703
941 694
714 914
1859 2178
884 790
1340 729
1332 765
1299 788
1291 811
1488 775
1529 772
1462 804
1311 889
1545 842
1622 832
846 1506
1894 783
1341 1005
1457 951
1240 1132
801 1927
1107 1447
1508 1103
1336 1271
1751 1034
1381 1246
948 1976
1623 1204
1351 1601
1895 1245
1781 1428
1756 1491
1900 1598
1743 1850
1811936640 2124113243
1
sift 138
50 74
76 99
69 75
172 136
100 98
202 169
102 102
294 256
83 126
382 290
161 146
287 364
159 195
460 347
216 198
417 394
312 191
453 444
329 404
665 385
393 361
625 423
444 389
392 740
483 434
541 578
549 401
744 482
627 388
565 633
535 442
761 503
576 458
699 551
652 438
498 794
762 557
637 620
810 630
730 558
835 727
621 753
935 684
749 604
904 765
777 611
920 776
555 1055
963 784
561 1291
1006 760
909 712
952 798
941 688
1360 660
600 1389
1030 851
666 1136
1132 825
1049 685
961 962
980 780
1103 861
1332 710
766 1299
1042 963
1033 953
1291 824
1140 878
1341 869
1189 870
1252 965
1026 1110
1074 1121
1363 866
1063 1143
958 1325
1299 955
1187 1073
873 1430
1236 1141
1468 881
1001 1426
1528 868
895 1695
1308 1004
1728 1007
1529 934
1191 1395
1061 1329
1266 1369
1508 961
1046 1631
801 1792
1086 1593
861 1634
1338 1384
1221 1226
1447 1303
1336 1102
1306 1420
1311 1160
1716 1161
1437 1107
1417 1434
1585 1156
1505 1396
1660 1134
1779 1417
1081 1655
1609 1530
1497 1242
1730 1612
1413 1341
1470 2068
1466 1399
1612 2020
1631 1332
1899 2390
1553 1429
1163 1958
1781 1377
907 2473
1201 2021
1321 1816
1907 1357
1424 1745
1840 1444
1351 1849
1870 1480
1623 1725
1593 1766
1456 2144
1672 2052
1640 2203
1834 2132
1821 2222
1567 2463
