1861578657 1906096636
1
sift 132
69 53
238 225
6 0
299 326
370 340
19 29
298 468
57 30
795 669
47 43
838 691
58 39
882 727
55 55
975 876
59 84
1269 1031
89 64
1280 1052
102 68
1358 1105
124 69
1668 1620
99 96
122 82
109 101
137 89
162 79
161 94
121 136
145 111
172 137
129 305
214 164
256 174
201 229
224 209
226 223
217 246
255 215
271 208
248 261
250 295
241 309
282 319
284 345
311 354
359 310
294 412
338 369
485 313
372 387
426 358
346 417
419 393
374 435
390 433
371 457
396 444
407 423
314 661
448 474
586 399
441 582
596 466
672 436
626 459
467 592
510 550
747 429
497 570
474 667
523 628
565 617
457 924
576 708
612 790
709 694
821 637
840 641
760 759
836 744
977 678
963 685
1075 657
918 752
802 853
877 817
1214 658
988 772
1528 606
1067 761
938 949
1065 840
1096 816
926 966
1150 824
1041 917
1479 748
1009 984
941 1075
1109 921
1131 935
1147 1021
1223 990
1387 914
1619 814
1195 1042
1095 1184
1078 1208
1461 941
1206 1103
1633 855
1489 956
1347 1049
1488 1007
1183 1203
1495 1035
1338 1140
1297 1176
1632 987
1562 1071
1567 1072
1586 1088
1278 1390
1304 1376
1319 1420
1302 1446
1466 1381
1673 1356
1616 1638
1643 1653
1861578657 2014127030
1
sift 66
105 102
543 690
21 25
207 286
37 24
298 351
700 622
54 62
233 295
403 30
838 620
1138 726
126 110
277 276
130 142
795 733
778 987
147 149
280 347
144 181
882 740
976 1004
189 184
331 320
217 204
975 710
239 283
421 505
245 319
1017 784
249 341
409 582
262 353
1358 957
273 357
584 666
333 306
1667 1428
332 390
852 965
351 397
395 415
465 470
622 401
631 469
518 578
629 575
673 618
604 670
533 789
862 592
780 648
908 687
944 724
896 857
1156 735
984 896
994 962
888 1258
936 1297
1115 1122
1329 1019
1201 1185
1165 1252
1217 1243
1224 1418
1861578657 2045004962
1
sift 93
320 544
700 533
54 46
126 120
84 88
620 768
119 199
144 175
147 149
882 1101
174 184
189 167
452 344
1358 1842
190 178
191 190
533 468
1668 1690
210 224
202 261
657 489
207 268
262 325
425 781
273 319
332 313
484 680
361 336
340 400
483 762
395 406
465 430
499 784
421 475
409 592
500 850
629 477
518 537
476 958
584 571
673 524
938 579
583 627
828 559
539 921
692 797
853 809
1166 685
752 1007
896 879
1302 757
948 1028
1115 964
839 1184
936 1058
1201 1315
1113 922
997 1039
1401 1320
1258 864
1307 857
792 1340
856 1268
771 1394
1228 906
1222 926
859 1302
994 1139
847 1351
1264 957
1292 949
1507 929
1372 991
888 1511
1165 1145
1426 1011
899 1704
1275 1174
1120 1328
1195 1239
1205 1249
1025 1689
1291 1366
1432 1334
1130 1823
1409 1522
1128 1910
1508 1551
1564 1503
1504 1670
1572 1647
1532 1756
1464 1843
1861578657 2095558067
1
sift 322
92 75
98 79
21 41
237 178
111 96
37 43
620 515
238 195
58 51
370 322
267 233
60 50
838 674
305 359
62 53
504 568
331 334
53 63
858 763
310 548
71 83
979 643
427 388
84 85
882 820
406 414
97 99
795 905
424 457
109 110
1017 855
543 489
126 103
975 963
700 494
143 112
1358 1111
481 887
144 139
1668 1378
772 816
149 138
968 741
147 141
852 854
166 163
857 973
168 181
1270 943
207 175
1420 1225
193 185
1478 1608
202 180
1603 1511
192 194
189 203
217 191
233 179
295 214
270 230
271 238
262 253
240 278
273 254
277 261
290 250
279 282
241 332
283 306
358 249
302 302
391 245
336 285
343 293
261 398
287 367
329 329
361 315
349 337
389 317
333 358
332 390
344 363
340 384
400 354
385 380
421 360
407 383
356 465
395 419
433 387
419 401
351 514
434 429
435 435
512 375
473 446
485 432
471 463
484 443
428 598
597 415
489 500
521 503
468 607
533 541
482 593
594 501
495 608
647 485
580 556
584 581
826 409
603 577
611 565
586 599
578 614
549 662
712 483
522 702
693 518
687 533
626 583
546 694
613 602
583 678
641 597
672 588
567 732
568 731
669 603
752 531
678 610
695 596
572 760
602 737
523 876
634 714
692 705
674 740
738 647
628 791
654 795
736 692
595 910
794 646
791 650
784 669
653 847
751 713
764 696
528 1166
726 761
629 945
914 635
777 724
666 895
713 810
665 916
622 1002
740 776
702 862
673 950
782 752
691 941
881 715
1047 675
770 870
859 803
745 922
729 980
780 903
965 768
821 889
855 874
840 890
789 967
937 823
836 972
1004 812
905 896
917 891
843 988
885 948
934 904
941 906
983 872
853 1017
1035 827
1067 807
847 1031
896 982
925 956
950 933
945 954
741 1217
760 1176
1077 842
825 1115
828 1123
918 1051
1075 907
1066 917
1087 901
1192 830
1126 893
938 1081
878 1156
994 1050
1121 924
1036 1022
906 1154
1002 1053
1150 914
1127 939
973 1092
1308 838
962 1129
725 1705
989 1152
890 1324
781 1586
1163 1016
908 1332
1115 1076
765 1706
1040 1190
1096 1138
926 1443
966 1369
964 1391
1131 1160
1083 1231
1276 1060
1214 1102
960 1488
1195 1113
1345 1044
1000 1431
1135 1194
1085 1266
1041 1338
1114 1239
990 1482
1065 1308
1196 1147
1213 1144
1078 1323
1113 1280
970 1560
1090 1328
1512 1024
1091 1389
1265 1195
1201 1242
1177 1302
1109 1491
1118 1474
1062 1596
1368 1196
1122 1494
1267 1287
1350 1237
1505 1133
1215 1362
1461 1159
1029 1709
1179 1415
1166 1453
1271 1336
1291 1309
1571 1118
1155 1518
1256 1381
1171 1506
1070 1701
1504 1199
1185 1498
1275 1401
1264 1410
1238 1452
1222 1477
1199 1508
1228 1471
1249 1463
1252 1502
1485 1261
1474 1274
1362 1417
1152 1678
1217 1599
1364 1473
1315 1525
1219 1647
1382 1504
1235 1652
1352 1556
1488 1403
1594 1279
1572 1318
1524 1392
1314 1614
1307 1644
1619 1319
1259 1717
1633 1341
1400 1635
1366 1683
1433 1624
1325 1720
1519 1575
1401 1702
1634 1469
1508 1659
1622 1537
1611 1557
1585 1628
1431 1745
1658 1505
1592 1669
1649 1666
1861578657 2130703568
1
sift 153
105 103
310 283
21 13
207 226
54 52
298 1327
700 506
71 79
279 347
114 88
620 739
778 641
126 111
409 516
119 181
838 906
968 802
144 160
421 518
147 171
882 989
720 1681
174 180
584 581
189 170
849 1046
1420 2003
191 179
603 685
210 222
1017 1154
202 237
852 889
245 306
975 1226
325 261
273 301
1358 1565
262 320
302 299
1667 1791
332 337
333 345
361 340
404 326
351 383
394 363
340 421
395 417
452 371
521 391
465 446
459 463
581 428
654 411
380 639
425 696
533 559
484 591
629 523
483 681
583 654
507 784
673 585
499 809
647 646
610 690
678 642
611 729
495 900
702 663
577 901
539 993
938 586
836 655
692 807
710 783
780 771
943 671
962 665
951 676
989 693
530 1365
782 870
853 839
1013 793
925 866
871 914
854 975
1036 851
738 1158
1002 881
1078 859
800 1114
936 982
829 1204
869 1218
1058 998
1166 931
788 1367
941 1230
792 1445
1228 969
1249 971
763 1635
847 1440
835 1473
771 1601
1185 1047
998 1294
1090 1202
1115 1191
1258 1068
1307 1041
994 1374
1267 1104
1164 1208
1292 1130
814 1820
1372 1084
1109 1308
833 1835
888 1735
1131 1324
1554 1095
919 1809
899 1899
1032 1658
1547 1178
1201 1392
1613 1152
1360 1322
1195 1504
1433 1333
1225 1502
1205 1566
1432 1398
1639 1250
1229 1627
1588 1340
1401 1517
1597 1344
1385 1573
1659 1284
1510 1475
1634 1400
1392 1701
1548 1595
1381 1928
1437 1854
1371 1974
1572 1961
1656 1773
1861578657 2146998783
1
sift 97
56 42
700 510
54 72
163 284
60 89
70 69
968 980
96 62
94 86
105 111
126 106
156 182
235 385
144 206
147 197
320 448
189 174
207 233
339 503
210 231
217 249
620 649
283 267
245 290
849 663
273 349
262 374
838 767
333 292
302 332
882 910
332 321
279 417
975 942
361 352
395 435
1017 933
465 456
409 616
1358 1175
425 706
629 502
1668 1544
584 615
611 589
678 559
836 507
603 636
673 578
495 747
487 779
507 777
514 807
583 722
577 750
539 819
828 630
455 1310
782 670
760 720
1065 603
660 964
933 733
902 770
853 834
780 952
1109 839
1292 769
1131 879
1222 831
998 1037
1307 845
725 1515
1433 820
788 1457
1301 950
1115 1076
1019 1270
1593 886
1156 1104
1032 1283
1652 851
1334 1091
1550 1002
1205 1191
1365 1114
1517 1070
1291 1234
1432 1180
1261 1405
1182 1487
1201 1479
1395 1337
1545 1241
1578 1355
1532 1455
1617 1525
