1865606473 2019709110
1
sift 69
201 281
266 240
459 589
391 266
433 423
341 479
633 703
485 496
614 530
769 440
778 853
603 582
823 1089
421 891
1031 1094
831 550
800 1215
620 874
927 1259
775 772
892 1111
569 1134
1217 1210
1017 694
1089 1414
1027 728
1197 1303
1063 742
1135 1444
1046 765
1151 1467
1314 788
1464 1161
1018 1016
1226 1393
760 1434
1321 1337
1012 1041
1488 1435
1475 811
1557 1180
1609 787
1541 1923
1580 804
1615 1140
1553 832
1651 1919
1428 889
1153 1605
810 1671
1636 2102
1337 1065
1339 1607
819 1926
958 1825
1455 1895
1066 1601
1473 1204
1396 2066
1315 1342
1047 1735
1451 2052
1724 1137
1555 1271
1744 1308
1399 1773
1713 1500
1366 2055
1677 2133
1865606473 2124113243
1
sift 92
78 75
341 394
115 102
445 360
200 122
335 616
158 195
485 444
201 198
396 649
391 197
374 741
312 404
688 432
459 361
803 385
433 389
769 423
522 435
742 604
603 442
789 620
800 557
1027 558
857 727
510 1238
927 760
620 972
1031 777
913 712
1151 784
569 1291
1236 731
1017 688
1442 660
724 1039
967 962
1108 685
1197 851
1046 710
1190 862
953 817
1121 953
644 1389
1135 1083
1117 781
1153 1110
1018 850
1015 1325
760 1232
1020 1426
1780 646
1406 1141
594 2290
1541 1199
1475 824
1325 1395
833 1410
1114 1631
1240 1040
1414 1384
1537 868
1451 1369
961 1368
1396 1420
1609 887
1636 1304
819 1793
1761 1893
1332 1121
1842 2390
907 1634
1438 1107
1428 1160
1555 1102
1747 1156
1077 1821
1066 1849
1477 1399
1164 1771
1483 1429
1643 1341
1677 1329
886 2473
1220 1959
1473 1725
1724 1534
1694 1762
1530 2021
1470 2144
1622 1905
1683 2463
