1906096636 2095558067
1
sift 101
263 216
74 81
85 80
225 195
570 425
87 87
618 557
340 322
100 111
400 280
147 118
691 674
1029 884
162 170
727 820
198 199
876 963
246 191
968 994
208 238
1161 1019
384 182
1104 1110
286 275
309 332
1620 1378
360 293
313 432
327 441
422 458
399 599
436 588
459 583
492 651
667 460
567 587
645 609
523 837
558 842
575 841
532 967
573 927
628 876
637 889
707 833
657 907
663 931
761 807
678 951
735 865
687 955
719 917
777 829
658 1102
743 971
752 1051
824 914
774 1028
759 1176
888 996
808 1163
816 1138
785 1286
949 1081
814 1319
935 1160
840 1308
1102 1033
1089 1044
908 1244
855 1341
1042 1113
867 1427
938 1298
1071 1127
917 1338
903 1448
1234 1029
921 1491
1007 1403
1024 1371
1060 1441
1092 1416
862 1758
1188 1302
1005 1644
1201 1307
1054 1615
1214 1310
1169 1434
1088 1627
1085 1629
1237 1357
1210 1424
1084 1703
1155 1735
1546 1300
1465 1437
1278 1675
1580 1349
1482 1581
