2014127030 2045004962
1
sift 117
59 59
26 36
271 337
61 47
56 56
285 269
104 76
1457 1262
105 92
123 73
370 315
110 120
184 167
132 185
435 383
149 149
181 175
186 198
623 412
283 184
225 247
256 208
505 475
266 213
333 281
220 280
582 592
267 254
359 298
329 246
666 571
249 354
357 319
247 369
752 673
315 341
353 325
358 312
878 621
321 353
292 392
340 338
965 1018
390 313
397 367
447 297
1263 876
373 371
472 357
416 424
1275 1389
415 406
451 408
443 405
1514 1599
487 376
470 430
419 469
464 439
575 477
387 553
422 543
578 537
504 472
372 706
618 524
478 595
677 488
589 558
631 573
716 525
857 879
473 880
569 767
942 859
635 683
507 962
863 946
488 1089
720 667
1032 988
606 825
787 656
1121 963
719 765
851 626
849 1529
856 693
814 727
1152 1308
1018 617
846 731
1185 1315
879 779
896 832
798 902
788 995
760 1554
962 1139
860 1387
1074 1160
1207 1065
1359 1006
1297 1058
1271 1194
1139 1341
1174 1412
1188 1539
1333 1363
1095 1841
1098 1839
1249 1643
1158 1798
1473 1438
1375 1689
1399 1847
1480 1924
2014127030 2130703568
1
sift 111
159 122
56 50
248 204
62 52
285 225
88 85
370 310
78 94
435 369
104 87
623 442
123 71
582 516
105 88
752 543
106 118
666 581
181 160
529 1327
184 170
878 718
213 140
987 641
186 215
997 640
293 145
965 889
283 180
1263 912
225 251
1275 996
256 238
1230 1227
269 240
1097 1397
220 287
333 266
1333 1421
315 290
340 285
1506 1666
357 301
353 320
292 413
321 392
336 408
350 400
390 337
397 383
358 491
415 417
462 387
416 474
464 440
470 446
592 402
384 623
478 525
528 473
275 1878
575 523
589 561
473 820
655 546
618 585
593 681
606 803
648 771
682 730
569 1008
620 906
545 1163
740 739
725 807
657 920
720 968
640 1288
864 848
896 834
585 1603
710 1226
719 1235
703 1351
766 1209
784 1154
701 1435
795 1175
841 1118
798 1219
831 1194
942 1026
1018 1091
860 1479
1082 1204
1297 982
849 1636
946 1417
1176 1111
1121 1192
793 1895
1360 1001
948 1577
957 1565
1084 1350
959 1890
1185 1392
1005 1758
1181 1430
1243 1457
1258 1735
1134 1983
2014127030 2146998783
1
sift 169
3 2
129 173
1 1
4 7
63 63
2 4
134 133
285 234
22 28
172 159
242 240
34 34
180 164
295 224
51 64
231 199
623 600
62 72
257 269
370 316
88 77
437 247
752 613
107 85
1020 1001
1462 202
123 76
1265 272
731 840
104 93
433 446
85 113
534 528
113 89
505 529
96 108
102 111
582 616
106 126
119 130
685 581
174 158
184 174
965 968
186 178
181 206
1230 934
277 189
283 204
222 270
228 285
299 231
220 338
197 413
259 324
296 295
333 301
329 311
340 304
314 327
317 322
287 372
325 334
292 382
349 336
357 349
271 485
390 321
353 374
426 341
407 398
447 364
472 346
397 422
415 435
366 575
470 456
365 710
402 596
677 438
575 502
482 621
578 531
457 700
531 632
632 523
442 822
559 638
522 704
618 578
498 768
589 672
544 757
606 674
609 684
596 750
605 752
620 767
585 856
616 897
691 807
706 829
725 817
719 849
710 942
734 916
740 910
696 1035
728 997
1063 685
688 1110
703 1063
770 937
896 802
709 1097
784 933
766 1004
942 794
1043 726
735 1104
905 923
831 1024
1037 851
830 1051
795 1118
778 1190
805 1156
1032 953
860 1201
794 1358
803 1351
800 1452
867 1341
956 1174
857 1400
1008 1153
819 1541
946 1298
914 1378
911 1401
1297 941
1121 1075
912 1441
1082 1165
886 1551
1084 1184
1005 1339
931 1516
1135 1164
1064 1290
1353 1016
993 1442
954 1530
1015 1424
1176 1172
1095 1317
941 1590
1098 1349
1174 1248
1188 1271
1093 1446
1041 1586
1139 1456
1370 1233
1185 1479
1248 1532
1457 1362
1303 1506
1427 1544
