2019709110 2124113243
1
sift 637
29 25
89 67
0 0
34 34
80 49
7 6
337 274
103 74
13 11
85 78
93 91
15 13
347 314
129 98
18 16
342 283
104 88
21 14
430 420
138 105
14 23
373 336
153 103
26 22
413 496
150 119
28 27
444 381
159 120
37 29
486 473
227 193
31 46
504 421
184 126
49 36
653 543
263 189
59 37
677 550
191 142
58 42
665 599
279 191
60 45
693 631
282 110
69 48
803 666
248 236
66 65
711 839
196 159
78 64
1187 1363
350 234
74 77
1012 852
212 146
166 57
1390 1365
379 240
107 92
1258 1248
266 197
111 94
1361 1759
348 261
121 100
1458 1502
286 190
130 106
1909 1535
343 272
134 117
1478 1532
281 198
154 114
322 303
132 134
1859 1716
331 301
160 141
566 343
167 136
1954 1696
417 337
156 147
589 361
193 138
1858 2046
423 389
162 153
692 363
173 158
631 307
234 131
624 436
178 169
530 388
181 170
702 399
192 173
582 442
214 164
676 458
245 165
658 491
247 179
526 576
249 184
571 567
256 209
593 587
262 207
939 427
246 230
698 598
285 199
827 577
284 214
814 590
269 239
964 572
332 200
844 636
259 250
1000 582
289 244
627 1026
295 238
1215 557
335 225
607 1208
327 251
942 669
293 276
948 676
355 248
1474 527
313 291
979 657
357 263
1021 682
362 286
1030 764
382 279
1106 643
386 284
1399 608
364 313
907 774
402 281
1094 777
365 310
1227 610
404 293
1172 742
374 316
868 889
416 299
1259 760
385 327
1282 664
403 320
1174 825
408 322
1404 730
376 341
1162 858
390 331
1139 882
622 252
1303 851
397 347
1161 890
401 345
1888 663
428 330
1297 866
388 364
1090 1070
392 369
1180 1005
414 365
1209 999
437 351
1225 981
449 352
1515 861
668 285
1338 935
421 384
1392 926
400 431
1313 974
456 368
1542 870
431 402
1416 1008
464 371
1403 1122
454 378
1513 953
378 514
1435 1096
405 478
1336 1116
425 452
1430 1164
451 410
1526 1022
440 423
1669 1071
467 411
1606 1073
481 414
1443 1298
473 445
1746 995
452 474
1408 1400
462 468
1610 1083
480 454
1887 1082
468 482
1605 1110
496 444
1923 1199
512 426
1570 1146
528 412
2101 1303
492 461
1624 1120
484 475
2143 1530
499 466
1414 1367
457 521
1788 1889
592 395
1347 1433
418 695
1872 1926
586 446
1780 1245
497 544
1919 1976
564 485
1900 1321
533 515
550 503
2063 1233
579 489
675 430
1895 1362
543 529
597 493
1934 1385
520 578
605 518
2109 1259
648 495
570 540
2056 1334
679 480
630 509
2071 1330
706 484
764 453
1703 1578
544 594
645 513
2052 1369
697 497
598 552
2030 1394
637 532
960 393
2119 1325
821 439
824 457
1630 1735
547 633
587 601
2066 1420
639 565
572 615
2093 1589
747 524
635 588
695 570
728 558
666 618
618 686
616 704
646 678
704 640
743 619
734 626
792 583
694 688
749 649
761 634
745 652
713 694
709 699
737 673
837 584
680 750
763 683
938 579
765 710
757 748
735 769
884 603
886 606
750 788
602 1050
776 755
916 628
822 715
769 816
836 718
768 836
739 874
820 768
873 720
891 719
789 849
988 668
800 863
787 887
740 998
772 934
912 775
815 867
710 1106
788 955
911 801
986 759
890 834
569 1595
842 888
1034 737
881 847
947 810
796 1011
1062 738
961 812
858 929
1146 736
957 853
925 891
756 1239
899 930
864 978
874 972
831 1072
797 1155
1016 850
1177 770
926 952
1078 832
946 916
1005 869
965 902
974 900
1330 702
850 1085
993 911
953 951
975 944
650 1711
1013 939
932 1076
1075 914
1059 933
894 1129
869 1178
889 1160
928 1105
1028 1018
962 1079
1121 924
1025 1034
1103 961
1169 931
1037 1065
1040 1066
983 1158
1076 1053
1331 856
1093 1059
906 1314
1119 1035
1113 1047
1044 1115
1046 1126
1195 994
1038 1150
1289 932
1193 1027
992 1250
1256 979
1123 1090
1153 1094
1058 1198
1006 1278
1151 1114
1035 1267
1148 1153
1122 1187
1072 1240
1196 1109
1208 1124
1086 1294
892 1580
1527 923
1108 1274
1084 1319
1271 1102
1366 1044
1380 1036
1125 1272
1017 1442
1134 1291
1100 1345
1152 1288
1247 1190
1267 1175
1275 1171
1155 1324
1109 1371
1231 1231
1273 1202
1166 1342
1147 1381
1173 1351
1525 1037
1296 1215
1009 1561
1350 1176
1159 1408
1114 1461
1105 1496
1234 1376
1253 1350
1479 1136
1301 1315
1409 1209
1365 1236
1343 1256
1251 1388
1281 1374
1536 1135
1137 1534
1433 1229
1434 1232
1203 1483
1288 1413
1321 1370
1475 1230
1587 1188
1295 1440
1240 1514
1411 1366
1891 1054
1507 1265
1489 1286
1241 1539
1340 1432
1299 1494
1428 1377
1751 1143
1268 1551
1519 1322
1400 1423
1559 1280
1486 1346
1192 1661
1521 1347
1364 1479
1236 1624
1387 1464
1595 1312
1450 1419
1204 1725
1102 1932
1397 1518
1145 1918
1522 1444
1315 1636
1456 1492
1311 1657
1459 1497
1777 1279
1394 1584
1352 1633
1326 1714
1516 1519
1638 1457
1674 1438
1611 1491
1695 1437
1499 1576
1657 1487
1636 1543
1768 1451
1552 1594
1453 1727
1753 1501
1546 1670
1966 1405
1540 1697
1561 1680
1933 1428
1805 1512
1389 1939
1985 1415
1778 1536
1603 1681
1844 1509
1815 1533
1710 1597
2133 1329
1822 1538
2103 1361
1557 1754
1578 1743
1537 1782
1563 1765
1518 1824
1524 1828
1707 1640
1645 1709
1553 1791
1634 1726
1575 1780
1502 1878
1618 1781
1748 1646
1716 1708
1758 1651
1599 1843
1826 1618
1601 1849
1663 1803
1798 1689
1530 2026
1664 1861
1649 1876
1838 1698
1742 1774
1568 2006
1761 1772
1733 1814
1686 1860
1500 2094
1635 1943
1884 1688
1861 1750
1896 1717
1640 2011
1993 1626
1791 1836
1969 1690
1841 1825
1863 1815
1868 1829
1882 1806
1926 1793
2127 1596
1983 1752
1946 1788
1637 2171
1963 1797
1804 1978
1681 2143
2154 1601
1903 1931
1693 2191
1843 2025
1987 1852
1837 2037
2120 1703
1913 1955
2072 1777
1727 2201
1986 1880
1666 2262
1955 1949
2000 1891
1688 2272
1941 1984
1991 1930
1970 1969
2088 1848
1750 2234
1867 2135
1757 2264
1734 2312
2019 1963
2086 1895
2061 1935
1846 2218
2017 2004
2116 1873
2045 1989
2083 1946
1915 2209
1874 2257
1836 2310
1760 2387
1981 2180
2022 2133
1940 2230
2179 1685
1632 2477
1998 2216
2081 2122
2107 2099
2121 2115
2097 2179
2032 2259
1996 2341
2147 2151
2096 2242
2151 2173
2091 2291
2104 2296
2073 2391
2167 2246
2163 2401
2184 2080
