2045004962 2095558067
1
sift 61
46 62
140 116
156 212
533 494
120 103
175 139
148 140
217 166
172 152
143 190
209 192
431 322
261 180
319 254
502 288
454 338
325 253
336 315
556 323
768 515
313 390
400 384
468 541
825 557
406 419
571 581
1453 399
1101 820
524 950
627 678
1373 525
1387 1019
696 661
797 705
1294 555
1690 1378
568 1752
809 1017
705 1160
885 829
879 982
1371 587
685 1453
963 1075
1239 761
1302 803
1314 1243
1139 962
1112 1000
1320 1702
1140 989
957 1410
1379 1012
1351 1031
1009 1449
1090 1529
1452 1300
1647 1318
1664 1503
1671 1568
1755 1524
2045004962 2130703568
1
sift 523
37 39
46 52
11 7
54 53
95 78
20 13
52 63
92 88
25 19
99 83
116 122
24 25
131 108
113 115
29 29
137 125
143 142
43 41
151 141
120 111
58 47
171 132
181 155
56 50
216 188
175 160
64 49
227 208
172 168
66 77
270 191
167 170
73 71
259 205
166 245
93 73
290 263
178 163
91 81
307 277
268 226
76 87
418 259
184 180
78 117
373 362
248 283
124 92
337 526
190 179
104 116
399 395
315 310
140 97
480 422
224 222
112 124
434 388
306 343
130 112
604 550
247 251
97 140
645 447
359 338
145 126
531 888
261 237
158 119
1151 766
375 334
182 130
1055 1190
281 266
176 134
1261 1376
346 397
163 146
1256 1404
298 305
168 144
1418 1441
433 366
154 158
1639 1623
345 281
164 175
1412 1800
412 442
147 196
1676 1646
319 301
180 159
1565 1741
533 506
161 220
1606 1812
325 320
199 181
1840 1499
592 516
212 177
321 323
201 187
530 641
194 195
313 337
198 215
571 581
209 210
336 340
191 233
673 543
254 193
367 383
258 200
610 572
220 240
383 369
283 189
714 542
242 229
378 416
210 276
621 718
225 255
392 413
240 257
703 648
260 279
400 421
272 265
679 790
231 327
406 417
279 286
624 905
301 270
430 446
256 351
650 871
276 326
408 498
341 290
761 802
314 304
477 523
331 299
744 878
304 363
524 585
291 396
876 912
324 335
558 561
355 303
841 1040
303 392
563 610
361 318
1018 889
318 387
593 627
354 350
842 1232
344 371
627 654
503 275
848 1345
347 393
696 730
393 348
1220 990
362 385
797 807
311 456
1128 1098
364 408
809 839
387 381
1269 1009
312 491
839 863
409 375
1117 1227
404 386
987 771
398 407
1389 996
431 365
945 848
420 398
1189 1278
353 479
835 995
443 391
1429 1137
417 433
882 916
407 473
1246 1562
384 519
893 949
438 441
1517 1487
416 485
859 1026
502 399
1335 1863
432 463
944 952
424 474
1459 1836
436 476
963 1192
449 458
1439 1944
453 451
1392 979
451 470
1668 1934
440 495
1314 1393
465 465
1786 1814
479 445
1320 1517
466 472
1812 1819
481 449
1529 1636
463 502
1821 2033
457 524
1505 1965
491 482
397 649
1873 2016
483 509
507 490
446 560
423 599
754 367
501 529
468 559
473 555
1081 309
472 562
553 496
654 431
595 525
517 590
488 660
496 644
548 569
505 661
579 586
561 623
629 548
726 510
555 638
655 546
644 564
596 629
599 628
504 868
649 611
680 591
618 663
551 818
583 738
677 612
622 692
632 707
736 609
727 620
652 716
611 781
681 726
972 535
762 681
687 776
658 811
721 741
781 696
725 762
753 735
695 800
735 750
710 788
785 719
628 899
768 739
715 794
774 760
692 849
671 873
672 882
683 884
747 820
745 826
613 1033
852 715
829 742
784 809
685 931
667 968
617 1091
689 955
901 710
825 803
752 928
832 834
562 1561
793 902
798 910
801 915
850 857
767 1008
751 1043
980 799
1024 770
837 946
885 907
779 1169
858 970
862 963
877 959
765 1235
777 1246
907 935
936 923
927 934
827 1147
906 969
857 1041
863 1067
939 974
921 993
642 1768
873 1062
910 1023
764 1407
915 1042
1011 967
985 1030
1005 1001
892 1182
869 1241
739 1622
805 1389
956 1105
819 1370
929 1156
949 1130
1029 1021
1007 1044
1058 982
960 1135
902 1219
991 1084
970 1131
880 1276
899 1256
973 1150
796 1529
1057 1010
1100 981
1101 989
872 1301
1009 1089
957 1210
846 1413
1015 1127
948 1253
1033 1111
1008 1171
1026 1138
979 1215
1075 1056
978 1243
1748 789
1014 1214
1023 1213
1333 933
1102 1143
1028 1248
1069 1195
1149 1132
1169 1157
1165 1161
1080 1238
917 1481
1040 1294
974 1414
1095 1271
1156 1228
1213 1184
1053 1322
1216 1188
969 1485
983 1461
1054 1351
1123 1303
1071 1358
1059 1384
1051 1430
1202 1300
1271 1247
1361 1175
1139 1374
1399 1173
1044 1533
1679 1002
1090 1488
1236 1325
1310 1281
1168 1424
1293 1299
1290 1314
1064 1613
1068 1615
1206 1418
1060 1632
1158 1495
1454 1239
1210 1455
1098 1641
1078 1690
1114 1657
1074 1726
1125 1649
1106 1679
1221 1494
1289 1401
1601 1203
1301 1399
1248 1466
1364 1343
1032 1896
1239 1504
1362 1365
1358 1373
1334 1398
1263 1493
1147 1712
1222 1584
1249 1566
1579 1285
1336 1443
1175 1713
1340 1445
1351 1440
1300 1526
1716 1234
1153 1798
1115 1912
1205 1767
1423 1429
1387 1479
1226 1717
1194 1803
1576 1349
1462 1434
1378 1555
1487 1448
1255 1806
1394 1601
1339 1677
1345 1676
1633 1394
1341 1697
1516 1498
1498 1509
1446 1575
1430 1595
1532 1503
1374 1688
1348 1729
1343 1744
1468 1593
1525 1537
1228 1977
1427 1675
1352 1781
1629 1523
1588 1574
1375 1832
1443 1787
1452 1786
1510 1734
1492 1774
1615 1711
1450 1948
1605 1769
1593 1779
1574 1839
1382 2005
1504 1938
1839 1551
1719 1686
1600 1835
1743 1692
1657 1789
1690 1790
1865 1600
1476 1997
1570 1955
1533 1980
1470 2008
1752 1776
1728 1809
1724 1825
1704 1899
1750 1844
1659 1949
1647 1961
1753 1979
1894 1805
1800 1954
1681 2017
1890 1885
1877 1971
2045004962 2146998783
1
sift 383
27 22
46 72
20 13
55 55
116 125
24 19
52 71
92 99
25 21
131 139
181 170
33 27
137 131
113 116
29 36
307 103
270 155
36 45
216 201
143 151
56 58
981 932
673 613
73 76
227 229
167 174
75 90
1159 1064
703 694
76 93
337 485
178 181
139 77
1257 1226
624 813
168 137
1261 1361
175 206
180 154
1502 1261
744 852
148 196
1418 1545
184 204
187 182
1639 1454
896 743
194 179
224 231
198 178
876 842
210 194
268 233
176 286
842 1022
287 184
248 296
209 256
848 1135
220 244
281 301
253 235
1218 1074
258 237
286 335
243 262
1429 1126
260 271
315 316
301 260
1591 1245
231 397
313 321
276 323
1557 1324
404 225
322 331
272 353
1786 1593
279 339
319 349
344 273
341 302
323 362
338 304
304 350
336 352
362 299
310 358
325 374
397 278
331 332
357 346
318 354
359 355
383 370
416 310
369 357
392 382
364 366
407 330
378 393
347 410
395 372
367 422
393 376
385 399
406 435
384 432
409 416
408 449
502 334
431 420
379 491
504 363
438 436
430 456
420 463
451 428
477 502
424 461
446 440
475 529
440 450
434 464
533 510
488 438
517 413
537 531
473 453
469 468
524 578
468 476
463 484
593 548
466 486
507 455
530 646
448 517
501 470
559 630
435 545
491 516
571 615
617 452
681 433
610 568
612 490
483 632
592 616
496 640
505 629
627 722
543 601
561 579
797 817
548 606
597 543
809 834
595 565
589 633
859 794
626 626
546 755
944 804
583 686
680 595
945 806
632 641
691 594
835 949
687 608
735 575
839 958
674 639
798 552
882 1005
562 878
688 675
987 952
710 664
959 523
893 1072
768 649
721 703
1035 927
727 709
656 781
1018 968
784 684
790 687
1117 934
733 724
652 828
963 1075
781 706
783 698
879 1400
777 713
825 674
1599 914
1032 557
769 738
1297 1095
659 876
774 768
1269 1242
678 893
793 751
1324 1203
863 678
806 725
1128 1552
765 784
718 863
1320 1370
747 826
690 900
1355 1325
655 989
752 870
1505 1272
801 803
736 903
1335 1428
645 1088
832 802
1314 1480
885 752
836 811
1736 1281
804 888
887 776
1459 1555
857 845
929 780
1669 1580
850 890
1053 718
921 819
1093 711
926 831
902 858
979 786
894 885
1024 774
976 820
982 821
877 923
906 902
819 1054
917 915
1310 710
802 1214
985 943
938 1013
983 983
956 1014
899 1067
1023 961
853 1194
1101 910
1058 941
948 1061
1213 865
969 1059
1130 919
1028 1010
1084 956
883 1223
960 1106
1100 981
1038 1036
957 1157
1115 1006
1588 764
922 1251
1011 1112
1054 1063
970 1254
1033 1172
1290 972
1016 1236
1202 1046
1216 1039
1029 1229
1204 1057
1175 1091
1165 1122
1236 1060
1169 1128
1394 974
1302 1026
1187 1127
974 1433
1051 1275
1248 1065
1156 1160
1228 1093
1197 1147
1080 1267
1106 1257
1076 1319
1103 1287
1263 1115
1123 1296
1422 1031
1168 1259
1211 1217
1345 1099
1249 1191
1303 1159
1361 1118
1408 1096
1060 1487
1362 1156
1334 1180
1426 1111
1230 1309
1377 1167
1226 1350
1252 1343
1393 1186
1387 1201
1366 1234
1340 1274
1237 1418
1455 1206
1205 1499
1601 1153
1468 1243
1300 1444
1615 1176
1509 1265
1476 1285
1288 1485
1339 1430
1352 1421
1539 1271
1341 1456
1331 1493
1537 1328
1579 1313
1382 1500
1443 1445
1752 1219
1292 1608
1508 1436
1711 1301
1604 1389
1619 1380
1549 1439
1716 1346
1747 1322
1724 1358
1525 1511
1531 1509
1501 1531
1375 1609
1506 1558
1573 1512
1542 1546
1841 1317
1755 1403
1839 1349
1605 1542
1681 1486
1742 1452
1643 1533
1756 1455
1574 1592
1690 1544
1600 1595
1688 1553
1890 1391
1753 1529
1776 1548
1823 1506
1678 1607
1859 1528
1882 1566
1750 1613
1911 1602
