2095558067 2130703568
1
sift 96
42 41
494 506
62 52
153 167
103 111
178 203
741 802
139 160
190 142
194 178
515 739
175 226
282 347
192 210
568 774
180 237
360 518
254 301
557 803
217 371
252 321
674 906
288 399
315 340
820 989
358 345
390 337
780 1087
384 421
419 417
1553 709
347 566
541 559
855 1154
393 804
795 511
905 1209
610 642
565 729
994 1193
678 654
661 730
963 1226
950 585
705 807
1018 1480
531 1044
608 900
1111 1565
1081 586
971 656
1162 1983
527 1222
752 870
1315 1758
902 772
1129 665
1378 1790
637 1174
1152 693
1753 1572
1173 700
828 908
1017 839
1153 763
1022 851
874 974
769 1177
1053 881
766 1284
906 1230
1308 938
1075 1192
1453 931
1122 1204
1463 971
1069 1294
1287 1104
1031 1440
1449 1089
1160 1324
966 1701
1644 1041
1113 1504
1101 1568
1653 1136
1242 1392
1554 1243
1049 1928
1390 1449
1283 1648
1529 1488
1300 1786
1540 1642
1318 1961
1648 2023
2095558067 2146998783
1
sift 52
109 111
741 980
62 72
103 106
515 649
125 142
141 197
557 674
139 206
179 224
674 767
191 249
192 256
1553 598
217 387
254 349
820 910
288 334
252 375
855 933
294 346
356 446
963 942
214 1189
419 435
905 1004
541 476
565 589
994 1025
610 559
971 506
1018 1202
665 671
608 747
1110 1174
752 670
950 578
1753 1304
829 752
1122 631
879 812
1176 720
960 869
1287 791
1491 839
1075 1075
1644 845
1268 1114
1529 1077
1243 1480
1285 1437
1524 1403
