2130703568 2146998783
1
sift 506
30 22
32 40
13 15
63 71
39 33
25 19
53 49
42 52
23 28
107 138
69 43
40 27
125 131
68 53
28 35
249 198
78 91
31 37
132 145
70 100
35 45
550 1427
86 107
50 58
186 222
122 125
60 51
888 793
105 149
52 72
207 230
142 151
71 76
1403 1226
155 170
85 77
259 308
253 162
82 82
1623 1454
143 293
93 78
296 364
245 175
76 92
242 394
87 93
395 407
156 277
89 98
339 265
88 99
388 464
225 234
91 129
366 466
111 106
527 474
283 296
106 122
521 494
115 116
526 485
310 316
120 114
442 600
118 126
1110 1606
338 355
127 128
499 894
187 110
1376 1361
347 417
144 137
662 613
159 154
1310 1491
334 457
163 181
648 694
146 205
1390 1434
506 510
170 174
640 714
160 206
1640 1231
518 529
171 197
701 673
194 180
1799 1460
584 503
180 204
913 560
215 178
516 616
193 202
779 695
158 261
572 568
220 215
718 848
222 231
581 615
218 237
904 814
276 194
641 646
210 256
878 852
235 243
684 635
240 244
802 980
228 262
615 741
243 254
912 842
247 276
790 922
270 260
1003 960
336 218
889 968
279 271
1040 1045
430 195
951 1154
266 301
1232 1022
386 225
1227 934
285 304
990 1412
314 273
1009 1242
290 302
1666 935
309 283
1345 1135
265 353
1576 1450
306 290
1098 1552
304 294
1814 1593
282 348
1863 1428
286 339
252 411
1836 1555
392 255
299 332
1934 1579
326 323
324 331
301 349
344 317
337 321
351 320
385 299
320 374
340 352
327 397
363 350
348 376
399 334
869 213
387 354
368 371
456 305
431 322
424 336
408 366
371 387
485 310
381 398
365 420
433 359
473 330
375 416
413 382
393 410
383 422
416 393
379 443
417 435
398 463
440 437
531 381
470 428
446 456
465 458
513 427
474 461
519 432
498 449
490 455
472 486
459 497
501 483
529 470
497 496
560 440
590 413
482 516
487 514
555 453
523 502
461 547
559 476
868 363
660 438
619 469
726 433
1086 343
525 565
540 562
509 632
655 507
537 618
612 539
587 571
627 548
585 578
591 595
642 559
623 579
681 564
745 546
1091 452
717 580
606 666
644 640
661 629
709 598
610 672
634 650
729 589
672 628
677 626
645 654
750 575
707 641
620 709
776 608
747 634
664 691
728 658
674 690
739 649
849 588
654 722
818 617
696 706
761 669
738 686
787 665
740 704
947 573
736 719
803 674
809 684
862 648
890 643
609 903
1455 500
870 670
846 688
819 707
1093 570
760 768
716 828
769 773
831 721
784 777
823 775
807 817
1092 645
961 693
954 702
842 790
834 802
1070 657
820 826
900 747
848 806
901 750
1204 631
808 864
907 752
839 834
812 876
1067 678
950 734
906 767
1187 659
771 952
915 803
857 890
946 812
952 804
1090 729
724 1164
928 870
993 819
1026 794
863 958
970 854
858 978
1281 710
1163 758
1130 769
980 871
921 921
1011 853
1104 791
1000 868
956 900
1041 845
1156 780
1046 844
969 902
959 923
1322 718
903 989
989 910
850 1095
1073 863
1215 786
916 1005
982 941
937 986
1235 784
1036 908
1018 929
995 949
981 981
1030 943
1184 865
1145 886
1028 951
1138 889
1219 858
939 1089
949 1072
1112 948
1033 1018
1333 820
1308 839
967 1112
1176 954
1221 933
1105 1014
1399 823
1265 912
1226 942
1324 879
1199 973
1213 961
1574 764
1155 1015
1195 991
1123 1043
1209 1004
892 1384
1193 1025
1375 896
1188 1039
1135 1106
1020 1228
1005 1251
1314 972
1208 1055
1099 1147
1191 1076
1380 940
1161 1122
1603 856
1175 1118
1214 1078
1182 1120
1111 1172
1253 1061
1256 1067
1481 915
1294 1037
1307 1035
1203 1153
1300 1046
1210 1157
1252 1121
1189 1190
1131 1254
1325 1060
1228 1160
1372 1028
1351 1063
1370 1054
1921 850
1348 1082
1515 992
1429 1032
1400 1056
1548 988
1331 1146
1238 1267
1222 1294
1108 1469
1485 1059
1338 1168
1369 1149
1466 1065
1365 1156
1234 1346
1465 1081
1350 1184
1488 1077
1398 1180
1107 1569
1405 1173
1303 1296
1492 1116
1502 1110
1939 950
1532 1109
1901 966
1606 1069
1669 1048
1402 1215
1479 1201
1676 1099
1417 1298
1293 1467
1565 1175
1445 1274
1270 1525
1218 1581
1498 1234
1566 1191
1578 1208
1525 1282
1864 1086
1367 1457
1809 1113
1593 1243
1641 1220
1600 1268
1414 1433
1354 1514
1572 1304
1489 1385
1392 1479
1605 1286
1517 1370
1551 1349
1679 1257
1977 1093
1658 1283
1776 1219
1563 1405
1526 1444
1879 1230
1914 1205
1717 1350
1956 1192
1793 1300
1758 1339
1537 1511
1777 1338
1647 1437
1531 1530
1677 1430
1540 1556
1632 1487
1824 1356
1825 1358
1770 1399
1908 1307
1697 1456
1965 1272
1781 1421
1885 1391
1787 1445
1997 1285
1796 1442
1895 1395
1767 1499
1966 1366
1769 1542
1886 1468
1782 1535
1685 1600
1790 1544
1803 1536
2029 1390
2004 1431
1838 1591
1835 1595
1979 1529
1832 1609
2005 1500
2017 1486
1843 1614
