233907011 401566863
1
sift 144
159 81
47 22
182 73
49 26
962 381
51 28
165 92
73 35
67 37
326 122
80 45
99 63
665 200
134 66
129 83
743 201
77 141
158 80
524 289
111 104
118 108
462 375
163 91
197 88
848 357
164 100
263 117
1118 385
235 142
198 186
1104 465
267 161
328 227
248 270
382 281
389 310
430 301
588 265
590 280
410 361
616 308
487 354
644 311
667 323
527 367
587 347
538 414
631 364
677 368
562 427
593 424
681 394
639 447
397 747
781 472
710 496
577 579
483 727
1019 420
671 526
684 540
597 603
1281 425
775 538
766 552
601 686
833 533
1152 474
764 593
757 618
686 683
911 549
807 611
725 700
946 572
973 576
1072 569
712 766
805 689
772 737
867 699
880 720
707 874
1101 636
998 722
1234 641
1164 685
953 763
1201 677
1285 650
967 789
1236 679
1271 669
922 818
904 842
750 1058
1212 740
1242 741
1140 799
1273 745
845 997
1194 790
1211 798
921 982
937 969
821 1120
1077 904
778 1341
979 1036
1110 1003
801 1391
1219 958
1202 977
941 1269
1046 1182
1203 1049
1147 1128
1078 1197
1235 1095
1216 1139
989 1432
1035 1404
1103 1365
1114 1399
1238 1279
934 1612
1319 1229
1302 1370
1305 1355
1071 1673
905 2112
1112 1676
1096 1702
1125 1679
1223 1546
1055 1875
1156 1727
935 2189
1128 1984
1209 1931
1269 1835
1205 2015
1274 1877
1310 1851
233907011 460401179
1
sift 85
976 844
89 86
158 225
114 157
917 1019
176 165
154 259
184 202
962 1023
187 257
235 309
201 367
1064 1035
198 408
267 437
272 328
297 326
590 520
320 406
314 438
616 987
415 352
384 380
915 921
428 366
395 422
463 381
507 430
382 532
478 485
440 507
737 389
601 486
572 513
571 514
597 535
663 519
613 554
555 591
524 629
684 550
724 543
687 561
587 718
614 709
905 553
544 835
874 569
636 727
638 750
719 692
822 618
1005 571
644 812
804 669
763 720
632 859
809 690
908 631
871 647
935 637
913 655
1031 609
639 901
877 683
681 904
896 737
831 794
622 1044
1127 721
1099 761
667 1170
677 1221
1238 800
840 1041
782 1246
853 1160
838 1213
1032 1015
1009 1122
1208 1080
1108 1182
1293 1040
1234 1239
1294 1206
233907011 580816557
1
sift 184
322 365
24 24
33 32
306 381
159 140
73 60
574 507
124 96
70 63
854 584
237 191
67 73
624 873
257 286
80 69
834 770
262 298
69 104
552 457
112 102
721 574
111 123
1063 665
134 117
129 124
917 772
118 138
158 130
990 879
164 125
154 155
167 146
163 157
182 142
197 161
150 234
187 196
200 202
198 208
250 186
263 189
235 219
219 261
258 240
267 251
326 236
214 321
248 295
785 181
303 266
297 281
310 282
328 277
288 312
333 278
359 306
314 357
362 338
300 382
349 359
375 358
340 398
430 354
370 390
508 347
447 408
472 413
665 371
562 406
527 423
644 393
524 443
397 560
463 511
744 379
555 454
588 449
639 438
653 426
460 567
590 474
492 551
631 464
443 653
659 481
677 478
571 532
597 556
601 589
740 535
671 564
607 609
651 621
701 593
686 637
742 614
688 657
647 698
775 601
807 588
1045 525
766 634
848 581
703 697
633 756
794 652
757 726
663 811
914 651
901 679
911 680
723 809
1224 592
880 716
1019 681
977 699
707 930
1158 661
673 1003
1020 700
1118 677
786 871
1164 676
954 740
844 829
878 783
796 901
922 780
821 882
915 802
930 807
1073 744
826 915
1075 765
933 870
802 1017
908 894
963 866
1072 805
953 892
1085 827
1140 799
1188 813
937 990
1211 845
1281 795
1005 1001
1201 889
1086 983
1071 999
955 1116
1216 919
1009 1048
1035 1038
1260 897
1115 1029
1219 951
1271 917
1053 1096
905 1234
871 1269
961 1190
1285 939
1207 1005
1305 909
1242 989
1202 1043
1125 1145
1112 1157
1273 1025
934 1336
1238 1083
1294 1122
1319 1008
1016 1450
1178 1401
1262 1278
993 1705
1302 1309
1006 1756
1230 1582
1206 1673
1304 1494
1279 1609
233907011 742308222
1
sift 75
24 23
80 78
292 210
140 182
99 85
159 133
112 95
824 211
462 428
119 116
552 620
134 107
556 680
1036 535
77 192
944 614
129 122
1184 869
859 1039
164 112
1063 646
158 120
1067 904
167 134
917 757
163 171
981 1033
197 149
198 164
263 161
235 203
255 195
326 186
267 237
248 288
1220 173
274 289
350 338
743 277
374 389
588 355
397 466
467 487
671 376
616 400
740 381
492 562
590 515
534 576
848 490
914 495
673 654
1158 486
647 687
922 547
939 546
1118 520
1084 533
1059 560
1251 599
1206 624
1075 689
1216 658
1072 702
904 888
1202 710
1201 750
1207 772
1271 770
1285 839
1273 861
1071 1062
1305 903
1262 1208
1307 1384
233907011 789706637
1
sift 561
151 134
13 10
0 1
306 361
24 15
6 4
322 406
28 21
15 9
854 830
30 34
19 12
574 610
37 31
18 13
834 881
87 72
20 18
624 915
110 94
21 17
125 112
22 20
117 106
25 24
139 127
31 26
124 100
35 25
160 147
33 29
159 145
34 32
183 158
51 35
204 194
40 38
238 214
46 37
261 228
48 43
257 244
47 46
291 233
50 48
283 274
49 49
345 286
55 47
421 346
56 50
391 383
64 54
432 410
66 52
465 397
67 55
466 427
70 59
490 408
72 61
488 448
75 57
515 510
79 63
485 580
82 64
493 554
85 62
552 582
80 68
568 575
84 67
594 607
88 71
652 583
90 74
630 715
96 69
774 528
89 79
713 647
93 78
618 763
97 73
771 684
98 88
721 672
102 86
756 718
104 87
835 696
107 85
728 874
122 83
836 788
109 95
846 810
120 90
944 717
111 97
859 807
112 102
940 841
118 99
1042 1000
114 103
962 853
106 113
1106 1009
121 119
917 958
138 104
1129 1069
129 114
1063 856
137 120
1062 1121
142 117
1036 1149
143 124
1257 937
153 121
1172 1089
147 131
1105 1173
154 140
1320 882
158 139
1261 1091
166 132
1255 1197
150 146
1298 1216
161 141
133 185
163 148
176 144
167 149
152 180
165 161
185 155
181 163
180 167
184 162
190 160
191 168
207 154
187 179
188 181
195 178
201 173
197 183
194 191
200 188
205 184
211 192
219 196
226 200
208 208
216 209
229 205
214 216
228 211
221 218
290 176
250 198
249 206
235 217
254 224
248 257
263 230
270 238
260 247
267 246
255 261
273 243
268 254
293 241
251 288
258 277
299 245
272 263
303 256
288 265
286 271
297 272
301 280
319 260
309 284
287 299
311 285
336 268
314 287
320 293
328 290
280 339
414 236
276 359
332 306
335 305
338 302
326 317
363 291
341 304
418 259
362 303
339 326
318 354
366 311
360 322
455 270
325 369
349 340
370 330
333 387
373 336
399 323
371 343
382 342
381 348
368 370
394 338
383 353
437 321
388 345
439 327
398 357
397 366
395 372
505 300
410 363
406 375
444 347
429 365
393 398
428 376
412 386
441 373
407 411
415 399
491 333
430 395
443 379
447 389
440 417
445 412
419 445
463 409
470 403
405 467
442 437
475 413
474 419
473 428
658 318
460 439
477 432
512 400
487 433
478 447
480 442
508 415
457 466
503 421
469 464
495 434
459 477
564 380
520 422
513 435
537 429
501 454
497 463
530 436
500 458
540 441
903 310
522 452
499 485
507 483
527 459
510 480
538 461
529 474
541 469
525 486
526 487
542 476
680 401
518 493
533 492
506 532
524 504
536 509
551 491
549 497
557 490
544 514
1145 324
543 520
593 475
546 525
657 450
577 503
576 507
698 443
587 505
561 551
597 519
580 540
592 533
583 553
566 573
590 549
615 531
648 508
639 523
619 535
609 547
558 605
571 602
598 565
660 527
601 578
616 558
588 611
631 560
622 586
703 530
562 673
605 604
602 621
644 577
651 564
641 587
613 620
600 639
553 713
684 562
664 584
637 618
720 544
729 546
591 681
638 638
697 570
677 599
690 593
668 636
659 649
780 545
686 629
688 625
663 654
710 603
711 608
653 675
610 732
719 624
718 640
707 664
803 568
788 600
700 680
696 686
742 658
804 581
671 712
744 661
765 648
567 906
748 668
745 678
778 665
791 660
723 705
781 671
760 687
800 652
766 683
758 692
763 691
775 682
730 724
812 641
595 930
772 694
743 735
784 698
654 819
709 773
786 739
789 745
776 766
693 889
823 706
754 799
814 722
798 751
799 752
1001 633
839 727
792 800
741 890
769 836
749 876
790 817
757 855
681 1032
986 669
805 796
820 787
891 740
887 746
871 755
1095 657
897 749
807 820
847 803
933 747
844 812
848 821
906 798
831 880
841 867
959 764
901 818
826 904
877 834
893 825
870 842
1032 736
964 769
858 852
896 832
900 831
853 887
868 850
797 1030
850 913
874 886
863 909
1054 757
1044 762
861 926
734 1199
867 920
905 894
889 914
1035 770
935 843
913 875
911 883
909 891
1059 768
953 837
924 863
973 835
955 845
920 898
914 910
1088 782
915 925
922 916
862 1013
926 918
958 902
983 869
1048 826
1026 840
951 934
987 897
880 1059
970 933
938 984
988 922
1005 907
946 986
1020 893
1023 888
1070 859
972 994
985 992
1004 969
957 1034
966 1025
1120 895
992 1010
1119 912
942 1080
937 1095
1028 991
1000 1021
927 1109
1031 997
1015 1007
1096 947
1118 960
1112 975
1102 980
1249 833
1052 1024
1140 971
1019 1049
1049 1029
1163 956
1014 1072
1071 1031
1156 976
1084 1028
1101 1023
1075 1050
1103 1027
977 1148
1114 1039
1165 1002
1131 1046
1072 1103
1085 1097
1169 1048
1087 1114
961 1211
1149 1078
1231 982
1194 1038
1147 1092
1218 1011
1134 1108
1238 995
1127 1118
1097 1152
1038 1178
1157 1126
1158 1132
1213 1073
1040 1202
1116 1171
1201 1104
1251 1061
1216 1101
1258 1057
1206 1128
1242 1088
1263 1081
1211 1153
1168 1187
1207 1159
1222 1133
1199 1169
1202 1168
1246 1115
1235 1127
1260 1111
1262 1158
1282 1150
1192 1215
1271 1183
1234 1217
1190 1228
1284 1207
233907011 962831950
1
sift 346
30 23
25 18
79 81
20 24
62 50
31 36
93 89
55 51
124 116
57 71
127 135
61 73
139 137
78 54
125 167
70 61
159 176
67 74
140 168
80 70
160 178
84 67
168 186
72 78
204 198
75 75
192 232
85 77
291 220
77 84
261 280
88 82
257 329
69 103
283 340
107 102
241 666
98 111
374 394
112 114
432 432
111 119
449 375
118 125
345 544
129 139
393 420
166 121
466 459
134 159
392 423
143 157
490 500
146 164
462 496
164 148
552 490
154 165
515 546
158 172
722 422
176 163
652 498
163 184
634 565
161 185
489 759
167 183
618 653
150 231
594 752
155 230
630 729
190 189
770 618
198 188
721 722
181 206
836 707
189 210
944 668
217 199
855 717
197 215
642 998
196 222
940 758
187 242
943 744
219 217
1042 773
180 273
859 974
194 256
846 1200
228 248
917 945
250 212
1172 1377
226 253
1063 909
231 243
214 270
849 1095
235 264
212 303
990 1104
295 240
313 228
327 218
258 262
216 332
366 219
264 281
267 293
274 291
255 301
248 335
297 299
336 284
311 300
309 307
288 318
300 324
268 354
314 312
362 286
301 357
328 342
326 344
413 295
359 334
380 339
356 361
350 369
334 387
388 351
349 395
430 360
370 412
414 385
472 373
397 413
491 362
445 396
422 410
428 418
459 398
398 455
441 421
396 477
437 438
497 402
475 426
440 457
447 453
487 434
527 399
478 473
464 493
333 735
443 524
526 441
495 482
480 513
562 443
467 576
583 458
508 522
460 589
483 573
544 504
587 475
533 521
557 499
541 520
518 531
558 515
598 494
492 599
631 491
499 601
571 551
661 488
534 592
524 597
597 556
545 606
576 593
602 585
516 684
686 537
616 580
740 514
639 572
1145 417
677 583
690 578
682 582
667 595
590 661
638 624
607 643
651 615
610 657
601 675
653 628
671 621
643 658
633 680
588 754
742 607
659 652
613 730
660 683
673 667
644 705
718 642
707 654
723 647
665 706
766 635
781 634
780 636
729 690
794 630
791 633
807 613
812 611
745 693
663 778
741 732
797 665
933 600
749 747
743 756
776 723
700 828
798 741
888 688
775 812
796 787
911 714
823 788
844 776
864 757
872 768
623 1125
699 1010
702 1019
801 901
826 871
904 831
961 793
928 844
880 865
1059 751
744 1051
901 900
816 955
786 1036
848 931
858 923
1035 815
914 894
1020 833
1220 740
1163 782
955 914
1194 792
915 950
893 992
878 1006
1114 875
1169 861
1096 905
1008 936
1140 893
865 1116
1004 969
903 1100
1094 927
958 1043
1045 972
905 1137
934 1064
1093 962
1028 1002
1009 1014
1112 963
1158 939
913 1168
1026 1026
1211 925
1144 982
1075 1022
839 1338
1014 1067
1216 940
1207 954
842 1353
953 1178
1088 1048
1188 983
1027 1094
1251 942
1157 1034
1019 1139
977 1204
979 1205
1177 1028
1005 1170
937 1280
1071 1126
1202 1020
1127 1073
1072 1140
1242 986
1223 1025
1289 981
1053 1207
1015 1239
1178 1142
1218 1093
1278 1045
1201 1148
1125 1245
1212 1188
1293 1077
1247 1156
1208 1237
1006 1433
1159 1345
1224 1271
1099 1414
1197 1340
1120 1416
1271 1247
1273 1285
1294 1258
1206 1375
1297 1301
1239 1392
1253 1386
1311 1304
1280 1471
233907011 1064082008
1
sift 522
574 573
30 33
11 8
834 827
87 88
25 19
854 856
110 109
31 26
116 122
43 35
124 128
39 38
139 157
40 42
160 145
51 39
159 151
56 41
183 197
47 48
174 220
49 51
204 201
50 52
257 245
55 50
237 270
57 47
262 244
66 58
283 290
67 60
279 295
64 65
345 299
69 61
324 446
72 66
432 425
70 69
346 521
75 67
466 466
79 73
435 542
80 75
552 441
88 71
630 412
82 76
722 390
86 77
485 531
84 78
515 537
77 92
568 525
89 80
594 507
85 90
642 518
93 82
618 649
96 85
652 677
92 93
585 826
102 89
691 709
97 97
713 685
104 102
634 835
107 105
770 771
109 108
728 840
111 111
846 730
118 107
1129 577
112 117
756 907
129 127
813 820
126 130
835 963
134 132
917 967
120 153
962 966
137 133
940 997
141 131
1061 916
140 140
1063 924
143 138
944 1017
150 135
859 1193
191 124
1173 985
146 152
886 1235
155 147
1042 1207
154 162
1237 1165
158 155
163 156
161 163
171 154
184 141
168 160
153 174
185 143
128 237
165 167
167 169
176 168
190 175
181 180
206 170
200 176
189 183
194 179
188 194
187 198
196 184
195 199
198 196
211 188
197 207
201 217
226 203
219 209
207 223
231 208
214 227
242 205
229 221
186 263
203 246
221 232
235 236
216 300
228 280
258 242
270 241
250 248
255 254
254 260
272 249
267 272
299 253
263 285
303 262
309 256
273 282
301 268
288 279
297 274
286 286
311 288
333 267
314 292
320 293
293 325
336 289
268 360
334 306
380 266
328 318
350 298
339 311
326 331
290 381
341 323
365 313
349 335
362 326
446 278
363 329
369 327
408 315
405 320
370 344
371 346
373 351
383 340
366 375
384 353
382 366
378 370
406 355
388 378
395 377
410 368
394 388
398 403
441 371
415 402
393 422
460 373
412 411
443 400
419 417
463 394
457 401
437 414
470 398
447 424
445 427
452 418
430 442
440 440
477 420
480 423
478 435
508 409
469 449
442 470
494 434
475 458
454 475
506 433
474 474
487 463
500 448
422 547
491 473
510 455
459 512
507 464
501 480
518 459
497 492
658 408
545 461
444 609
517 487
529 484
519 490
541 477
542 476
557 471
543 485
524 496
693 421
535 498
520 506
546 489
526 505
571 494
795 407
593 481
572 497
538 534
548 526
597 488
569 510
544 540
537 559
580 538
533 597
601 514
592 528
735 457
549 598
590 543
576 568
698 486
587 569
562 602
598 565
619 545
504 737
596 570
612 561
609 576
525 708
608 578
588 624
644 562
600 608
604 615
614 607
641 587
681 551
636 601
632 612
697 555
586 688
553 734
622 629
616 647
662 595
686 586
639 636
780 524
655 617
667 606
605 682
696 593
660 627
651 640
664 625
729 571
625 680
638 659
684 620
668 628
747 563
720 583
719 596
742 589
748 592
730 604
788 564
653 687
688 661
700 657
711 648
765 610
783 614
732 674
723 693
749 678
705 707
677 744
578 897
718 701
763 671
648 786
707 723
766 672
745 704
786 656
789 667
737 720
775 697
784 695
607 909
761 732
731 770
803 696
778 729
781 731
743 773
762 751
839 660
840 664
709 792
741 782
799 713
797 738
794 746
776 767
823 721
827 726
792 783
1004 613
643 992
841 727
811 757
798 789
831 764
659 1009
772 843
816 776
805 796
919 715
847 768
832 779
769 883
1098 642
804 819
868 761
790 863
814 801
826 798
858 797
954 745
791 911
874 799
848 825
877 800
902 794
891 806
844 846
906 803
871 818
870 821
863 834
896 822
837 886
861 857
913 830
909 837
1026 763
883 877
873 890
862 904
914 851
926 842
853 937
1096 762
937 847
915 889
905 923
933 888
951 865
942 871
820 1001
938 887
1033 815
955 873
992 838
911 935
1038 824
973 875
995 860
953 908
981 895
1141 812
970 927
985 910
1031 882
972 934
867 1033
1102 841
1048 874
1053 880
1128 836
899 1031
983 943
1218 795
1190 817
1071 892
900 1054
963 976
1005 942
946 995
807 1183
1020 944
987 982
1018 953
968 1021
1114 917
1112 931
1171 899
966 1044
1142 920
957 1064
1008 1005
1019 1006
965 1075
927 1124
1023 1013
1093 980
1127 959
1049 1011
1013 1042
1077 1003
1137 974
999 1066
1052 1046
1156 981
961 1145
1030 1061
1070 1048
1085 1037
935 1177
977 1137
1024 1080
1015 1084
1231 939
1072 1071
1181 993
1101 1055
1047 1097
1043 1101
1045 1105
982 1168
1097 1081
1078 1099
1086 1088
1075 1115
1027 1150
994 1187
1192 1030
1260 970
1163 1070
1120 1103
1197 1043
1119 1122
1148 1112
1131 1140
1182 1114
1234 1050
1116 1166
1201 1090
1272 1019
1011 1217
1208 1089
1251 1065
1169 1169
1238 1086
1107 1224
1262 1119
1247 1138
1235 1186
1214 1202
1294 1152
1212 1220
1229 1216
1284 1185
1279 1219
1285 1231
1319 1243
233907011 1347700863
1
sift 330
116 150
6 7
70 85
19 15
124 155
20 16
80 100
31 20
262 270
39 39
102 106
40 58
283 296
55 49
163 174
49 67
465 542
46 79
154 191
67 66
770 408
66 73
167 197
78 76
836 695
86 92
181 218
82 108
944 721
89 116
197 241
104 99
846 874
118 111
235 260
114 125
691 1245
97 154
267 313
111 139
917 991
112 146
250 335
129 148
962 980
134 162
590 563
156 184
1063 927
158 185
616 724
176 190
990 1028
200 166
664 715
165 198
206 173
915 974
164 213
190 199
187 208
212 193
211 206
242 188
195 243
226 232
229 246
252 240
201 312
216 301
249 255
224 306
270 254
301 269
273 286
309 279
272 310
297 293
311 290
288 315
303 314
314 295
286 330
334 328
332 340
263 400
328 343
383 325
363 341
349 347
406 323
457 300
362 362
384 345
374 363
326 419
461 334
373 376
395 359
410 352
382 386
398 371
415 370
459 354
371 431
388 401
399 397
393 404
428 381
470 364
442 382
463 374
319 612
477 389
366 511
440 420
494 372
445 422
394 491
412 473
447 446
469 426
430 468
516 388
452 462
507 413
491 442
504 427
505 439
478 492
500 453
508 451
454 525
545 432
495 488
458 537
518 477
741 369
551 480
541 486
520 495
510 524
529 500
537 502
499 547
572 490
536 530
526 536
497 588
524 538
517 573
555 539
557 535
538 580
548 555
697 466
577 548
571 551
592 541
598 544
542 644
621 557
889 429
544 674
597 602
587 634
562 679
602 624
588 657
637 600
610 633
655 593
747 552
668 605
699 591
609 685
614 682
641 662
712 594
593 741
730 611
663 669
600 749
710 649
786 599
684 697
742 641
686 701
720 656
784 615
696 710
776 630
653 750
622 790
715 700
724 693
639 785
701 731
644 792
811 628
660 781
958 549
763 706
667 806
749 740
798 694
799 704
839 650
719 772
586 1022
865 665
775 761
874 663
671 884
973 619
772 774
718 827
897 675
861 696
677 896
796 765
711 865
905 708
662 944
789 803
923 684
605 1067
638 1004
826 754
805 787
809 775
920 720
844 770
766 878
912 745
781 906
934 759
870 804
769 933
831 840
877 815
837 848
913 800
821 869
863 829
743 1029
992 757
790 964
896 828
954 797
909 831
814 920
1005 783
953 824
762 1064
925 842
1058 769
933 839
935 850
847 940
942 859
938 864
955 846
1054 802
961 857
926 880
977 856
1096 816
951 909
1071 834
853 1015
807 1081
848 1030
867 1012
868 1040
860 1065
1016 911
1128 875
963 985
880 1086
833 1163
908 1080
1127 903
1028 951
1083 922
1031 959
1077 934
1093 923
901 1109
988 1025
1043 979
985 1034
911 1151
1113 978
937 1129
1146 962
914 1158
991 1084
1147 990
1142 1008
965 1153
1097 1074
1070 1096
1179 1035
971 1199
1020 1154
1238 987
987 1200
1214 1033
1114 1122
1085 1149
1033 1194
1019 1217
1072 1192
1177 1127
1099 1183
1284 1013
1120 1178
1136 1181
1138 1202
1133 1226
1205 1169
1078 1253
1092 1251
1166 1237
1304 1091
1102 1262
1289 1243
1294 1247
1310 1230
233907011 1701417931
1
sift 83
574 541
917 1003
114 146
1076 1396
154 228
184 177
854 754
962 1288
235 292
267 438
272 309
297 301
590 490
314 340
428 298
915 1017
320 364
399 315
1297 1279
384 353
463 328
415 378
396 398
477 351
440 389
482 430
641 369
507 449
478 509
481 521
505 522
518 533
663 472
535 555
651 525
777 489
621 588
597 602
684 606
587 756
724 627
874 590
638 790
772 671
544 956
913 626
822 684
804 714
502 1207
938 638
831 700
610 963
868 698
1035 643
844 760
896 726
805 793
871 752
873 750
877 753
937 724
908 759
808 831
622 1153
840 871
1127 736
951 877
1146 820
867 964
1070 886
1099 882
1210 852
1031 966
1028 1036
1102 1146
1103 1149
1009 1293
1197 1170
1166 1366
1195 1357
1234 1338
1294 1286
1208 1392
233907011 1745211470
1
sift 342
24 22
21 19
80 79
25 23
87 92
26 26
139 107
31 28
110 138
33 30
159 139
34 29
160 223
39 43
163 154
52 45
262 268
50 48
197 172
73 57
283 260
67 65
198 175
82 60
257 300
69 77
466 448
77 115
391 441
104 93
665 374
114 95
421 662
112 103
590 491
102 123
489 632
111 110
616 512
129 124
490 694
134 117
618 587
137 126
560 653
147 120
713 560
207 101
552 804
143 140
585 790
158 134
771 582
154 146
493 1094
150 150
721 742
167 142
652 931
156 163
836 767
165 153
1036 715
176 182
917 903
200 157
915 911
190 173
1042 828
194 178
1063 856
201 179
940 954
228 169
962 941
216 180
990 1132
268 149
1045 1000
211 190
229 189
180 230
187 221
247 181
224 203
208 219
191 266
258 191
232 218
235 217
280 194
263 206
219 257
221 270
239 247
248 244
267 248
270 251
303 255
310 253
288 262
272 283
326 252
281 297
338 261
328 274
320 293
314 298
359 275
334 310
340 309
255 399
301 358
349 324
394 304
382 326
389 333
401 336
384 344
388 341
373 384
447 355
440 364
499 345
399 414
362 465
422 402
463 376
397 445
460 396
428 430
480 385
475 398
470 408
445 431
497 387
478 428
487 421
542 375
520 400
472 462
741 348
524 419
526 429
507 456
698 361
588 405
557 426
536 459
496 523
551 469
538 483
510 525
660 415
527 509
667 424
587 486
459 678
597 489
611 477
592 495
541 558
887 379
562 538
598 513
601 515
591 529
662 479
631 505
644 502
1145 365
703 472
593 544
640 520
558 578
549 603
571 580
791 453
519 642
700 496
659 526
729 507
653 546
676 552
602 601
768 500
576 664
537 751
625 625
663 597
684 600
671 606
604 683
740 574
696 602
803 555
708 615
781 576
775 586
716 645
920 543
686 710
798 614
749 679
757 665
772 660
697 748
766 668
778 673
848 630
814 656
786 727
1258 510
792 741
901 654
832 698
776 793
900 672
725 865
860 705
910 686
723 910
796 838
841 782
858 779
1111 627
954 700
1152 620
867 780
807 849
693 1009
914 756
793 883
874 797
953 728
816 847
847 827
979 725
868 833
1019 732
913 818
980 768
1231 634
845 879
837 892
1026 754
977 791
928 826
861 887
797 994
821 935
1032 784
1119 746
872 900
922 868
1120 760
957 852
911 885
937 864
1020 815
864 949
788 1125
1158 802
880 979
933 945
1097 848
801 1159
927 972
1163 843
1157 866
1142 878
1169 875
1147 890
1059 937
1281 816
955 1005
1101 918
1072 932
1083 929
1075 942
1014 975
1154 913
1016 984
930 1065
992 1021
1071 980
905 1182
1046 997
1224 886
1091 970
1027 1004
1077 999
1115 987
1166 962
1018 1078
1192 977
1005 1116
998 1139
1140 1052
1279 944
1085 1108
1103 1105
1053 1171
881 1441
1212 1016
1112 1110
1038 1201
1219 1022
1194 1041
1263 998
1188 1061
1211 1040
1024 1255
1311 926
1239 1038
1190 1103
1096 1213
1230 1067
1008 1326
1202 1118
1218 1109
1127 1238
1197 1172
1234 1130
1223 1167
1285 1092
1271 1144
1208 1218
1146 1322
1273 1184
1162 1370
1242 1247
1013 1507
1294 1205
1216 1332
1289 1243
1260 1297
1207 1416
1205 1429
1284 1334
1278 1478
1319 1521
233907011 1811936640
1
sift 333
151 148
124 68
15 10
574 413
49 23
18 11
857 526
159 100
32 19
834 796
67 35
33 24
854 816
292 199
39 26
704 1058
69 39
40 29
1126 1760
824 418
61 33
80 50
75 73
917 605
104 62
113 69
114 61
1063 551
77 86
134 77
99 76
1184 867
120 79
111 85
102 92
146 75
129 83
100 140
118 119
163 95
143 111
158 99
167 102
164 109
154 116
165 108
185 103
152 124
150 126
195 125
191 132
228 130
200 129
171 151
198 189
190 145
211 143
235 159
229 149
319 138
250 164
176 209
247 162
326 175
254 160
221 192
267 216
180 226
293 156
333 191
263 172
270 190
288 212
189 262
239 221
520 308
214 266
310 211
524 307
297 228
338 217
590 329
272 243
219 327
665 312
339 237
320 256
491 441
301 273
334 263
616 393
349 254
328 269
848 341
314 301
412 261
700 398
383 280
382 287
659 440
440 270
388 292
1019 535
394 294
469 284
1104 527
406 319
540 278
1281 504
415 342
477 316
915 658
447 332
463 340
1045 646
480 335
542 298
1075 697
500 333
430 382
1072 709
569 311
698 288
1285 737
505 347
454 369
1271 762
591 314
433 403
1273 925
428 414
780 286
1319 1108
546 360
593 355
503 392
1145 281
401 515
557 374
572 373
362 653
487 460
399 599
478 490
442 547
526 436
660 385
498 478
416 629
538 453
445 593
510 495
587 433
602 435
536 498
601 447
592 457
544 503
558 487
577 493
703 427
527 545
611 491
641 496
667 477
596 540
663 501
507 671
977 401
730 492
644 546
734 497
586 614
668 561
625 607
631 606
598 641
638 613
696 578
684 589
763 554
963 452
653 632
571 700
719 597
789 557
712 600
799 544
842 531
798 572
677 650
783 595
860 539
781 625
804 610
937 537
784 630
858 582
705 692
891 579
833 612
862 602
1086 523
786 662
537 960
576 859
816 635
1231 502
874 623
749 707
661 794
790 699
953 620
772 710
686 788
710 761
979 615
863 657
870 667
766 744
896 669
877 681
723 800
909 672
800 729
548 1160
1026 633
913 673
914 675
814 712
778 786
938 682
951 690
607 1067
769 823
1095 649
741 865
811 780
714 903
1077 674
1033 685
757 881
931 723
853 784
1152 687
926 758
991 726
845 829
992 743
681 1130
847 853
1054 745
796 982
868 855
867 861
1147 725
1158 730
776 1050
988 801
680 1287
967 888
971 886
930 957
1142 831
987 917
1214 795
880 1097
1134 877
911 1077
1087 909
1005 976
1119 898
1028 954
1001 987
1020 985
1083 930
1127 912
994 1015
801 1302
946 1091
1103 984
929 1134
903 1207
961 1116
1234 891
1101 1012
1046 1055
1097 1049
1070 1070
1236 926
1274 907
1238 943
1192 1021
1221 1008
1170 1072
1093 1122
955 1281
1163 1106
1157 1112
1059 1210
1110 1173
1235 1054
1071 1222
1085 1228
922 1423
965 1351
905 1498
1211 1117
1260 1075
1263 1074
998 1328
1218 1150
1035 1350
1289 1113
1125 1298
1242 1175
1194 1248
1188 1259
1284 1152
1207 1289
1202 1294
1115 1420
1209 1292
1096 1461
1162 1430
1190 1412
1080 1740
1112 1758
1205 1640
1224 1735
1216 1757
1315 1497
1251 1790
233907011 1865606473
1
sift 395
151 146
116 89
6 4
281 248
47 25
8 6
322 350
124 85
15 7
834 854
49 28
18 8
574 398
465 386
22 11
854 1234
67 26
31 12
624 825
917 682
26 23
80 50
33 20
669 802
1063 634
40 32
113 78
61 24
599 978
56 34
111 95
55 42
704 946
78 40
134 91
86 46
96 47
129 100
89 61
98 56
150 101
92 67
77 86
158 109
104 65
114 69
154 123
107 75
102 90
165 114
100 92
126 107
167 115
120 121
118 127
181 116
164 108
143 124
187 139
166 142
206 122
268 112
195 134
121 210
228 140
190 143
200 138
235 158
168 149
184 147
250 187
239 132
229 144
288 192
180 167
226 164
267 201
176 207
221 190
326 200
270 181
319 169
520 328
339 172
309 193
524 327
255 214
272 209
590 312
242 250
297 211
491 359
567 160
251 253
665 354
301 222
219 322
616 459
332 230
338 229
701 439
334 245
320 255
848 433
311 275
328 266
659 529
274 298
349 261
1104 544
416 231
412 237
1019 603
350 269
437 239
915 648
314 308
395 263
1281 536
383 270
415 273
1215 608
284 366
406 281
1206 665
382 307
371 319
1075 736
440 280
388 314
1072 757
461 282
370 346
1271 800
508 279
499 293
1273 1010
394 352
463 330
1295 1341
351 402
353 401
193 1484
470 337
410 370
480 339
601 285
500 332
569 305
428 382
542 325
414 399
443 385
698 291
393 432
398 428
430 416
780 290
540 356
212 1818
503 375
546 360
454 427
593 351
513 396
572 367
551 383
557 376
441 483
518 421
362 638
553 404
442 511
399 556
535 423
592 410
510 467
478 535
526 466
452 579
660 411
615 431
538 485
445 624
663 434
602 464
577 512
731 460
614 516
527 593
609 518
734 473
730 474
696 503
641 538
544 630
841 453
597 585
611 576
598 595
587 619
775 492
541 672
639 571
645 577
644 588
507 755
719 541
668 569
638 607
684 590
459 965
703 572
562 720
571 734
711 596
729 598
799 557
789 573
686 649
506 906
786 582
784 594
537 843
712 644
677 684
820 570
632 732
688 698
860 560
891 561
697 712
747 676
708 701
816 618
798 643
874 600
772 705
749 727
913 613
963 587
790 707
897 628
723 747
725 749
804 695
548 1069
896 642
1231 533
877 651
1120 558
870 661
766 743
1026 597
1086 581
805 724
909 668
742 785
938 655
702 840
863 699
977 636
781 769
710 831
778 779
671 921
707 864
793 775
951 689
953 687
604 1100
705 895
740 870
765 839
776 832
769 846
815 782
1077 671
861 766
1142 686
937 752
926 760
914 768
845 861
1070 739
923 811
832 911
1141 740
1040 772
796 1008
1033 777
879 888
910 872
867 907
883 898
1214 731
988 820
680 1307
871 956
934 877
821 1049
826 1057
837 1053
809 1110
1088 829
880 999
797 1161
807 1120
1127 818
1054 865
912 989
1007 902
801 1205
1041 914
1011 953
1087 913
967 1001
1166 876
1005 977
1028 961
924 1065
1083 948
1191 884
965 1066
1046 985
961 1077
1103 969
1060 1003
1043 1012
1147 970
1096 990
1218 894
1117 984
1023 1047
946 1146
1128 994
869 1274
933 1202
1274 886
1051 1096
955 1198
905 1295
1158 1027
981 1189
1116 1070
1112 1093
1097 1108
985 1216
1192 1024
1094 1174
1219 1063
1230 1061
1020 1257
1101 1195
1013 1268
1027 1273
1015 1304
1093 1265
1203 1163
922 1496
1178 1230
1269 1139
1038 1377
1085 1346
1163 1292
1235 1196
1284 1185
1213 1279
1238 1252
911 1723
1067 1492
1078 1497
1197 1366
1188 1378
1114 1480
1122 1500
1084 1563
1263 1332
1301 1259
1224 1384
1289 1313
1035 1633
1294 1327
1211 1452
1208 1501
1202 1570
1247 1498
1099 1769
1293 1491
1278 1611
1280 1616
1216 1726
1039 1871
1171 1823
1310 1799
233907011 2124113243
1
sift 60
146 72
1281 366
524 271
99 99
263 136
1118 388
260 206
394 256
430 290
332 362
588 264
382 364
487 347
445 445
538 444
410 594
781 423
766 482
513 649
973 413
503 740
400 1175
536 794
576 779
551 931
566 971
1121 642
651 1078
529 1515
1097 685
764 1055
1011 817
668 1291
805 1039
678 1313
712 1389
777 1410
897 1190
830 1370
926 1232
785 1601
750 1803
844 1544
1263 1121
867 1634
759 2179
801 2160
784 2290
1315 1242
961 1821
988 1792
965 1849
1078 1781
1037 1946
1203 1772
983 2206
1165 2143
1205 2203
1304 1960
1274 2473
