249725355 278451837
1
sift 679
28 33
22 28
5 7
38 40
29 41
6 8
60 77
49 68
14 12
89 95
65 84
16 16
273 240
78 94
15 18
960 954
81 93
17 19
873 931
86 114
18 23
125 157
24 26
122 158
25 32
109 180
33 37
137 166
34 44
225 217
37 46
197 216
41 45
223 233
43 48
187 223
44 49
217 241
42 55
199 239
48 51
221 249
51 54
214 227
52 61
220 276
56 74
239 248
59 72
346 347
63 78
365 375
66 81
397 420
64 83
505 698
71 82
576 658
69 87
678 691
80 85
716 769
68 102
691 752
82 108
746 747
85 109
736 813
87 105
851 853
93 101
817 860
79 127
677 1161
90 115
820 869
91 119
874 937
106 104
838 900
99 122
906 925
108 128
848 917
113 129
949 888
119 125
895 995
118 136
969 1023
115 141
980 985
121 137
1003 1049
120 148
717 1640
127 139
1043 1040
131 150
1010 1068
133 149
1072 1051
135 152
1029 1128
151 144
1114 1113
129 174
1060 1142
141 160
1632 926
163 146
1118 1138
146 171
1640 991
173 159
1041 1276
152 179
1283 1176
186 147
1192 1225
157 177
1216 1262
162 183
1200 1247
169 182
1188 1289
166 184
1101 1448
164 186
1251 1336
167 189
1253 1308
174 185
1337 1348
185 191
1290 1351
180 197
1844 920
176 204
1260 1396
192 195
1463 1516
179 203
1315 1476
201 198
1401 1581
200 202
1399 1427
202 201
1554 1468
191 211
1366 1466
193 219
1645 1489
183 232
1421 1463
212 209
1456 1655
216 210
1439 1447
256 200
1650 1607
222 231
1434 1481
234 222
205 260
1381 1525
271 212
238 246
1450 1490
248 238
227 271
1591 1457
245 254
257 251
1551 1534
272 245
249 270
1736 1595
252 263
251 277
1678 1646
235 322
296 247
260 281
268 273
259 292
250 309
283 279
265 301
276 296
286 287
278 304
304 295
295 311
314 294
310 305
318 303
328 307
323 316
316 327
317 352
356 323
309 363
333 349
361 332
357 350
359 354
390 333
367 361
369 359
389 351
378 382
401 366
408 368
413 371
381 406
394 384
409 379
351 455
423 369
442 355
403 393
411 399
391 414
412 413
418 402
530 334
417 415
402 434
541 335
415 433
433 412
400 456
450 395
484 374
429 429
493 367
434 430
414 472
436 444
420 465
425 476
475 425
479 426
438 464
460 442
470 436
561 377
458 450
461 451
446 485
376 604
464 459
471 453
444 500
467 467
443 505
518 445
473 478
568 418
492 473
511 458
481 503
490 494
445 564
485 518
495 507
463 539
551 469
566 461
491 532
545 487
488 536
599 447
499 534
494 541
526 513
557 502
507 555
546 522
510 551
592 479
514 547
521 550
533 546
537 545
563 528
523 571
585 512
480 608
544 563
600 524
660 475
648 492
552 582
538 595
609 535
607 543
612 540
532 620
643 530
555 613
593 578
542 626
616 567
602 585
708 496
595 612
534 672
586 619
620 600
622 602
629 611
638 607
562 687
614 625
1415 360
657 593
628 621
590 667
596 659
560 711
633 630
635 640
636 639
655 628
619 677
640 652
652 641
666 629
506 880
606 731
646 675
587 774
665 663
805 576
673 661
684 665
711 645
887 573
634 750
702 678
784 614
819 603
833 598
726 655
580 881
688 708
650 766
693 714
683 733
695 729
738 673
676 757
701 732
781 651
723 713
797 649
822 668
639 887
859 644
671 818
769 710
768 721
807 705
749 744
865 683
841 702
758 749
824 712
905 670
588 1120
778 777
794 775
760 809
776 796
779 795
834 763
829 773
849 759
713 922
741 859
1025 648
858 770
871 753
930 726
809 806
808 807
645 1043
669 1015
878 780
870 788
835 819
815 846
780 878
826 838
934 767
939 768
795 897
860 857
882 831
799 919
1018 741
792 934
898 822
913 830
910 850
788 971
864 914
862 916
1063 743
904 898
916 908
889 933
915 912
923 909
1065 784
1304 693
955 923
800 1052
872 999
946 950
1131 785
976 928
888 998
1007 884
1012 901
983 943
1068 875
1009 942
943 1011
1002 963
1024 947
1098 903
1104 907
1202 845
926 1075
831 1228
977 1025
1086 940
965 1045
1100 939
1071 968
986 1027
1262 847
957 1078
1208 883
1103 960
982 1041
1058 993
1621 734
967 1087
959 1103
968 1096
1107 974
1313 836
1138 976
1037 1024
1181 945
1014 1060
1008 1070
1335 864
1333 873
920 1249
1254 935
1156 994
901 1301
1035 1076
1213 973
1015 1127
1233 965
1082 1039
1096 1032
1062 1071
1184 997
1051 1106
1368 905
963 1268
1134 1026
1226 992
988 1220
1142 1031
1091 1083
1056 1140
1077 1108
1108 1091
1048 1167
1221 1014
1570 855
1067 1145
1387 941
1016 1232
1139 1102
1145 1110
1149 1101
1362 982
1079 1175
1670 848
1124 1146
1168 1098
1123 1158
1155 1118
1420 983
1309 1019
1136 1168
1218 1079
1209 1093
1358 1005
1117 1197
1189 1129
1121 1203
1133 1195
1194 1135
1044 1333
1236 1099
1195 1149
1235 1111
1322 1028
1158 1188
1126 1240
1206 1153
1088 1278
1207 1152
1196 1164
1183 1179
1146 1233
1228 1162
1113 1283
1257 1150
1224 1185
1210 1205
1385 1061
1170 1265
1310 1144
1120 1362
1345 1119
1172 1297
1097 1394
1390 1105
1265 1211
1215 1273
1331 1159
1231 1264
1258 1237
1242 1254
1458 1074
1286 1207
1270 1251
1128 1429
1243 1330
1396 1180
1204 1370
1227 1364
1490 1131
1617 1059
1314 1270
1271 1323
1374 1229
1369 1238
1307 1326
1402 1243
1325 1316
1280 1359
1514 1173
1508 1182
1462 1217
1424 1260
1465 1216
1483 1201
1571 1156
1339 1337
1355 1319
1364 1322
1433 1279
1449 1271
1174 1546
1513 1212
1499 1230
1406 1317
1425 1311
1288 1421
1422 1314
1472 1269
1495 1245
1299 1415
1408 1344
1603 1189
1255 1499
1429 1342
1157 1626
1352 1392
1343 1413
1356 1407
1342 1446
1518 1291
1295 1497
1529 1293
1365 1436
1371 1450
1568 1295
1298 1532
1446 1398
1441 1419
1586 1299
1690 1214
1457 1411
1558 1355
1685 1242
1633 1310
1527 1381
1552 1388
1281 1624
1710 1256
1549 1397
1515 1431
1588 1385
1743 1253
1671 1331
1604 1379
1454 1511
1502 1486
1682 1341
1631 1384
1667 1367
1496 1503
1540 1494
1536 1513
1467 1578
1615 1478
1652 1438
1531 1552
1442 1638
1594 1510
1655 1474
1578 1533
1622 1504
1646 1496
1602 1523
1539 1573
1600 1541
1556 1576
1577 1557
1747 1403
1701 1453
1589 1565
1679 1495
1567 1593
1647 1531
1636 1539
1720 1452
1626 1559
1592 1594
1834 1303
1455 1668
1765 1440
1497 1656
1593 1616
1756 1473
1783 1445
1638 1614
1512 1671
1753 1514
1579 1659
1563 1673
1797 1501
1830 1416
1722 1583
1781 1538
1706 1612
1703 1651
1752 1641
1789 1633
1761 1675
1790 1669
1802 1662
1804 1663
1823 1672
1842 1606
249725355 401566863
1
sift 51
117 114
180 154
286 327
278 361
544 295
470 354
475 531
628 472
630 485
567 519
593 540
652 539
639 766
1292 497
510 1198
860 737
1079 680
738 876
962 796
1014 774
1208 699
844 955
1181 792
1002 875
855 1248
662 1732
983 1161
653 1857
1138 1037
1413 988
842 1553
1307 1065
1804 867
1741 930
1685 995
1231 1365
1515 1182
1710 1107
1215 1432
1658 1184
1082 1596
1131 1556
1385 1415
1091 2076
1656 1820
1672 1871
1429 2191
1636 2167
1609 2258
1823 1962
1807 2306
249725355 670484749
1
sift 121
86 179
26 29
214 400
100 187
290 1321
115 192
576 1414
180 239
692 1292
200 267
716 1329
191 296
895 1140
270 389
1010 1717
241 501
1260 1621
267 431
328 428
238 743
275 566
351 446
278 733
378 508
355 620
414 584
446 554
506 529
470 563
564 539
497 594
507 586
514 598
317 1094
634 535
391 840
544 634
590 602
429 843
491 782
640 665
627 673
884 538
460 907
516 820
587 769
747 638
425 1227
646 787
624 860
630 871
652 845
448 1298
734 760
741 822
490 1335
973 708
485 1538
811 852
563 1301
521 1525
566 1518
738 1099
948 913
968 918
1523 704
1054 921
1485 747
1014 974
754 1265
1103 959
1109 962
868 1178
824 1257
855 1228
864 1299
1082 1071
1521 869
778 1502
938 1264
1256 1022
1158 1082
1257 1028
979 1261
1281 1062
1002 1310
805 1686
1311 1122
1142 1224
878 1626
1196 1206
1000 1445
1607 1045
1173 1259
1411 1127
1219 1269
1175 1347
1091 1454
1585 1164
1583 1169
1447 1246
1045 1656
1157 1514
1107 1572
1194 1463
1307 1363
1139 1574
1144 1577
1374 1420
1490 1328
1292 1519
1433 1431
1602 1480
1744 1357
1633 1510
1424 1702
1731 1456
1571 1618
1704 1536
1760 1576
1827 1749
249725355 856798745
1
sift 59
26 23
1768 1246
180 181
262 283
514 326
318 509
430 442
470 431
587 408
544 456
627 467
624 476
475 712
955 511
927 524
629 637
567 808
868 618
652 769
714 832
589 1023
479 1325
872 858
1292 677
636 1135
1307 708
738 1077
1079 871
1158 862
1568 783
1602 820
671 1590
856 1283
653 1739
1447 915
1002 1156
1760 840
844 1403
1062 1146
1804 892
1082 1319
970 1501
1157 1371
1093 1479
1131 1510
1008 1925
1710 1266
1235 1684
1704 1519
1658 1559
1103 2291
1142 2459
1254 2289
1532 1917
1742 1743
1713 1781
1812 1694
1475 2169
1751 2358
249725355 874093608
1
sift 91
279 370
253 447
276 413
333 360
381 327
490 386
270 906
411 548
450 585
561 495
376 847
515 578
448 695
594 572
430 862
460 814
414 982
992 434
596 647
527 760
595 684
636 634
648 702
822 579
446 1205
790 615
494 1106
714 762
578 1048
495 1304
1009 606
586 1144
589 1151
809 767
662 981
815 780
1255 573
860 810
606 1247
859 820
805 848
660 1113
866 897
767 1011
808 971
962 910
1155 768
646 1500
1556 659
834 1071
939 1008
1406 740
1067 927
1299 798
824 1257
1183 901
1242 894
807 1381
1235 930
841 1390
778 1539
1213 1017
1254 993
930 1377
1062 1161
1015 1243
1008 1260
1138 1193
1701 883
1181 1197
1214 1184
1208 1213
1558 999
1170 1302
1207 1383
1385 1311
1376 1364
1300 1453
1679 1187
1752 1128
1588 1271
1531 1481
1636 1420
1618 1439
1615 1508
1586 1554
1784 1460
1830 1444
1813 1513
1812 1532
1530 1579
249725355 1115818466
1
sift 288
28 18
22 29
27 22
33 24
60 48
65 69
32 38
44 33
273 282
67 75
43 37
64 65
86 83
68 68
87 71
125 136
82 79
90 87
137 130
79 100
94 95
214 203
92 101
106 90
239 220
107 99
118 107
365 299
127 106
115 114
398 323
105 124
124 118
576 532
141 120
157 139
691 569
164 141
177 138
716 582
201 144
179 161
678 627
185 172
191 171
736 640
238 183
248 207
817 661
249 210
245 217
895 616
267 213
250 235
746 829
358 188
295 244
851 813
339 229
333 238
874 807
360 240
317 263
999 708
394 245
350 268
1010 714
323 290
304 324
906 896
383 256
359 270
1004 779
417 262
418 276
1041 769
429 269
444 286
981 887
399 335
391 358
1003 936
403 361
416 364
1028 911
436 344
504 318
1260 801
544 320
572 309
1200 865
491 369
497 384
1114 946
555 354
506 386
1188 929
545 379
479 412
1072 1034
590 377
566 392
1118 1003
667 339
668 340
1192 979
480 435
622 376
1216 1011
507 430
634 393
1421 919
698 356
628 406
1367 943
701 380
666 399
1251 1058
551 468
638 415
1360 1114
538 482
562 473
1437 1070
885 347
633 436
1315 1141
655 421
635 460
1591 1056
646 448
496 604
1550 1088
657 453
693 440
1463 1133
649 479
828 410
1401 1171
621 553
687 491
799 437
681 502
683 513
826 451
732 489
822 457
804 469
730 504
568 700
741 514
779 498
883 477
763 539
809 512
926 476
764 557
626 765
903 523
947 516
1112 464
1071 483
955 547
1014 520
913 578
968 562
986 558
1025 544
1007 574
1058 555
992 587
936 624
959 614
1079 560
1107 559
1062 592
777 810
1128 575
966 663
1067 610
813 803
1199 563
1184 579
1166 601
916 754
1098 638
1100 642
1086 651
1158 622
1113 676
1149 668
772 1069
894 907
1015 772
1054 748
1307 623
1081 749
897 962
1255 669
1226 687
1037 850
1257 684
1168 744
1266 690
1012 897
1194 751
1282 695
1147 789
1051 877
1433 662
1470 656
1322 694
1126 830
1242 752
1155 818
1074 884
1567 645
1183 819
1077 904
1222 798
1397 719
1396 726
1424 737
1204 873
1505 705
1238 868
1326 827
1121 998
1485 757
1171 950
1345 836
1221 937
1185 976
1536 768
1135 1049
1524 782
1384 863
1533 788
1342 916
1271 961
1604 786
1726 720
1556 833
1700 755
1295 983
1299 988
1776 729
1351 963
1152 1125
1568 861
1499 901
1372 990
1639 856
1558 900
1406 995
1671 858
1766 802
1425 1008
1365 1039
1503 966
1793 808
1531 973
1489 1035
1594 986
1324 1136
1698 957
1631 1023
1622 1059
1827 872
1445 1148
1804 926
1797 944
1443 1166
1683 1051
1707 1030
1720 1025
1811 965
1600 1123
1565 1147
1597 1131
1701 1097
1788 1037
1668 1146
1765 1079
1757 1099
1696 1128
1831 1078
1612 1191
249725355 1228518096
1
sift 54
180 268
497 471
318 677
369 667
470 566
649 494
520 630
494 672
430 824
544 739
499 802
628 782
495 1090
589 1025
510 1233
630 1055
713 1071
584 1343
652 1220
904 929
710 1169
1014 888
930 1022
705 1309
1063 962
1158 939
671 1478
824 1252
738 1453
1393 946
994 1207
997 1261
1584 985
1351 1118
795 1716
1189 1262
1428 1139
871 1657
844 1729
1209 1371
1432 1285
1760 1132
937 1850
1198 1450
1457 1330
1083 1686
1447 1467
1103 1874
1827 1271
1307 1765
1750 1625
1713 1719
1835 1580
1633 1946
249725355 1279412758
1
sift 101
65 135
66 157
125 225
100 236
122 243
183 351
137 235
222 302
188 306
192 429
397 935
230 348
576 1245
205 457
678 1301
270 420
874 1290
278 397
852 1460
272 459
1815 1107
286 464
381 389
356 436
394 408
561 382
359 547
390 643
328 830
490 540
448 631
485 596
593 607
619 614
515 705
470 786
585 682
446 916
463 877
683 679
931 581
574 867
648 851
639 961
468 1457
829 745
749 799
879 722
784 787
1323 594
688 919
723 915
581 1296
833 903
620 1309
780 971
628 1412
644 1397
738 1141
1096 820
805 1070
1211 791
843 1097
637 1542
807 1220
778 1287
1008 1055
824 1366
939 1213
786 1453
909 1299
1527 886
1155 1114
1071 1226
1470 1003
1325 1063
1183 1156
1556 1026
1204 1298
1181 1361
1214 1358
1286 1316
1259 1348
1056 1560
1299 1365
1062 1602
1406 1313
1558 1248
1376 1372
1622 1212
1431 1386
1397 1407
1789 1190
1300 1515
1679 1288
1781 1234
1786 1247
1783 1275
1309 1622
1702 1400
1688 1462
249725355 1430327691
1
sift 63
180 229
328 269
310 331
514 405
497 434
649 412
470 480
369 590
376 620
587 548
286 1260
718 575
499 756
414 1061
495 872
628 734
904 630
457 1050
589 918
606 912
713 861
710 938
630 1058
1095 739
671 1117
1158 795
930 943
1014 900
705 1244
747 1182
1063 936
1137 910
824 1321
997 1130
1584 926
970 1248
1189 1083
1483 987
795 1497
1348 1053
1120 1237
1760 979
1432 1176
1198 1394
1318 1319
1209 1415
987 1797
1082 1642
1446 1401
1802 1234
1750 1355
1236 1786
1130 1995
1196 1920
1294 1814
1157 2090
1141 2256
1513 1858
1409 2010
1633 2050
1713 1956
1731 2073
1710 2277
249725355 1636735110
1
sift 355
65 110
11 17
214 305
15 26
86 129
25 25
306 516
33 41
125 212
32 69
692 966
41 67
137 189
44 65
678 1145
63 98
154 233
64 99
716 1165
90 114
239 324
94 123
746 1464
88 134
223 624
93 128
1188 1884
82 150
576 1037
92 138
107 136
736 1200
105 158
115 155
895 1069
120 165
106 191
820 1310
121 188
113 230
848 1433
177 183
165 208
1010 1254
183 196
157 239
1042 1248
180 223
167 245
907 1590
230 195
179 248
851 1747
191 232
155 306
922 1653
201 234
185 260
1028 1765
200 272
213 300
981 1870
241 341
238 386
1260 1406
248 374
276 337
1200 1509
262 377
254 411
1115 1793
270 390
339 314
1192 1779
252 432
272 416
1367 1771
283 424
316 388
269 445
354 367
265 479
278 450
328 435
286 545
325 452
314 472
352 439
356 469
378 448
359 474
355 489
323 607
444 434
390 548
381 595
429 518
411 570
446 519
391 641
445 539
416 616
408 647
469 529
430 606
433 599
442 591
492 522
470 556
436 627
448 594
504 527
514 568
460 644
425 718
506 600
400 779
507 618
332 1113
544 590
475 668
389 894
443 743
399 884
590 585
515 679
479 736
668 535
343 1262
459 776
634 620
586 690
561 710
667 608
490 836
481 869
511 799
640 673
545 813
627 706
533 846
816 562
580 768
643 694
595 751
518 901
701 662
566 815
488 995
485 1015
652 725
563 875
624 764
361 1806
630 780
521 993
606 829
552 959
638 810
648 795
646 800
596 929
637 859
801 691
635 880
599 981
633 924
741 758
636 950
734 790
660 946
697 886
639 1049
666 988
724 906
811 796
621 1106
799 825
587 1211
738 923
832 907
926 826
868 895
650 1231
693 1149
824 964
864 944
723 1119
904 930
1112 771
947 916
754 1097
1212 747
673 1264
809 1065
856 1020
763 1116
819 1073
988 932
815 1095
702 1269
1117 832
804 1112
837 1103
805 1129
860 1087
968 997
778 1178
1063 914
729 1296
1000 982
758 1243
986 1023
720 1388
865 1172
1107 948
927 1134
779 1324
1079 998
833 1257
841 1270
1014 1089
762 1421
933 1170
849 1284
780 1401
1154 1010
803 1398
938 1208
1159 1035
1054 1117
760 1601
1095 1098
903 1314
913 1325
862 1420
1485 904
1336 961
962 1283
1189 1077
1009 1215
810 1571
1002 1222
1047 1173
1173 1094
1045 1194
892 1427
1523 935
1082 1161
784 1756
970 1380
1070 1238
1264 1120
916 1549
1158 1189
1521 1001
977 1440
894 1616
1182 1175
1007 1379
1225 1177
1355 1109
888 1701
1184 1228
1222 1203
1126 1346
992 1588
808 1917
1051 1503
1093 1449
1311 1245
901 1886
1196 1353
1175 1382
1058 1568
1088 1516
1139 1470
1292 1287
1008 1715
1036 1675
1446 1197
1257 1342
919 1905
1056 1667
1030 1700
1068 1645
1089 1602
1171 1485
1230 1439
1142 1572
1077 1679
1504 1216
1566 1204
1194 1519
1167 1563
1096 1688
1404 1332
1074 1753
1106 1716
1195 1583
1170 1661
1483 1311
1239 1545
1186 1655
1219 1652
1098 1819
1571 1323
1284 1576
1209 1727
1433 1468
1374 1525
1150 1826
1242 1706
1371 1533
1295 1669
1362 1580
1100 1910
1426 1547
1348 1646
1583 1429
1282 1735
1254 1801
1704 1337
1445 1579
1183 1887
1607 1448
1602 1456
1233 1859
1455 1618
1594 1488
1255 1860
1428 1695
1536 1567
1307 1829
1512 1627
1441 1741
1726 1452
1685 1555
1579 1692
1568 1732
1552 1755
1561 1775
1710 1621
1750 1597
1633 1749
1804 1578
1677 1751
1671 1799
1584 1877
1760 1718
1697 1839
1811 1791
1683 1902
1782 1871
1827 1845
249725355 2019709110
1
sift 65
180 178
318 425
265 666
470 397
628 440
629 519
567 597
652 547
714 606
764 570
596 735
636 749
425 1267
510 1002
738 850
1158 673
872 796
1079 765
1062 776
1706 644
977 874
933 953
1307 787
1002 965
844 1173
856 1159
1000 1010
671 1627
653 1800
795 1370
1027 1134
1091 1102
1804 811
915 1389
962 1340
1093 1189
1221 1097
1082 1234
842 1743
1542 1067
1414 1144
749 2114
1235 1321
1741 1035
1008 1674
866 2049
1131 1516
1532 1203
1103 1597
1704 1124
1165 1514
1254 1434
1196 1558
1213 1601
1195 1671
1658 1296
1376 1506
1104 2083
1214 1927
1811 1344
1757 1544
1702 1619
1679 1681
1713 1675
1475 1986
249725355 2124113243
1
sift 75
692 436
180 169
333 232
418 317
269 589
265 618
560 323
470 347
278 594
430 373
628 423
567 493
625 459
414 822
714 519
631 578
955 462
929 490
764 540
636 649
652 633
425 1175
596 769
648 794
1292 604
1079 710
1502 607
1062 755
1602 611
815 971
738 1085
639 1389
842 979
933 951
872 1011
1002 902
977 972
1009 1072
672 1676
909 1220
844 1351
1307 887
1015 1190
1638 849
1144 1143
1804 824
1027 1291
962 1432
1646 917
1701 893
1008 1438
1616 1013
1254 1232
1508 1153
1235 1370
1131 1519
915 1939
1710 1160
1658 1215
1345 1431
1363 1430
1208 1634
1741 1267
1811 1255
1091 1932
1531 1482
1104 1946
1214 1792
1213 1849
1685 1521
1170 2135
1385 1959
1835 1745
1679 2143
1539 2467
