251570085 579717169
1
sift 93
13 14
5 76
11 36
42 44
186 156
132 133
189 205
114 528
220 196
382 328
235 329
293 445
268 308
437 377
370 393
400 466
405 443
380 660
770 696
603 451
800 1069
415 784
863 1000
659 503
873 1201
610 570
949 1297
676 571
1168 1021
568 716
1676 894
548 766
920 1583
908 547
1553 970
663 744
1291 1643
762 710
1324 1855
698 795
1658 1996
737 774
926 679
771 798
1190 572
914 735
986 707
922 756
619 1085
746 907
827 861
1018 792
1191 693
856 923
796 1179
691 1463
1388 781
1030 950
842 1234
1035 1075
1027 1127
1219 947
750 1668
1096 1092
904 1330
1038 1300
1194 1115
1033 1400
1152 1279
1671 960
1487 1062
1153 1310
1429 1099
1330 1161
1613 1053
1300 1289
1214 1366
1499 1221
1188 1508
1079 1831
1117 1780
1664 1273
1259 1642
1496 1425
1408 1511
1189 1776
1209 1751
1482 1466
1470 1637
1371 1854
1468 1793
1607 1756
1466 1993
251570085 670484749
1
sift 128
31 73
12 19
117 126
82 109
17 26
125 132
23 28
150 189
143 125
42 45
183 172
115 86
176 219
211 211
136 154
202 179
132 164
181 229
208 226
162 192
242 240
179 213
258 251
268 248
187 217
244 291
184 222
284 306
289 293
210 210
309 250
391 161
390 437
301 279
209 255
338 280
218 245
399 473
370 358
236 230
285 633
286 284
507 487
416 382
364 236
645 614
310 303
641 498
668 625
334 295
872 681
257 389
620 737
864 714
347 298
1122 608
308 378
540 999
949 772
381 367
738 1073
912 239
807 813
1102 735
754 256
1268 891
387 448
1034 866
1587 919
513 431
1465 902
555 465
974 1003
1225 1343
568 554
1291 1294
504 723
1224 944
1251 1545
676 548
1658 1292
632 587
1320 934
1726 1571
454 1235
739 668
1267 1013
899 613
723 843
1245 1034
1589 508
760 839
1283 1181
698 1025
894 757
687 1086
1079 689
811 937
1029 814
789 1112
796 1106
711 1307
1076 868
822 1151
993 961
1189 932
781 1596
1123 1063
1193 1016
1140 1142
1138 1275
1449 1049
1370 1094
1534 1092
1196 1385
1372 1219
1457 1187
1479 1196
1491 1256
1275 1513
1207 1656
1425 1470
1585 1336
1434 1554
1487 1518
1731 1322
1463 1639
1714 1636
251570085 936120456
1
sift 54
539 685
186 169
42 52
370 408
132 155
578 699
274 370
246 342
405 503
330 368
661 778
359 602
974 321
770 795
610 511
758 870
753 1144
676 615
863 1067
568 748
932 1057
873 1198
900 547
1553 911
762 694
1022 1082
573 1023
548 1099
1109 1148
771 809
619 1138
856 890
827 942
1021 864
1441 761
1035 1010
1096 983
1228 888
1487 863
1219 947
1331 1018
1005 1607
1020 1638
1499 1194
1408 1287
1218 1491
1468 1320
1511 1333
1296 1496
1482 1402
1466 1436
1740 1583
1570 1874
1732 1688
251570085 1029832138
1
sift 153
320 259
100 140
42 40
141 135
98 117
186 149
132 122
183 160
115 152
189 174
177 189
220 184
209 238
203 266
286 211
231 268
246 281
268 269
325 293
328 353
204 848
370 360
382 350
558 312
473 327
405 396
323 449
409 467
572 344
416 603
415 583
406 689
611 422
530 643
504 564
615 545
622 481
770 612
548 597
920 638
568 600
863 870
676 506
872 959
610 560
949 1025
659 555
1168 911
566 677
1676 853
613 634
1553 1062
687 561
663 616
569 763
802 563
728 668
674 750
842 625
619 831
900 615
771 714
909 622
885 637
564 1100
944 661
746 773
986 663
708 856
856 754
926 719
914 730
976 703
1012 684
691 948
732 869
789 822
695 982
722 916
827 810
1018 748
796 901
646 1234
922 842
972 839
928 876
1021 823
906 971
867 1066
904 1095
787 1279
1027 1020
984 1107
963 1199
893 1321
1085 1121
1169 1067
985 1277
1140 1099
1029 1237
1219 1059
1098 1210
1388 972
1152 1158
1048 1295
1154 1192
1487 1005
1300 1105
961 1598
1153 1257
1205 1205
1264 1150
1260 1163
1177 1236
1429 1084
1462 1078
991 1603
1330 1137
1115 1384
1025 1538
1563 1038
1194 1265
1437 1111
1066 1515
1758 937
1717 1003
1045 1611
1671 1031
1499 1129
1006 1740
1188 1488
1636 1136
1701 1112
1593 1184
1240 1491
1430 1348
1215 1576
1468 1345
1613 1251
1458 1373
1391 1436
1262 1575
1667 1241
1210 1665
1220 1760
1322 1661
1426 1568
1570 1466
1675 1370
1466 1748
1585 1734
1623 1768
1739 1710
251570085 1150832366
1
sift 704
56 65
4 8
1 3
103 84
9 12
7 10
120 140
11 14
16 26
298 340
31 53
19 32
320 449
20 40
22 35
539 556
62 60
24 33
578 591
82 62
23 39
758 743
93 103
26 44
819 800
86 119
30 46
932 962
149 161
41 49
1022 1045
128 149
42 51
1109 1142
164 158
44 50
1286 1538
125 159
52 54
159 171
50 59
141 170
54 64
165 177
58 67
202 157
63 73
154 214
70 69
188 207
75 68
183 219
68 81
203 201
71 75
206 209
73 76
186 229
76 82
208 245
85 78
189 227
80 83
211 243
69 92
222 246
87 93
220 267
83 95
215 266
78 106
235 273
90 94
239 230
94 97
243 265
99 105
216 301
97 111
242 284
111 99
396 202
104 110
248 295
105 114
274 309
102 125
304 303
108 120
301 320
107 123
337 314
113 127
280 350
117 130
290 408
116 131
289 343
124 129
341 400
115 143
370 412
127 135
358 430
134 134
378 414
123 153
406 433
137 137
355 438
129 150
418 442
132 152
416 465
142 141
466 526
157 133
375 512
153 165
492 521
150 168
388 538
146 189
526 554
162 187
404 543
170 174
530 566
171 175
553 435
191 186
558 670
185 206
584 469
194 195
509 761
193 197
478 596
187 221
615 661
177 235
474 799
190 218
639 678
200 231
636 733
198 239
645 732
210 222
666 740
204 237
753 754
201 242
738 795
213 216
865 779
209 228
685 934
184 262
810 865
197 244
745 931
195 251
888 812
251 194
851 871
278 181
1122 731
205 268
840 929
218 252
694 1345
236 250
995 852
306 210
786 1164
228 274
873 1041
237 272
863 1064
231 283
1003 909
252 277
1072 901
264 264
949 1074
246 285
987 1076
223 324
920 1194
259 280
1059 1055
229 334
1102 1156
258 296
1159 1341
255 308
1324 1029
273 291
1268 1374
282 298
1208 1500
277 304
1291 1428
276 306
1317 1447
269 312
1495 1399
261 319
1586 1338
250 342
1251 1736
308 288
1332 1628
275 329
1513 1594
284 318
1618 1636
286 330
1657 1641
271 360
1493 1753
295 351
310 347
373 305
385 310
344 341
323 361
327 364
328 368
331 366
334 362
340 369
339 375
351 370
329 404
369 365
330 416
350 389
391 367
394 373
365 415
361 418
326 475
376 405
381 395
412 378
345 454
379 426
384 436
397 422
430 393
349 488
386 461
398 448
400 450
364 492
399 460
347 515
410 457
433 432
403 472
440 440
482 417
438 452
415 477
463 451
470 443
346 603
562 427
366 671
468 511
514 487
413 597
497 499
476 519
475 522
472 550
563 484
505 517
467 572
480 560
566 497
507 537
542 510
504 557
513 553
517 562
502 576
531 561
506 585
431 690
560 532
518 580
510 592
521 586
547 573
572 555
516 627
540 601
573 567
569 584
537 620
552 604
548 610
605 558
642 540
601 578
579 593
523 673
652 544
657 541
589 600
719 516
583 606
608 588
580 614
575 640
585 629
651 575
555 668
634 598
619 605
609 615
594 635
544 704
568 681
595 645
614 633
565 710
637 638
613 663
632 662
612 682
692 618
581 712
635 676
688 643
640 684
564 791
588 737
606 718
660 672
675 666
658 680
706 651
664 686
570 838
618 748
643 726
695 677
591 785
663 703
687 688
731 655
702 683
653 735
674 758
631 822
724 702
709 729
723 716
676 776
707 751
775 692
678 813
628 936
722 771
713 788
737 767
749 747
849 687
697 827
698 837
682 860
670 887
787 739
762 768
750 773
752 772
730 796
746 793
796 753
673 938
781 775
852 730
726 856
717 880
779 797
756 824
776 829
789 815
693 983
744 869
919 715
728 907
824 789
793 820
741 895
783 844
838 792
822 808
830 806
801 847
784 884
845 821
811 857
832 842
771 935
827 855
836 859
802 898
808 903
825 893
761 980
820 897
734 1036
792 946
831 924
788 970
805 954
842 916
903 835
846 915
861 911
841 941
860 927
835 953
839 955
794 1012
867 930
798 1025
906 879
853 963
954 861
764 1131
814 1048
859 988
926 905
816 1069
893 945
930 920
881 967
797 1113
760 1168
900 949
991 873
961 932
931 948
876 1015
899 986
936 985
877 1070
1005 925
1362 707
874 1106
909 1037
885 1091
878 1129
922 1061
941 1052
968 1017
887 1139
975 1021
924 1098
1093 908
969 1062
946 1111
917 1137
939 1122
1029 984
976 1059
712 1557
1002 1019
1187 832
980 1072
1018 1013
979 1107
984 1094
958 1145
1010 1058
1020 1051
901 1198
778 1461
1035 1046
928 1187
1004 1108
1001 1118
1006 1119
1033 1086
866 1322
978 1170
1084 1056
1039 1101
1043 1110
1050 1100
1060 1087
855 1395
986 1181
1048 1124
1220 912
1156 972
1030 1141
1099 1060
1040 1126
1076 1103
1012 1163
1098 1081
880 1394
1190 968
1011 1189
996 1220
1115 1109
937 1323
1101 1120
967 1288
907 1377
940 1353
1222 973
1100 1144
918 1383
1038 1192
1107 1148
1135 1116
1017 1258
879 1496
1119 1152
1079 1196
1096 1177
1068 1206
915 1444
1089 1191
1189 1063
1131 1165
1162 1134
1052 1261
1041 1287
1361 978
1303 1011
1046 1302
965 1467
1123 1217
1132 1214
1083 1275
1117 1240
970 1471
1053 1319
1335 1018
1200 1138
1021 1396
1406 1014
1359 1050
1125 1282
1140 1266
1497 989
1024 1469
1134 1309
1124 1330
1256 1161
1188 1230
1240 1200
1146 1340
1080 1478
1056 1515
1163 1326
1235 1238
1137 1392
1271 1213
1145 1381
1309 1201
1193 1311
1078 1542
1274 1246
1129 1462
1228 1290
1205 1313
1148 1415
1320 1228
1582 1085
1210 1348
1194 1400
1314 1289
1202 1404
1214 1393
1207 1401
1191 1436
1244 1365
1266 1364
1212 1420
1308 1349
1304 1355
1442 1259
1166 1540
1294 1384
1219 1468
1632 1160
1313 1382
1342 1362
1152 1604
1242 1449
1292 1402
1603 1178
1180 1544
1283 1417
1165 1591
1245 1464
1372 1370
1323 1446
1350 1424
1300 1472
1270 1504
1280 1507
1650 1232
1401 1422
1524 1327
1475 1373
1374 1453
1195 1660
1407 1437
1343 1493
1437 1413
1330 1524
1307 1545
1236 1625
1353 1521
1371 1509
1484 1412
1261 1613
1402 1502
1400 1505
1678 1278
1254 1653
1243 1679
1412 1532
1638 1336
1539 1433
1765 1180
1461 1495
1570 1406
1561 1442
1605 1397
1379 1606
1511 1490
1615 1398
1349 1655
1453 1559
1425 1593
1449 1561
1375 1643
1390 1633
1463 1570
1478 1563
1296 1733
1377 1671
1526 1548
1428 1646
1458 1619
1487 1596
1507 1583
1528 1572
1457 1650
1515 1597
1491 1634
1537 1587
1588 1539
1554 1599
1742 1408
1557 1617
1448 1708
1597 1586
1467 1703
1534 1663
1562 1642
1574 1630
1685 1533
1584 1624
1548 1667
1645 1568
1431 1739
1662 1554
1723 1486
1468 1725
1338 1751
1718 1537
1732 1528
1527 1712
1333 1756
1688 1590
1611 1668
1499 1742
1753 1527
1666 1637
1585 1707
1721 1574
1680 1652
1629 1694
1640 1715
1687 1692
1667 1709
1682 1719
1781 1441
1734 1702
1697 1738
1730 1744
251570085 1186326363
1
sift 422
4 5
17 21
9 9
42 45
20 19
49 61
43 87
58 72
86 82
74 80
67 100
55 110
112 96
70 95
110 116
102 92
141 147
109 93
124 120
98 112
154 141
116 113
119 165
117 119
143 153
115 130
186 164
113 133
183 170
132 131
189 194
138 197
208 190
175 162
165 251
162 182
211 212
198 169
220 210
181 184
203 246
177 191
235 268
196 188
202 283
170 208
291 234
190 209
239 290
209 249
248 306
228 229
281 275
260 224
268 296
295 222
247 326
231 264
337 242
313 217
319 274
258 256
474 243
284 252
368 299
254 271
375 333
246 286
370 378
286 260
535 308
310 262
359 413
236 361
404 419
421 244
396 448
272 345
405 467
364 272
406 487
373 281
509 414
328 330
558 400
325 342
416 558
346 327
451 557
323 351
526 505
390 325
530 567
432 336
615 609
334 420
645 589
397 352
668 606
386 369
685 719
393 379
770 661
308 550
753 684
400 393
709 709
381 411
745 697
350 447
810 662
361 453
920 713
417 407
940 807
510 363
863 927
450 403
800 1038
351 499
872 948
384 476
1059 996
409 451
1182 863
437 428
949 1142
523 380
1168 978
538 394
990 1212
415 479
738 1711
473 442
1102 1113
572 389
951 1397
507 431
1332 1081
500 435
1072 1473
540 415
1357 1145
424 546
1586 1166
506 468
1291 1601
504 488
1676 1254
554 471
1703 1287
522 497
1712 1349
531 551
599 473
552 523
581 493
627 480
548 564
603 516
614 508
565 578
568 586
622 522
555 600
513 671
620 547
654 517
585 615
575 634
569 648
611 618
640 593
624 613
696 561
635 623
676 579
653 605
632 636
776 510
610 646
659 624
532 794
798 519
712 603
687 633
788 556
643 676
702 629
593 726
663 673
728 620
619 722
564 815
879 543
704 649
664 688
613 760
674 696
792 631
816 627
698 708
757 653
577 891
633 796
670 750
727 692
723 700
832 640
1012 574
811 680
726 754
707 777
752 745
693 851
1010 622
691 887
695 890
771 780
831 740
789 771
671 970
874 718
838 761
722 902
731 904
787 821
827 790
652 1077
807 812
925 728
943 743
882 785
836 841
783 922
750 963
900 775
886 792
822 876
885 798
793 930
1158 658
965 768
849 897
861 925
850 935
946 820
926 840
909 856
908 866
970 818
967 830
867 953
794 1052
922 903
938 892
914 921
801 1063
941 908
1052 793
906 946
796 1093
1046 814
1004 867
901 1005
931 982
974 934
846 1083
936 993
1021 909
957 1013
1034 901
973 1011
948 1036
1011 942
904 1060
808 1192
1135 828
976 1031
1030 965
1057 940
1018 994
930 1131
986 1076
1276 808
1101 997
1387 781
1001 1105
1146 974
1123 1028
842 1422
1350 843
1363 842
1190 955
1261 896
892 1337
1125 1072
1236 961
1051 1150
1098 1112
1084 1132
1006 1204
1038 1181
1064 1168
1271 981
985 1281
1029 1236
1153 1102
1304 1003
1195 1061
1569 857
991 1332
1323 1012
961 1455
1048 1269
1115 1198
1076 1256
1025 1318
1680 849
1516 945
1163 1187
1588 939
1078 1334
1152 1214
1266 1098
1314 1095
1283 1111
996 1500
1223 1160
1124 1313
1189 1213
1313 1140
1149 1310
1238 1190
1234 1196
1194 1246
1132 1425
1219 1251
1240 1221
1262 1240
1312 1215
1361 1188
1162 1404
1245 1273
1370 1195
1188 1403
1401 1230
1176 1460
1411 1235
1196 1456
1487 1197
1220 1443
1346 1300
1330 1319
1548 1175
1430 1249
1210 1453
1187 1484
1264 1390
1388 1290
1205 1495
1373 1326
1306 1409
1461 1265
1429 1294
1407 1315
1319 1410
1743 1099
1453 1314
1292 1465
1372 1434
1686 1191
1435 1389
1231 1607
1300 1521
1467 1375
1326 1493
1207 1639
1371 1497
1688 1243
1458 1442
1347 1585
1562 1401
1270 1680
1695 1301
1463 1504
1484 1486
1536 1462
1254 1705
1555 1459
1468 1542
1485 1518
1307 1696
1636 1414
1400 1627
1671 1378
1667 1382
1563 1476
1449 1609
1511 1561
1499 1606
1490 1616
1570 1537
1735 1376
1478 1634
1466 1657
1582 1574
1585 1596
1613 1557
1745 1420
1539 1660
1534 1665
1736 1480
1593 1640
1687 1594
1660 1650
1623 1695
1758 1550
1716 1630
1673 1707
1777 1637
1697 1731
251570085 1474416471
1
sift 789
56 52
4 3
14 14
298 279
11 12
15 15
539 503
25 27
17 16
661 647
67 63
19 20
578 567
86 59
22 23
758 727
82 73
23 28
819 766
93 78
26 26
818 1097
124 88
28 25
1022 1125
112 98
29 24
1286 973
125 112
33 29
1109 1107
128 122
36 32
141 135
42 33
149 145
41 37
153 134
44 38
165 177
45 43
119 214
57 36
173 173
49 39
183 171
50 47
188 180
54 48
189 181
58 49
208 191
63 51
201 178
55 56
203 197
69 54
216 182
68 55
211 196
64 58
220 208
71 60
222 220
70 64
242 235
73 68
248 244
78 62
239 254
75 66
285 243
76 72
290 238
80 74
268 265
87 71
280 272
81 81
289 267
88 77
296 271
96 76
309 290
109 70
337 256
97 86
304 302
98 89
301 305
102 91
341 280
99 96
374 264
108 92
396 312
105 99
359 360
111 97
355 365
116 103
370 358
115 110
375 357
117 109
388 356
107 143
418 363
127 119
404 377
129 117
378 407
135 121
406 402
132 126
405 408
148 118
416 413
131 129
526 361
142 130
451 439
130 152
478 436
137 142
247 1566
146 132
535 404
150 137
509 448
144 148
492 474
158 151
530 479
169 144
558 482
162 155
700 485
163 163
615 584
185 154
584 658
181 162
645 590
175 166
668 596
192 159
662 599
187 168
666 610
204 160
685 608
205 161
786 546
190 174
770 626
180 195
709 684
196 184
745 655
198 186
680 724
200 190
636 829
194 198
753 713
195 205
810 691
209 207
995 603
210 212
840 756
213 219
738 931
218 217
863 798
221 218
872 803
228 213
865 828
229 215
920 796
225 223
956 800
294 193
884 914
234 225
800 1055
231 226
990 878
230 233
888 1005
241 229
949 938
259 224
960 958
321 201
987 1017
236 239
1127 898
257 234
1072 979
258 242
1019 1046
277 245
1125 1020
261 268
1003 1184
273 255
1122 1207
284 261
1168 1187
269 276
1251 1188
267 283
1471 1101
272 282
1381 1147
295 270
1344 1209
271 288
1268 1256
286 281
1159 1445
283 294
1332 1235
310 278
1291 1419
250 353
1315 1406
313 299
1483 1378
278 344
1513 1478
328 297
1571 1435
308 329
1676 1475
364 274
1712 1460
323 311
1657 1540
417 241
1703 1500
365 284
1778 1549
324 321
331 316
306 352
325 325
347 301
329 330
334 335
339 332
414 285
307 386
346 341
327 372
345 346
330 371
395 317
350 351
389 327
340 366
351 368
402 342
390 355
384 367
515 295
361 394
380 380
413 364
399 375
386 388
397 390
373 445
444 374
400 410
415 412
423 403
582 328
455 401
424 425
427 420
431 417
344 548
428 427
410 458
454 422
456 432
457 434
467 447
462 471
504 437
505 463
524 452
506 467
510 466
507 469
475 499
572 443
537 477
482 531
540 478
513 500
518 492
521 496
476 557
531 493
517 525
548 504
544 517
552 508
554 505
597 483
555 519
568 512
605 480
575 506
532 564
569 532
549 559
542 574
573 535
564 558
612 524
595 538
566 580
601 543
585 563
712 484
581 571
627 534
609 550
613 556
730 487
579 589
638 547
594 587
614 577
628 575
606 585
652 552
637 572
599 593
624 583
658 555
608 606
589 646
640 591
755 510
632 612
688 568
633 624
635 622
660 588
631 636
653 598
634 652
577 710
676 600
665 616
687 602
663 620
655 628
778 544
774 553
643 673
671 642
673 640
697 623
664 653
642 681
682 638
559 814
702 615
674 654
644 688
776 573
718 611
649 689
619 714
798 570
626 741
704 662
707 660
701 672
855 565
747 630
723 659
698 692
746 648
678 726
744 666
648 768
722 687
681 742
783 657
836 613
805 651
724 704
785 671
827 645
792 667
741 700
756 694
750 698
788 676
670 808
731 723
728 739
879 632
651 860
726 761
719 811
775 749
820 702
816 729
771 775
789 757
811 744
693 908
831 747
825 753
760 820
742 847
801 779
793 786
781 809
779 827
838 759
824 769
802 801
880 732
848 765
981 679
832 783
796 831
782 848
630 1129
717 968
842 797
917 734
857 788
822 834
940 731
797 850
874 774
849 813
846 817
906 764
896 778
809 873
903 791
881 815
876 830
875 835
1011 725
861 852
808 919
908 810
887 840
856 867
968 771
767 1000
854 881
907 838
837 916
925 832
943 821
883 861
979 785
845 917
850 915
1086 719
794 992
914 844
867 888
735 1088
885 869
922 846
886 872
946 841
893 885
1006 793
912 870
878 924
938 871
927 875
904 912
936 887
967 864
974 863
899 951
939 920
958 906
976 883
814 1083
930 947
969 913
923 959
892 1003
985 897
991 889
909 990
941 970
955 957
926 987
978 926
989 910
1040 856
1004 890
806 1131
961 988
928 1023
1039 877
975 972
1048 882
986 962
1018 921
931 1032
1041 901
1021 925
1114 868
1033 974
977 1038
901 1115
984 1037
973 1051
1067 952
942 1100
1002 1026
1035 996
1001 1031
919 1119
1494 716
1005 1036
1071 989
1050 1009
1053 1011
1144 907
964 1117
1084 1007
1025 1048
1135 941
1029 1060
1190 880
1052 1041
1030 1074
1013 1093
1123 995
1107 1019
1038 1071
1068 1069
1543 762
1101 1044
1043 1102
1148 1015
996 1176
1265 909
1047 1124
1111 1091
1387 865
1115 1096
1162 1030
1338 895
1017 1191
1137 1077
1132 1094
1098 1118
1416 874
1142 1076
1060 1156
1076 1149
1160 1065
1389 903
1303 961
1196 1035
1211 1029
1140 1111
1195 1050
1390 930
1117 1146
1386 937
1204 1056
1116 1185
1155 1128
1262 1052
1187 1113
1166 1136
1145 1164
1024 1343
1518 971
1194 1139
1080 1318
1202 1142
1079 1330
1312 1098
1078 1355
1214 1144
1169 1211
1188 1192
1234 1153
1236 1150
1235 1158
1256 1178
1210 1221
1283 1167
1276 1182
1528 1057
1205 1239
1501 1084
1242 1214
1372 1132
1304 1180
1302 1186
1451 1110
1124 1427
1191 1275
1199 1263
1193 1272
1392 1134
1240 1225
1427 1122
1605 1034
1207 1262
1299 1204
1269 1220
1219 1266
1230 1261
1245 1246
1300 1219
1209 1292
1261 1241
1224 1300
1401 1179
1260 1257
1136 1486
1186 1366
1266 1260
1346 1218
1397 1194
1281 1276
1505 1140
1189 1403
1350 1238
1250 1320
1306 1277
1497 1161
1156 1511
1254 1333
1152 1531
1484 1196
1334 1290
1308 1313
1442 1228
1441 1236
1319 1327
1244 1422
1361 1312
1177 1543
1232 1459
1326 1348
1323 1362
1407 1293
1396 1301
1370 1316
1330 1361
1313 1383
1353 1340
1351 1354
1404 1307
1309 1401
1270 1450
1742 1109
1307 1420
1435 1304
1458 1289
1339 1417
1437 1322
1328 1438
1434 1325
1247 1513
1516 1278
1539 1264
1680 1181
1565 1248
1333 1461
1305 1497
1454 1353
1400 1405
1388 1421
1511 1309
1487 1346
1287 1544
1524 1321
1582 1279
1371 1479
1430 1424
1411 1447
1515 1352
1534 1344
1526 1349
1453 1432
1548 1339
1449 1439
1514 1377
1439 1464
1639 1286
1412 1503
1491 1436
1422 1530
1521 1429
1297 1667
1562 1425
1632 1356
1783 1105
1426 1576
1573 1441
1499 1515
1594 1423
1519 1526
1611 1430
1732 1315
1720 1328
1431 1636
1488 1586
1409 1657
1457 1624
1577 1505
1579 1506
1380 1680
1589 1523
1293 1725
1614 1487
1686 1426
1743 1342
1500 1618
1666 1442
1463 1645
1597 1522
1620 1493
1570 1583
1585 1569
1563 1590
1527 1635
1480 1664
1767 1297
1507 1656
1530 1643
1595 1589
1648 1546
1682 1518
1679 1536
1615 1598
1734 1472
1413 1722
1469 1715
1645 1595
1623 1619
1695 1551
1619 1623
1533 1687
1721 1508
1609 1634
1652 1606
1687 1581
1731 1547
1673 1620
1739 1565
1606 1699
1701 1638
1653 1689
1759 1563
1675 1679
1694 1669
1467 1736
1689 1683
1642 1717
1713 1674
1716 1681
1707 1700
1693 1710
1444 1741
1728 1698
1752 1711
1780 1632
1697 1740
1733 1739
251570085 1523815439
1
sift 720
120 98
4 5
15 21
298 295
9 10
17 24
320 307
20 26
21 29
578 591
31 47
19 35
661 690
67 80
24 39
759 777
82 70
28 40
932 995
86 74
26 42
1286 1084
110 113
33 45
1022 1164
112 104
36 48
125 128
42 50
1109 1144
128 144
41 55
141 154
44 52
143 169
45 54
119 184
50 62
155 198
54 60
153 167
58 61
186 190
55 69
201 186
63 64
183 199
69 59
165 222
78 66
189 211
68 75
208 215
71 86
216 207
70 89
211 226
64 102
202 233
74 91
203 241
87 81
220 236
80 96
243 244
96 85
235 255
81 97
226 280
108 73
242 265
91 92
248 266
89 99
290 258
88 108
268 275
102 100
239 304
98 114
273 277
99 121
285 284
111 120
289 281
94 146
337 269
105 134
247 402
116 129
309 324
117 135
304 335
115 139
301 355
148 118
368 322
129 137
388 330
135 132
355 352
127 149
370 349
132 153
359 385
146 156
341 412
142 164
375 373
150 165
404 367
168 147
418 392
137 178
526 343
144 180
405 429
158 173
406 435
162 188
416 446
163 191
451 464
185 185
478 450
177 200
535 422
184 197
466 476
187 195
474 469
193 196
509 468
190 204
492 493
199 205
494 495
196 208
558 457
170 227
530 496
205 206
615 584
195 230
645 586
194 242
668 598
209 235
666 602
210 248
786 540
221 240
685 637
218 245
700 618
229 237
753 606
234 250
699 676
321 218
770 654
231 254
956 552
225 264
709 715
233 268
995 544
246 261
765 684
236 285
1168 512
237 287
745 743
258 271
810 735
261 276
800 814
286 274
865 761
295 272
1088 657
284 283
863 792
272 310
940 750
269 315
920 774
310 290
738 1015
271 334
872 831
328 309
949 824
364 286
1127 718
283 381
960 902
325 323
1059 838
365 300
888 1089
329 331
990 978
308 374
1082 997
331 338
1072 1056
347 321
1279 864
323 363
1268 975
335 351
1344 986
339 347
1332 1114
382 325
1553 1023
361 342
1251 1189
306 431
1019 1604
327 397
1317 1244
330 403
1122 1620
340 384
1291 1334
351 372
1324 1320
421 319
1571 1386
345 387
1586 1370
324 426
1676 1395
373 364
1712 1377
413 337
1513 1602
390 358
1657 1551
346 409
1703 1564
402 357
1669 1670
349 414
395 365
508 308
377 411
399 393
397 407
386 418
417 408
455 404
400 439
456 410
410 449
457 428
369 519
447 438
482 423
467 432
428 459
415 474
372 539
547 400
424 478
475 455
472 460
438 498
524 436
510 443
522 447
500 458
468 497
504 467
502 480
507 479
537 462
572 453
540 487
516 510
531 516
513 537
554 509
518 538
778 424
544 521
605 485
517 556
548 527
555 523
532 568
670 477
565 542
727 454
568 543
561 545
569 554
595 530
638 518
552 585
712 490
579 563
570 590
598 561
573 593
585 583
609 566
614 577
611 581
627 569
608 587
599 604
581 630
620 596
632 601
610 608
602 640
612 627
613 629
635 607
628 614
624 632
640 622
633 652
676 600
566 738
663 609
649 645
696 589
664 619
619 678
688 612
673 628
687 613
674 646
593 734
866 525
653 662
776 570
665 668
792 572
601 751
646 712
702 658
643 732
697 665
698 669
681 702
642 760
767 651
879 580
695 731
723 693
798 643
785 663
746 688
652 796
559 1051
927 592
722 736
741 729
1277 500
836 666
783 730
731 758
728 771
816 704
724 790
726 794
717 820
720 821
788 745
683 896
903 679
896 686
827 740
787 772
757 803
802 754
630 1068
781 791
771 805
811 762
880 726
831 753
739 847
820 780
832 778
789 819
734 892
874 748
857 767
801 826
967 713
736 925
807 827
755 910
793 843
887 763
822 832
752 929
900 755
742 960
796 899
838 851
824 886
842 858
854 853
856 850
909 808
943 797
849 890
991 752
782 981
861 874
881 841
809 954
936 816
876 854
914 822
711 1110
886 857
968 810
814 973
946 833
847 945
935 840
908 852
1086 742
899 875
970 823
893 894
1040 765
941 866
1016 800
958 863
926 897
867 962
1030 802
895 931
907 918
922 909
989 835
749 1123
1068 783
925 916
906 938
974 859
719 1194
972 876
904 949
957 911
923 943
976 885
939 939
930 942
948 934
883 990
969 921
885 1010
981 914
938 959
1004 870
1011 900
965 980
954 1005
975 972
986 965
1018 933
928 1039
1053 903
1114 845
1041 919
978 998
892 1096
931 1072
1052 935
1021 967
805 1222
977 1047
1107 917
1001 1017
915 1115
1039 992
1050 988
878 1161
1048 1002
942 1126
1002 1078
1163 906
1101 977
1056 1028
1034 1053
901 1168
985 1102
1067 1024
846 1271
1006 1094
1046 1059
1038 1065
1084 1026
979 1124
1035 1083
1005 1106
1060 1077
1190 924
1147 969
1223 898
1123 1018
962 1169
1098 1048
1025 1109
1125 1043
1029 1149
1146 1038
1313 908
1078 1116
1020 1158
1162 1031
1063 1139
1359 905
1260 971
1047 1185
1195 1045
1043 1188
1235 1014
1186 1064
1120 1134
1167 1091
1588 836
1115 1150
1089 1167
1494 893
1160 1103
919 1449
1140 1145
1338 999
1024 1281
1204 1098
1149 1153
1427 974
1152 1156
1247 1085
1501 952
1132 1226
1219 1129
1392 1058
1145 1218
1124 1261
1131 1262
1177 1183
1100 1287
1276 1122
1116 1282
1169 1203
1202 1176
1117 1301
1166 1231
1194 1210
1137 1292
1441 1092
1451 1087
1236 1173
1333 1131
1206 1201
1091 1429
1240 1192
1228 1211
1080 1472
1350 1159
1314 1178
1214 1252
1323 1198
1283 1230
1245 1264
1196 1319
1584 1099
1281 1258
1463 1157
1372 1208
1516 1148
1211 1324
1266 1279
1207 1354
1224 1345
1193 1403
1411 1213
1250 1323
1401 1233
1189 1437
999 1787
1605 1140
1300 1313
1188 1466
1330 1299
1437 1238
1413 1257
1297 1333
1244 1400
1261 1383
1355 1307
1299 1378
1264 1418
1265 1416
1319 1363
1307 1380
1388 1317
1484 1269
1407 1316
1741 1120
1306 1431
1282 1468
1390 1350
1428 1330
1351 1412
1371 1388
1373 1382
1294 1477
1326 1444
1758 1119
1370 1419
1548 1273
1524 1297
1346 1476
1448 1367
1205 1621
1363 1463
1461 1360
1402 1451
1444 1413
1783 1074
1478 1393
1209 1665
1222 1686
1435 1458
1487 1441
1521 1404
1526 1408
1442 1491
1412 1517
1400 1536
1434 1512
1430 1528
1529 1452
1499 1483
1396 1572
1424 1569
1619 1371
1514 1486
1492 1513
1644 1372
1615 1406
1594 1434
1744 1277
1695 1341
1475 1560
1546 1498
1743 1302
1450 1598
1687 1381
1466 1584
1570 1496
1662 1433
1426 1650
1512 1570
1425 1679
1666 1442
1577 1538
1632 1494
1589 1556
1596 1567
1563 1594
1539 1634
1467 1716
1597 1576
1562 1617
1745 1424
1447 1749
1541 1660
1507 1711
1500 1726
1610 1609
1555 1693
1564 1682
1585 1661
1663 1585
1527 1736
1732 1522
1685 1578
1734 1548
1616 1672
1686 1607
1735 1561
1623 1685
1671 1625
1675 1636
1728 1580
1643 1701
1558 1776
1701 1637
1607 1742
1723 1608
1613 1741
1697 1653
1720 1642
1612 1780
1617 1777
1698 1721
1759 1633
1642 1803
1769 1647
1752 1755
1727 1785
1777 1619
1730 1796
1773 1691
1763 1798
1780 1807
251570085 1636735110
1
sift 59
9 5
124 100
11 11
165 124
32 33
236 138
314 101
209 218
285 201
218 207
416 270
302 212
418 352
232 284
738 313
286 319
526 632
277 401
949 552
333 367
1268 516
381 440
1291 1165
475 416
1658 966
398 472
1601 1205
632 408
568 519
723 518
1093 455
926 598
658 946
811 736
793 806
1123 607
824 820
895 819
922 813
749 1099
784 1338
969 1114
781 1498
900 1237
1370 789
1050 1116
1502 830
1524 816
1219 1065
1140 1155
1296 1050
1194 1149
1207 1194
1508 1538
1597 1580
1504 1721
1424 1911
1570 1791
1689 1787
251570085 1643728630
1
sift 58
578 558
206 219
85 78
222 212
1034 1038
185 239
661 613
987 701
275 410
380 434
277 421
758 673
333 432
573 581
345 445
932 792
609 507
675 780
741 472
1022 831
300 1946
1109 894
611 657
580 721
697 663
570 864
785 787
799 811
1271 667
970 844
857 954
978 899
1013 910
941 986
979 953
1010 999
976 1074
1119 1159
1224 1100
1183 1166
1180 1258
1422 1123
1235 1318
1123 1528
1584 1142
1166 1516
1243 1475
1281 1573
1429 1438
1417 1584
1741 1447
1537 1706
1644 1608
1626 1684
1570 1816
1685 1718
1745 1612
1752 1768
251570085 1716575903
1
sift 128
56 65
206 240
15 25
85 99
61 72
19 23
120 91
987 1018
22 47
320 218
109 107
33 52
298 299
50 51
380 472
176 193
41 75
1022 1362
63 58
495 469
181 198
71 92
75 93
667 535
170 246
84 118
114 150
675 970
258 269
134 130
150 132
1732 1140
284 315
163 184
255 147
397 382
182 220
187 228
390 438
193 223
199 256
399 424
185 293
293 195
653 403
270 263
277 280
540 520
251 313
269 358
507 574
295 343
310 344
640 768
331 380
278 491
832 1114
346 372
317 476
938 1219
339 468
417 375
1004 1217
345 684
369 628
1224 1320
971 352
433 676
1245 1493
536 533
609 506
1266 1615
821 436
336 1641
1319 1677
444 1009
573 802
1283 1746
624 872
580 973
618 968
611 1064
701 971
762 885
592 1237
613 1177
695 1007
792 867
727 940
697 1023
570 1546
672 1198
728 1224
577 1908
798 1166
730 1422
830 1301
785 1430
811 1480
1144 1042
961 1295
885 1444
816 1687
1520 876
917 1499
1035 1299
925 1570
943 1565
857 1833
970 1535
922 1685
1029 1445
909 1781
968 1779
936 1899
1024 1675
978 1861
1016 1812
1013 1877
1107 1712
1046 1876
1050 2002
1236 1671
1055 2063
1370 1571
1123 2046
1162 2045
1434 1733
251570085 1785851268
1
sift 722
103 103
4 10
0 1
206 219
11 21
1 2
298 331
20 41
12 19
320 353
25 44
14 23
539 559
31 65
19 37
578 575
62 78
21 42
661 668
79 101
24 38
759 728
82 122
26 47
932 845
86 131
23 52
1022 1089
110 135
28 54
1109 1028
112 143
29 56
128 163
27 62
125 177
36 57
154 158
34 58
141 184
41 59
143 179
42 61
149 176
40 70
159 188
44 60
188 213
50 72
183 227
49 76
186 234
58 82
189 237
63 88
203 232
64 92
208 259
70 89
211 258
71 90
235 279
68 96
216 308
72 98
242 285
76 95
248 304
75 99
274 303
69 105
268 318
80 102
314 284
85 100
304 321
87 108
301 324
83 111
289 345
78 118
280 367
90 114
290 360
94 117
341 315
97 125
309 341
105 121
337 334
111 124
359 411
101 133
355 419
88 160
378 397
102 139
370 418
107 140
418 423
166 107
474 389
117 146
367 483
116 149
388 469
115 151
406 459
114 154
405 475
122 153
416 470
127 159
526 420
131 152
404 509
137 157
451 485
123 180
466 499
129 172
492 504
134 166
584 463
132 174
478 551
142 170
530 534
157 161
509 618
152 185
558 629
150 193
615 662
146 197
535 796
135 212
645 670
162 196
636 688
171 202
709 684
185 201
738 665
170 209
700 738
191 203
685 763
193 208
770 719
190 218
888 683
177 243
865 717
180 245
745 842
187 236
810 868
169 257
786 943
192 247
765 969
198 241
1122 695
184 263
851 905
209 230
772 1039
200 246
863 921
195 252
694 1193
201 249
840 962
210 235
873 959
204 253
951 902
213 233
995 856
205 283
950 922
218 267
987 1016
278 217
920 1110
306 228
800 1290
228 288
1059 1013
230 282
1072 1023
336 214
990 1104
229 322
1019 1101
246 300
940 1322
267 277
1381 928
250 301
1102 1192
223 338
1465 1018
253 306
1268 1213
269 294
1495 1100
276 297
1357 1203
258 311
1317 1255
261 310
1291 1286
282 307
1251 1500
272 316
1344 1438
277 312
1332 1483
264 328
1513 1594
308 302
1658 1598
241 365
255 364
284 332
286 336
273 351
353 286
271 369
295 361
323 346
394 299
324 354
299 394
344 350
330 371
327 378
376 339
328 380
294 437
334 375
310 415
350 362
329 387
331 396
369 368
325 416
339 392
332 407
340 391
351 384
391 377
361 398
326 468
345 441
381 413
364 424
495 348
379 431
412 410
386 443
395 438
397 440
430 404
321 538
390 453
410 439
346 495
398 466
399 465
400 478
460 435
438 447
440 452
424 471
482 433
423 474
465 472
413 547
559 448
514 479
468 506
563 458
475 508
446 535
566 477
472 529
421 624
467 571
513 514
507 517
504 522
542 507
506 542
511 548
521 526
480 596
531 528
517 555
510 567
516 558
497 582
518 563
608 496
547 533
454 687
568 550
573 545
540 591
569 557
575 549
548 581
537 610
552 592
523 636
612 541
554 605
719 494
488 716
585 585
555 621
579 599
580 611
643 574
634 588
609 603
651 580
742 516
593 625
586 632
581 643
562 682
564 689
610 628
650 600
633 619
544 729
613 650
619 642
637 634
632 648
635 659
640 657
614 673
665 640
525 865
631 690
652 669
674 655
706 622
687 656
663 674
702 644
618 714
724 623
697 663
675 675
664 692
591 784
768 617
653 711
713 679
809 614
644 755
570 890
676 726
688 737
678 759
731 697
698 745
775 681
628 869
723 715
739 709
836 666
722 739
730 740
781 700
750 721
693 811
762 724
752 733
630 941
729 767
682 839
756 747
673 864
796 710
717 827
681 884
793 761
787 769
789 770
838 744
860 722
824 762
783 798
737 844
749 833
830 765
784 814
816 774
814 786
822 782
919 705
741 897
670 1046
832 801
831 805
893 752
726 933
811 834
827 828
806 863
837 831
853 826
802 880
771 929
861 830
839 854
845 843
842 849
991 727
846 848
849 847
906 792
901 806
820 898
947 790
797 940
825 916
805 945
979 783
876 873
964 799
877 877
905 840
854 906
895 855
856 919
867 893
744 1058
886 879
798 995
883 887
931 871
778 1052
930 882
896 918
914 895
885 930
857 982
882 952
975 858
958 883
891 944
989 857
946 909
874 1000
917 954
760 1155
887 994
909 975
962 946
878 1032
941 967
954 961
936 980
929 992
969 957
980 942
761 1212
922 1014
968 984
1361 706
1018 925
1187 778
1093 875
1011 934
1030 924
718 1406
1020 932
879 1093
976 1019
961 1041
1048 935
1040 950
1035 956
767 1327
1002 996
1005 997
1044 958
1039 977
1055 964
1025 1007
1004 1025
984 1053
794 1326
1135 908
1006 1036
918 1125
967 1092
1043 1010
972 1086
1038 1020
982 1091
1001 1065
903 1177
1053 1030
1100 999
1029 1056
1050 1043
866 1274
1137 978
1012 1096
1089 1044
1041 1076
1362 829
974 1158
923 1216
1156 966
1068 1062
1016 1116
1034 1099
1107 1040
1132 1026
1603 757
1010 1124
1190 951
1017 1121
1162 981
1021 1123
1052 1098
1115 1051
1084 1083
1101 1069
1265 914
1497 819
907 1306
1076 1115
1309 910
1142 1049
777 1601
1119 1080
1080 1120
1024 1176
1047 1150
1123 1085
1116 1112
1359 923
880 1458
1569 832
1046 1190
1131 1118
1078 1181
1083 1183
1013 1251
1117 1151
1269 1017
1125 1161
1200 1077
1140 1159
1222 1088
1165 1139
1406 1001
1086 1278
1099 1263
1146 1196
1235 1108
1096 1277
1149 1197
1186 1164
1189 1165
1180 1179
1196 1167
1224 1141
1176 1191
1193 1175
1212 1174
1194 1205
1240 1166
1148 1292
1274 1157
1145 1321
1191 1247
1207 1237
1188 1269
1219 1239
1210 1248
1124 1430
1261 1208
1202 1271
1160 1368
1451 1122
1323 1209
1256 1254
1205 1333
1245 1264
1400 1173
1320 1229
1342 1215
1372 1194
1214 1352
1330 1235
1480 1154
1266 1282
1379 1211
1326 1249
1060 1614
1401 1217
1283 1313
1307 1279
1350 1252
1308 1284
1306 1288
1300 1301
1221 1393
1289 1335
1314 1324
1195 1451
1470 1206
1436 1231
1144 1543
1166 1517
1353 1309
1278 1380
1152 1548
1557 1187
1313 1371
1632 1143
1397 1307
1197 1498
1292 1403
1365 1347
1260 1435
1375 1342
1294 1420
1442 1299
1339 1397
1407 1343
1412 1336
1281 1446
1290 1441
1410 1346
1236 1510
1299 1466
1542 1258
1437 1362
1461 1356
1650 1214
1387 1425
1371 1447
1487 1364
1515 1349
1425 1424
1478 1396
1384 1472
1349 1503
1370 1485
1534 1358
1404 1473
1454 1440
1463 1436
1573 1353
1472 1428
1511 1405
1765 1137
1360 1535
1484 1449
1457 1475
1491 1453
1574 1388
1396 1518
1449 1494
1429 1526
1435 1530
1597 1409
1637 1379
1533 1478
1475 1523
1499 1516
1363 1603
1584 1457
1585 1465
1742 1316
1431 1572
1644 1423
1527 1521
1507 1533
1646 1439
1411 1604
1434 1595
1577 1502
1749 1338
1663 1434
1460 1575
1368 1626
1514 1556
1468 1588
1423 1621
1570 1549
1623 1513
1653 1495
1579 1552
1687 1480
1682 1489
1562 1573
1519 1605
1620 1563
1732 1504
1640 1593
1680 1569
1738 1537
1731 1550
1686 1615
1666 1618
1714 1606
1596 1633
1770 1546
1689 1640
251570085 1861578657
1
sift 127
120 105
206 238
15 15
298 299
807 664
19 19
320 298
26 33
539 620
36 47
661 838
24 57
869 932
33 58
1109 1358
54 55
1732 1668
50 60
75 89
70 124
84 110
92 99
109 104
99 145
108 142
115 172
176 186
181 201
190 224
198 227
185 271
228 218
258 250
277 241
284 282
295 284
262 308
310 311
399 286
333 407
339 419
605 278
390 390
462 334
323 485
361 426
397 396
417 374
386 415
595 314
345 626
482 449
540 441
433 586
507 510
755 387
384 747
437 625
536 523
620 466
609 474
415 792
598 517
543 660
480 789
479 811
640 709
592 760
561 873
580 821
805 612
565 1066
611 938
792 766
697 918
728 878
624 1096
695 977
619 1127
832 802
613 1214
742 1075
731 1150
811 1041
936 926
816 1065
730 1295
785 1267
938 1048
885 1131
917 1109
900 1148
750 1479
857 1307
847 1396
1052 1078
925 1249
974 1183
1271 917
929 1297
881 1390
798 1586
801 1619
970 1315
1035 1195
898 1453
1692 818
978 1488
979 1489
1053 1339
1079 1345
906 1633
930 1620
941 1632
1048 1461
1051 1567
1190 1360
1245 1278
1266 1305
1283 1320
1191 1551
1492 1299
1243 1545
1388 1460
1554 1347
1387 1576
1637 1617
251570085 1906096636
1
sift 871
56 59
4 3
1 2
120 125
9 8
7 5
298 326
11 10
12 12
222 263
31 45
14 17
578 618
37 46
15 16
661 691
62 58
17 22
932 968
79 77
19 29
1022 1162
86 102
21 31
1109 1105
82 110
26 33
1286 1120
93 108
23 36
110 121
28 38
124 120
29 37
112 134
30 35
128 143
27 42
125 149
33 39
141 163
36 43
149 168
38 47
153 156
41 49
155 187
42 50
159 185
44 51
173 197
54 55
183 206
58 61
186 210
63 65
188 207
57 78
189 218
64 67
202 220
68 70
203 227
75 64
206 225
70 69
208 240
71 76
201 232
59 98
211 243
72 81
220 257
73 79
227 253
69 87
235 265
76 82
242 274
80 86
243 279
85 85
239 287
78 93
248 285
83 101
268 303
87 95
285 294
90 105
280 333
88 116
289 320
96 103
247 381
94 107
296 330
119 80
290 338
97 113
301 322
99 111
309 325
102 123
337 296
104 122
304 344
111 119
240 441
101 127
319 390
107 129
359 410
109 128
370 408
114 130
396 388
113 136
378 409
115 137
355 432
116 139
367 438
117 140
375 447
118 138
418 394
122 142
388 451
127 144
406 454
123 150
405 465
129 155
404 481
134 147
416 471
166 132
526 407
132 153
451 484
137 151
478 515
131 166
466 526
142 159
509 556
135 169
470 536
152 161
530 543
146 172
442 684
157 160
550 560
150 178
535 614
158 181
553 629
160 183
576 608
162 189
558 630
205 179
700 535
180 190
615 652
171 191
636 692
175 200
639 709
169 211
645 717
194 193
666 716
193 194
709 696
168 221
738 680
177 212
770 731
167 228
685 806
185 208
753 756
191 202
786 753
192 204
725 822
190 209
745 809
181 229
810 852
187 226
800 891
195 214
851 869
184 236
888 830
182 244
865 866
198 224
863 911
178 248
995 794
200 230
956 844
210 231
873 934
209 237
920 996
197 252
1122 857
213 234
949 1077
204 262
987 1029
218 251
1019 1014
221 256
1059 992
230 255
1102 1002
259 235
884 1273
228 268
1082 1142
236 269
1072 1166
223 289
1171 1199
229 290
1125 1247
234 282
1315 1137
237 273
1127 1453
246 271
1159 1378
214 341
1268 1267
276 270
1381 1269
233 310
1317 1340
267 275
1251 1434
257 293
1495 1254
269 284
1291 1523
258 295
1332 1585
245 312
1483 1474
315 260
1279 1692
261 298
1513 1584
241 323
1657 1673
272 308
1324 1823
277 309
1590 1806
273 311
1757 1804
251 349
306 292
271 318
255 355
284 319
286 315
308 306
252 384
295 345
250 401
323 313
317 328
310 354
344 314
376 305
336 348
324 362
260 456
325 363
331 360
328 366
334 365
299 413
329 371
326 382
361 358
343 374
394 342
364 372
339 393
340 392
350 389
332 422
346 412
365 403
369 404
351 420
391 402
345 459
379 418
384 429
390 433
430 396
400 434
330 518
397 444
485 376
411 431
429 411
399 457
417 435
398 464
386 475
410 469
495 400
424 461
423 466
465 450
427 472
415 492
435 477
438 487
457 473
413 508
452 486
460 489
389 569
482 478
475 496
455 506
462 509
468 512
401 597
514 490
454 549
467 538
472 524
421 602
480 532
510 513
476 542
563 494
513 520
506 533
718 427
504 554
507 550
518 540
533 534
501 574
500 575
517 570
516 573
486 624
531 562
521 572
456 677
529 577
540 582
537 585
552 576
542 594
543 593
575 558
547 587
554 579
548 591
612 525
573 567
488 690
523 635
544 610
362 1101
562 589
536 628
568 598
618 548
569 609
625 551
555 622
453 788
601 590
593 607
585 620
604 601
719 522
580 637
499 766
597 633
566 675
579 651
588 648
599 642
508 780
603 640
565 719
581 676
595 661
564 735
613 658
610 660
632 656
609 667
657 631
642 655
602 687
637 663
638 664
589 723
635 673
606 703
614 708
651 659
688 641
631 693
640 694
634 712
570 784
664 668
713 638
591 758
658 700
643 736
652 721
674 698
695 678
675 707
663 720
703 682
673 728
678 724
687 722
742 657
702 713
767 654
608 802
724 685
653 757
676 749
693 745
701 741
624 816
697 752
648 793
845 647
720 742
670 800
726 755
682 795
723 760
844 674
750 748
806 715
776 740
717 782
722 773
769 750
611 949
698 815
768 767
783 763
809 751
775 769
762 778
683 879
729 817
731 824
744 810
784 785
830 764
852 754
752 821
681 944
838 770
805 790
843 768
780 813
796 803
771 833
617 1114
749 860
814 808
789 827
801 814
734 888
741 885
831 812
824 829
655 1094
827 831
816 840
825 837
754 926
822 850
793 874
781 899
842 842
691 1070
832 853
812 882
802 900
837 875
774 952
792 932
853 868
811 917
846 878
820 923
875 861
1158 701
919 839
854 912
839 933
850 927
948 828
778 1008
876 880
906 855
901 862
930 856
883 902
760 1081
867 940
1011 811
861 954
804 1023
874 939
895 913
794 1041
885 935
903 920
908 915
892 937
870 960
917 921
878 957
914 930
958 894
798 1088
857 1005
991 867
761 1152
879 988
964 919
856 1036
898 971
896 976
909 964
1165 771
922 969
936 966
886 1019
961 950
881 1027
915 986
904 1011
893 1024
941 987
926 994
900 1022
939 991
887 1047
979 956
940 1001
931 1010
927 1020
969 983
975 970
1044 908
968 990
1093 881
877 1106
986 978
797 1213
923 1053
866 1127
978 1007
747 1323
1048 941
748 1330
1190 818
1004 984
947 1074
967 1048
946 1084
1030 979
1135 893
1101 936
985 1051
1033 989
1012 1018
976 1080
907 1144
1002 1046
880 1194
1018 1032
1017 1035
1006 1060
899 1188
1035 1042
1005 1075
1099 985
984 1115
937 1172
928 1177
1020 1071
1001 1097
1029 1085
1142 958
1041 1069
1060 1062
1043 1082
1071 1057
1050 1073
1038 1100
1187 946
1079 1089
1084 1086
966 1205
1066 1098
974 1203
1100 1079
1098 1091
1361 877
1064 1118
1603 791
1053 1139
1040 1148
1034 1164
1117 1092
912 1306
1068 1132
1013 1186
1055 1154
1132 1093
996 1214
1162 1039
918 1325
1039 1180
1076 1159
1021 1209
1046 1197
1123 1141
1052 1208
1196 1065
1422 945
1065 1225
1115 1196
1107 1200
1265 1058
1131 1220
1140 1207
1156 1195
1222 1129
1195 1165
1235 1145
1149 1237
1298 1124
1137 1275
1194 1204
1261 1156
1200 1201
1145 1268
1086 1393
1134 1302
999 1541
1139 1294
1269 1169
1136 1316
1163 1276
1148 1303
1155 1291
1024 1546
1554 1049
1153 1331
1210 1246
1074 1514
1150 1358
1089 1520
1588 1063
1362 1182
1219 1263
1193 1295
1309 1211
1207 1289
1124 1487
1307 1227
1188 1339
1211 1305
1242 1272
1201 1327
1191 1354
1274 1261
1096 1568
1224 1321
1214 1338
1205 1351
1359 1233
1228 1335
1212 1345
1144 1510
1313 1264
1256 1307
1152 1498
1160 1483
1206 1386
1459 1202
1582 1160
1520 1193
1387 1260
1406 1259
1245 1390
1372 1288
1266 1377
1342 1317
1524 1217
1306 1369
1254 1428
1250 1431
1270 1421
1349 1347
1244 1448
1480 1255
1433 1284
1319 1381
1437 1280
1401 1309
1386 1320
1442 1278
1283 1418
1164 1602
1407 1313
1323 1394
1412 1318
1276 1456
1236 1500
1294 1444
1400 1343
1293 1451
1350 1402
1391 1365
1330 1423
1436 1333
1289 1482
1508 1282
1339 1432
1379 1399
1371 1414
1281 1519
1426 1384
1435 1385
1451 1374
1542 1304
1326 1508
1370 1465
1441 1396
1470 1372
1573 1293
1353 1495
1418 1430
1273 1567
1497 1361
1505 1363
1374 1513
1338 1551
1424 1488
1384 1522
1515 1412
1710 1251
1282 1646
1375 1545
1476 1479
1487 1467
1584 1379
1327 1631
1395 1562
1565 1407
1466 1507
1484 1494
1461 1534
1410 1582
1687 1336
1409 1607
1430 1593
1260 1752
1721 1314
1455 1579
1425 1633
1411 1649
1613 1440
1629 1442
1557 1526
1427 1654
1475 1601
1468 1615
1561 1538
1499 1587
1296 1781
1570 1539
1539 1572
1453 1660
1577 1547
1650 1493
1431 1700
1526 1608
1644 1502
1399 1731
1514 1624
1597 1544
1516 1626
1682 1491
1368 1783
1541 1641
1579 1598
1464 1708
1478 1703
1346 1800
1428 1753
1533 1664
1645 1548
1680 1532
1555 1653
1642 1565
1491 1730
1463 1748
1507 1718
1585 1670
1527 1735
1637 1637
1648 1632
1548 1721
1511 1755
1640 1645
1562 1716
1654 1634
1741 1536
1529 1763
1448 1807
1623 1689
1609 1699
1620 1697
1725 1599
1599 1738
1617 1733
1732 1620
1706 1672
1666 1707
1693 1693
1723 1659
1639 1750
1671 1726
1744 1652
1758 1603
1695 1729
1673 1761
1688 1757
1734 1706
1749 1675
1727 1728
1765 1595
1698 1808
1714 1801
1781 1561
1730 1812
251570085 2095558067
1
sift 118
120 109
206 195
29 48
222 205
95 681
33 51
539 515
987 884
50 50
495 280
233 231
85 80
578 557
75 86
661 674
262 232
104 91
758 819
134 118
819 780
821 361
255 128
932 994
193 199
1022 1018
741 529
192 209
1109 1111
185 238
1732 1378
1492 1380
252 211
277 332
331 293
266 403
317 442
323 432
332 458
380 410
345 583
482 501
415 651
433 599
573 587
473 837
500 841
480 967
516 927
536 876
564 865
575 842
580 889
618 818
675 833
619 939
637 931
611 1081
613 1102
592 1176
731 914
742 907
624 1138
697 1051
730 1011
734 996
707 1114
728 1156
653 1389
814 1163
784 1286
962 1059
885 1160
801 1319
816 1308
811 1338
1079 1044
943 1198
838 1438
1271 891
1020 1127
1035 1113
899 1302
893 1371
906 1341
798 1627
1048 1159
892 1462
936 1443
925 1463
917 1491
996 1310
1044 1244
857 1644
978 1403
1024 1300
954 1485
1040 1278
968 1478
904 1580
991 1427
1052 1323
970 1525
1006 1441
1074 1337
946 1703
1117 1416
1149 1357
1025 1632
1029 1629
901 1758
1200 1307
1306 1303
1269 1434
1309 1423
1370 1437
1289 1581
1442 1675
1681 1726
