278451837 670484749
1
sift 92
156 279
114 179
769 1329
102 243
141 192
182 193
197 239
202 267
211 296
277 302
339 335
285 398
307 428
246 743
488 366
382 508
304 733
326 754
436 563
485 554
533 537
472 584
473 591
393 687
555 586
547 598
464 679
462 686
563 634
432 779
414 840
568 659
429 843
666 603
442 907
621 671
532 782
653 666
343 1528
762 616
832 627
609 871
542 1006
675 787
641 845
919 667
774 769
417 1669
461 1518
528 1301
1052 697
859 822
518 1538
673 1099
550 1525
603 1387
592 1455
671 1309
576 1686
960 959
712 1257
644 1500
716 1317
1220 842
1060 974
1039 1071
995 1140
1150 1028
777 1502
914 1299
779 1625
1188 1082
963 1310
1031 1224
881 1562
1505 1007
1165 1207
1645 1011
974 1572
1343 1216
1083 1454
1135 1463
1229 1420
1102 1574
1325 1362
1279 1431
1309 1511
1260 1702
1332 1656
1523 1480
1626 1514
1575 1756
278451837 874093608
1
sift 93
21 89
224 196
355 299
385 309
296 413
349 360
406 327
356 448
494 386
327 557
398 547
305 907
395 585
588 515
577 572
492 702
442 814
405 929
668 579
473 886
639 634
612 684
659 647
472 982
592 817
576 848
730 657
485 1205
551 994
644 820
541 1106
942 606
507 1304
806 767
797 790
672 987
846 780
857 810
721 1010
716 1029
1499 573
886 841
1381 614
768 1008
807 971
763 1071
712 1257
1118 768
872 975
828 1034
702 1390
705 1381
1317 740
935 993
726 1377
973 1017
1111 930
1179 901
883 1213
1145 927
852 1273
1397 811
1415 798
1222 920
945 1197
777 1539
976 1193
1378 861
1025 1089
936 1321
1454 882
1181 1055
1071 1161
1355 999
1070 1260
1127 1243
1061 1311
1657 895
1152 1383
1265 1302
1385 1271
1495 1187
1641 1128
1416 1444
1529 1347
1537 1353
1299 1554
1376 1521
1483 1470
1539 1420
1478 1508
1551 1482
1292 1579
278451837 1115818466
1
sift 230
77 48
84 69
11 22
33 18
240 282
88 86
28 29
37 24
638 176
156 137
49 33
54 55
446 860
375 299
83 65
105 71
420 322
107 78
103 89
657 531
113 84
115 87
690 628
137 76
118 101
769 582
136 107
139 106
853 813
141 114
160 120
1007 718
177 139
163 162
937 807
186 141
198 144
924 895
191 172
203 161
1049 936
211 171
236 182
1112 945
246 183
227 203
1050 1033
243 192
267 184
1289 929
238 207
253 216
1262 1011
248 220
270 210
1335 1057
309 235
311 244
1516 1133
384 245
316 290
1581 1171
352 263
382 256
383 273
415 262
376 285
402 276
429 269
372 311
373 314
434 304
451 312
393 361
510 295
414 358
454 333
444 344
523 302
432 364
443 374
462 362
480 359
563 320
461 392
487 379
426 412
533 347
532 369
568 372
585 365
613 354
469 468
666 378
555 430
629 399
621 406
628 421
593 453
750 393
630 436
640 460
674 447
668 457
714 440
687 473
601 553
730 465
677 496
1065 385
636 541
708 492
615 584
660 546
838 451
728 508
733 513
919 437
591 674
756 504
795 498
806 512
751 568
859 514
968 483
830 578
858 567
1075 476
923 547
884 574
812 639
1012 525
974 559
993 555
1060 520
997 579
903 638
1027 558
860 661
706 862
939 642
940 651
1096 562
995 616
969 649
1071 592
1175 560
1033 635
908 754
1103 614
1145 610
992 687
1188 622
1183 630
1028 694
1101 668
1429 575
901 897
1067 715
1326 623
1082 725
977 880
1097 745
1095 750
1279 662
1210 690
1135 751
1244 686
1024 851
1180 726
1283 676
1127 772
1021 893
1118 818
1260 737
1014 937
1254 752
1179 819
1280 759
1106 877
1499 669
1276 769
1593 645
1108 904
1240 830
1645 660
1247 865
1379 786
1295 861
1230 901
1404 790
1331 858
1274 885
1513 768
1370 873
1203 998
1354 899
1496 837
1505 832
1529 820
1378 924
1317 995
1576 833
1311 1008
1446 916
1465 943
1415 988
1540 905
1450 989
1384 1023
1497 983
1521 969
1510 986
1436 1039
1452 1025
1551 974
1457 1056
1522 1006
1440 1079
1504 1059
1663 926
1453 1097
1472 1099
1677 931
1534 1087
1548 1090
1476 1141
1541 1123
1458 1176
1563 1179
278451837 1279412758
1
sift 87
182 177
231 302
232 351
310 330
245 459
292 380
260 457
304 397
287 464
285 521
406 389
351 437
385 407
349 510
365 491
327 582
374 525
307 830
417 575
494 540
501 654
577 608
512 682
436 786
588 619
413 894
677 614
537 755
492 851
485 916
531 842
733 679
614 787
598 903
1029 594
779 722
576 1070
466 1457
744 799
741 857
707 918
529 1397
672 1061
998 771
645 1179
673 1141
942 895
621 1412
886 962
1032 820
878 971
705 1220
768 1213
712 1366
807 1221
777 1287
857 1331
882 1296
1499 844
1381 886
1070 1055
968 1226
898 1396
945 1361
1118 1114
1115 1122
943 1423
1316 1063
1179 1156
1231 1136
1248 1153
1576 1026
1104 1401
1207 1316
1355 1248
1236 1348
1370 1298
1445 1275
1071 1602
1140 1560
1538 1234
1495 1288
1415 1365
1633 1190
1486 1321
1518 1325
1454 1400
278451837 1636735110
1
sift 264
84 110
32 25
28 32
49 65
88 130
54 87
227 305
115 114
156 211
114 129
420 516
105 133
657 1036
118 138
691 1145
107 151
769 1209
141 155
697 1344
148 165
1007 1289
187 208
1289 1884
177 239
853 1747
197 223
188 244
924 1590
198 234
191 260
1112 1793
248 324
253 359
246 386
245 416
243 430
285 377
272 410
263 432
279 424
274 445
327 388
307 435
294 472
301 479
287 545
323 469
488 405
382 448
309 639
316 607
358 498
454 439
355 591
434 490
373 612
429 518
399 570
368 647
406 595
411 598
436 556
473 522
485 519
414 641
432 616
378 710
462 597
442 644
425 668
351 894
386 757
564 539
380 804
547 568
426 736
563 590
476 718
588 609
456 779
438 817
529 696
481 753
568 674
458 799
505 743
461 815
445 901
667 585
486 812
492 795
631 634
468 881
494 836
538 763
447 981
619 690
475 946
652 673
621 705
528 875
546 846
750 620
612 751
641 725
732 662
609 780
518 1015
607 810
879 601
536 995
550 993
675 800
640 880
630 924
524 1186
762 755
508 1258
606 1054
659 929
576 1129
639 950
629 988
673 923
603 1073
601 1106
859 758
882 767
716 945
712 964
583 1355
1065 723
740 1026
775 968
919 825
1064 747
713 1119
683 1172
677 1196
898 930
714 1149
661 1264
806 1065
915 941
678 1269
914 944
1198 760
1075 826
886 1050
974 948
857 1087
846 1095
777 1178
748 1244
774 1211
765 1230
614 1756
1197 832
759 1284
724 1394
995 1069
981 1092
795 1324
1027 1023
952 1143
1220 932
1096 997
830 1325
855 1326
1175 998
942 1215
792 1520
893 1327
963 1222
814 1486
824 1466
968 1237
1129 1077
884 1379
778 1682
878 1401
997 1228
809 1601
1039 1161
1272 1030
987 1262
916 1420
917 1433
831 1676
1215 1114
1407 1034
908 1549
875 1645
1006 1347
1067 1253
1274 1128
1033 1318
1319 1109
852 1795
951 1561
1188 1189
1080 1315
1025 1440
993 1568
1156 1323
903 1819
1150 1342
1332 1194
935 1801
1201 1311
1277 1248
1115 1411
1164 1353
1031 1572
1102 1470
1022 1654
1398 1197
969 1810
1106 1503
1135 1519
1032 1688
939 1910
1343 1322
1148 1584
1557 1191
1070 1715
1108 1679
1183 1556
1140 1667
1229 1525
1279 1468
1242 1555
1278 1516
1143 1750
1256 1621
1265 1661
1254 1706
1139 1857
1505 1434
1295 1732
1523 1456
1510 1488
1310 1749
1179 1887
1280 1808
1588 1436
1331 1799
1213 1896
1513 1567
1521 1581
1388 1755
1325 1830
1419 1741
1497 1669
1404 1774
1301 1886
1417 1800
1601 1585
1465 1771
1663 1578
1634 1699
1499 1860
1671 1627
1677 1767
278451837 2019709110
1
sift 55
197 178
285 314
303 425
436 397
304 544
320 598
425 513
621 440
609 518
641 547
473 820
639 749
659 735
513 994
642 842
673 850
703 1076
999 796
1071 776
1612 644
1175 765
712 1236
1025 874
1326 787
963 965
713 1409
626 1841
886 1251
785 1516
802 1511
1083 1102
896 1369
912 1389
817 1626
1039 1234
935 1434
788 1770
1127 1247
1111 1321
973 1601
984 1747
952 1828
1200 1433
1143 1518
1551 1203
1070 1674
907 2083
1149 1671
1472 1544
1454 1619
1265 1867
1338 1825
1273 1926
1495 1681
1514 1761
278451837 2124113243
1
sift 62
690 1616
197 169
1374 697
349 232
1655 1615
285 290
237 433
402 317
436 347
323 446
274 589
320 552
304 594
301 618
621 423
492 794
641 633
639 649
588 741
1505 418
659 769
740 717
673 1085
703 1053
1486 607
1071 755
846 971
594 1522
963 902
942 1072
999 1011
1025 972
626 1825
1059 1014
1325 886
935 1232
785 1519
886 1388
603 2290
1453 893
1663 824
1496 917
1127 1190
1182 1153
1256 1160
883 1634
1111 1370
1070 1438
1119 1431
907 1946
912 1939
973 1849
1143 1824
1061 1959
1551 1483
1376 1664
1273 1793
1515 1771
1265 2135
1495 2143
1455 2435
1573 2467
