304795499 411685623
1
sift 94
399 316
156 152
89 82
167 191
144 138
161 225
162 165
196 253
400 219
212 269
217 249
225 260
273 320
287 325
308 341
280 345
348 479
453 431
261 382
345 401
349 482
548 573
374 407
492 459
408 423
599 655
318 601
494 509
606 413
1032 1497
725 463
518 906
727 492
532 854
576 839
873 578
674 760
519 1026
814 680
714 807
1113 699
1010 702
788 874
837 955
713 1047
1447 641
899 1054
1194 745
962 872
810 1460
914 932
1160 802
926 1247
1120 815
946 1017
1260 1238
895 1102
1062 930
1798 1534
1219 907
1070 1035
1594 1792
951 1260
1369 885
1373 890
882 1445
1057 1197
1236 1034
1318 975
1208 1088
1149 1230
1041 1413
1298 1218
1419 1167
1192 1558
1459 1317
1648 1255
1838 1133
1708 1250
1542 1390
1806 1198
1351 1634
1795 1254
1416 1649
1645 1444
1547 1587
1846 1309
1810 1462
1565 1716
1731 1629
1696 1702
1526 1831
1774 1811
1819 1801
304795499 476880634
1
sift 102
4 11
19 35
26 64
38 63
43 75
81 94
120 146
115 104
143 170
111 130
161 181
139 136
188 232
211 185
217 220
180 290
209 252
214 312
212 275
314 244
225 249
236 310
244 280
260 298
258 315
255 300
261 327
194 495
280 343
276 336
339 307
232 467
264 369
343 357
320 375
356 381
431 435
308 385
345 362
331 460
461 442
374 383
424 457
426 398
444 478
408 413
365 567
384 461
652 538
404 513
524 506
659 387
599 590
494 458
547 528
518 464
635 639
564 490
558 544
563 583
902 867
575 599
674 629
571 610
1204 742
662 589
692 648
1117 463
1031 1046
740 625
612 818
726 722
1104 1042
764 705
785 861
875 598
1228 1124
841 682
904 827
867 678
1284 1093
952 667
927 859
803 786
1324 1397
1174 655
1114 889
1238 754
1743 1535
899 1109
1154 931
860 1240
1258 890
1517 877
1263 1127
1144 1284
1297 1135
1119 1401
1208 1329
1503 1147
1421 1195
1260 1528
304795499 517252654
1
sift 104
143 121
23 36
115 159
139 100
161 190
135 129
167 211
133 184
196 198
108 254
210 271
236 240
240 253
255 244
258 276
400 289
263 383
261 274
342 364
353 321
600 306
384 343
493 358
532 288
398 448
463 312
431 441
553 315
1104 758
358 479
506 513
469 539
782 1205
754 388
524 564
764 397
1031 1066
537 509
575 605
663 502
1228 1051
1005 392
576 629
616 701
1573 1061
674 651
723 637
803 577
841 536
734 636
623 743
573 840
866 608
800 611
715 692
810 722
606 846
649 837
904 711
647 858
952 566
1114 661
618 935
742 778
1335 1333
1289 477
725 896
1695 1140
829 753
917 683
634 1082
828 838
998 771
1622 570
857 933
1059 786
1065 797
1154 795
948 943
913 995
884 1064
910 1043
1159 872
1036 1078
1548 794
1136 1006
1120 1114
1149 1117
1326 968
1232 1039
1258 1058
1728 914
1527 979
1794 916
1416 1097
1320 1243
1710 1029
1373 1325
1419 1315
1696 1215
1565 1308
1848 1087
1748 1309
1804 1352
304795499 528510916
1
sift 115
43 74
19 27
121 155
38 65
143 159
81 95
130 237
98 110
161 188
115 100
167 184
111 139
188 242
139 149
209 271
173 207
212 297
211 175
225 264
179 229
244 278
187 241
197 464
217 228
240 300
180 285
258 338
314 245
253 359
273 294
264 374
255 308
280 370
260 322
339 325
261 352
320 388
276 358
263 599
318 381
431 478
308 395
461 474
343 377
365 602
345 390
444 516
426 385
599 627
374 413
652 590
463 371
620 655
408 427
778 569
404 476
787 710
424 467
892 786
875 329
935 772
494 480
902 909
608 432
1031 1054
518 485
1228 1148
564 487
1390 1139
659 462
1324 1295
595 508
1417 1306
524 550
547 545
558 560
712 502
700 533
563 600
519 671
575 608
622 585
750 543
662 607
851 520
726 618
740 637
674 689
612 745
692 691
841 679
877 688
803 765
785 810
729 900
867 751
952 707
1265 673
904 851
926 861
1001 845
860 978
862 1159
1258 855
1114 1018
1144 1008
1154 999
1119 1105
1262 1128
1517 1013
1710 1034
1304 1282
1373 1359
1503 1307
1547 1346
304795499 579717169
1
sift 134
181 167
161 188
13 22
228 288
212 265
58 58
277 335
240 252
47 66
321 338
258 287
51 71
760 665
444 425
67 74
813 651
374 360
93 81
940 764
635 647
79 92
949 1678
384 429
105 97
1286 1187
101 108
547 593
118 150
131 140
692 546
224 245
333 240
575 694
335 277
410 243
674 618
391 259
282 312
740 689
336 343
385 317
1013 602
481 299
375 349
1114 814
332 399
438 334
338 422
441 364
383 447
489 398
386 488
485 410
578 377
675 374
511 431
508 437
699 411
536 475
854 370
586 484
657 472
624 500
887 442
625 553
847 492
708 616
931 503
831 544
923 517
710 733
830 623
945 591
1077 547
890 659
1205 577
1253 572
938 745
956 748
1389 562
903 823
1313 634
1254 670
1169 735
1168 756
1375 669
985 868
958 893
1184 824
1266 791
1583 692
1116 898
1452 775
1086 922
1092 927
1538 781
990 1078
1055 1037
1240 897
919 1307
883 1444
1734 859
1408 1006
1575 928
1810 889
1823 888
1372 1134
1602 1028
1532 1079
1800 957
1649 1051
1604 1085
1663 1062
1551 1167
1762 1056
1590 1184
1495 1260
1820 1057
1467 1287
1568 1247
1689 1195
1805 1150
1709 1212
1711 1237
1781 1210
1758 1244
1766 1263
1515 1483
1494 1518
1650 1465
1840 1290
1729 1538
1660 1711
1580 2006
304795499 868876902
1
sift 74
52 65
167 131
28 47
266 438
123 161
229 326
209 162
162 133
224 724
164 206
277 316
212 198
211 258
1105 707
236 243
760 613
288 229
379 194
1773 932
388 208
949 645
280 249
348 221
1286 1502
327 286
940 716
320 310
355 307
1573 1799
345 318
933 760
259 372
374 325
349 399
599 498
424 391
494 361
652 500
227 901
727 408
517 480
575 533
674 526
561 635
837 568
716 659
733 692
788 677
1274 551
842 675
778 763
840 745
896 739
1231 625
1305 629
1260 668
1373 641
1219 782
1261 778
1038 885
1192 878
1005 1096
1056 1116
1266 1065
1566 938
1132 1222
1465 999
1571 980
1652 1197
1646 1275
1641 1390
1499 1521
1524 1687
1725 1740
304795499 936120456
1
sift 122
266 522
15 47
20 45
818 1531
37 69
23 51
1286 1312
143 169
79 103
81 102
88 108
167 215
102 129
115 123
111 150
188 236
139 155
211 193
131 166
209 240
184 257
217 226
333 208
196 265
224 274
212 269
268 243
225 246
236 280
240 261
281 248
241 283
255 272
258 297
314 251
244 326
410 222
261 305
232 388
272 322
282 345
280 331
194 635
288 344
389 301
264 377
328 348
326 329
345 338
343 354
463 306
431 408
438 325
374 371
375 379
444 439
441 360
384 421
408 418
599 590
418 438
424 489
485 420
652 559
427 485
524 484
511 428
635 650
508 493
518 505
586 465
902 880
624 460
547 562
528 517
1031 1067
564 499
558 566
724 475
1228 1090
637 563
575 621
708 542
1324 1589
571 709
692 602
820 532
1117 464
674 668
664 738
778 583
810 575
867 654
740 679
612 941
952 615
729 852
1013 663
1036 864
734 1001
904 859
919 949
1114 769
899 965
1053 885
926 991
785 1371
1116 976
1154 1036
1099 1086
1119 1256
972 1457
1297 1203
1532 1152
1728 1081
1244 1565
1239 1716
1462 1445
1515 1455
1289 1850
1710 1533
1660 1845
304795499 1029832138
1
sift 172
18 21
161 175
0 0
34 45
102 112
41 43
40 49
212 217
35 50
181 143
240 220
58 52
228 212
51 64
277 263
345 295
66 65
321 270
67 80
399 334
65 85
569 441
93 68
760 578
105 71
813 568
100 81
1286 931
94 92
940 669
116 99
118 134
949 1403
135 117
149 125
126 145
142 146
164 151
190 152
202 165
192 194
262 177
193 229
337 183
296 231
283 271
333 267
328 284
313 311
355 278
332 306
385 259
433 261
348 333
347 337
441 305
322 402
338 390
383 357
481 314
438 329
391 372
410 361
489 354
485 366
508 356
387 462
647 327
545 376
511 388
972 319
443 504
458 489
611 407
625 418
666 411
586 452
854 384
624 475
776 422
831 449
736 509
670 556
716 533
539 715
887 473
601 683
947 465
722 595
804 524
883 494
708 652
847 525
793 579
828 557
820 575
945 519
955 518
832 622
931 555
1247 478
710 818
671 886
830 758
958 685
978 679
1081 642
823 817
1251 637
1052 727
1283 634
903 861
1169 730
1093 760
1388 654
817 1094
1313 704
912 956
1212 764
894 1007
990 885
1254 759
1603 665
1202 787
1451 712
1168 842
1182 835
1148 864
1272 794
1253 807
1116 967
1437 797
1493 796
840 1542
985 1258
1648 800
1366 923
1604 831
1094 1209
1447 955
1555 906
1268 1118
1538 972
1790 863
1711 912
1734 920
1590 998
1704 943
1543 1037
1822 900
1649 1015
1663 1005
1495 1098
1825 914
1758 971
1602 1055
1810 942
1614 1067
1467 1141
1514 1147
1726 1045
1740 1078
1689 1100
1823 1046
1832 1039
1818 1087
1709 1174
1650 1245
1774 1203
1820 1226
1766 1273
1626 1476
304795499 1186326363
1
sift 106
27 23
0 1
861 569
345 309
10 18
41 38
674 663
55 43
68 79
133 95
116 104
108 119
135 112
142 118
159 161
199 169
198 173
234 156
193 227
243 209
337 247
313 291
379 319
358 352
368 450
387 436
470 431
458 453
578 428
606 439
647 442
586 474
555 549
539 585
716 485
878 432
613 619
657 582
618 640
1015 429
687 583
648 622
789 506
433 1160
955 455
873 481
742 593
708 642
722 654
776 618
666 724
611 812
1121 479
1099 488
1016 528
910 627
931 624
855 680
1386 517
913 715
865 768
832 856
1093 682
1275 634
998 761
1080 710
1051 728
957 793
948 870
1194 733
925 981
1091 825
1077 866
1283 760
1452 699
1251 798
1168 903
1169 921
1108 987
1313 860
1254 930
1378 849
1412 822
1253 955
1086 1106
1687 756
1303 931
1231 1004
1177 1111
1148 1155
1645 818
1568 882
1221 1101
1437 1044
1758 946
1512 1143
1447 1191
1810 1037
1767 1077
1663 1197
1538 1290
1726 1245
1740 1264
1718 1430
1803 1449
1838 1564
304795499 1203176847
1
sift 52
277 384
167 146
41 44
209 184
142 154
760 614
212 217
162 149
288 245
217 195
1286 1542
1763 1387
313 204
327 282
273 349
345 277
674 611
348 320
494 424
1352 943
727 435
625 615
814 511
840 532
687 631
596 750
561 835
714 883
837 853
1236 720
901 1136
1298 815
1373 792
895 1172
1260 839
1006 1265
1551 871
1041 1297
1132 1225
1149 1323
1192 1281
1806 934
1383 1223
1266 1348
1566 1299
1547 1332
1798 1307
1479 1644
1641 1630
1722 1795
1692 1869
1751 1847
304795499 1228518096
1
sift 189
26 41
28 51
38 50
71 86
156 142
89 59
115 90
144 164
143 208
102 103
167 173
162 187
161 194
169 174
196 220
173 171
212 215
217 225
209 273
191 297
287 299
236 248
261 328
255 277
280 307
273 304
258 356
331 345
320 329
308 316
278 348
318 382
339 346
345 371
350 364
400 379
461 347
374 380
330 496
408 404
453 396
424 397
492 429
349 490
444 691
481 384
494 476
423 491
599 637
648 388
524 520
606 442
652 600
574 463
558 582
487 566
782 679
565 517
575 587
694 550
1104 776
616 591
519 817
608 643
902 1193
732 568
576 736
647 649
1031 1214
725 595
674 707
730 599
1284 1337
840 537
842 861
531 886
1573 1163
532 947
778 1068
690 782
1228 1634
715 761
837 967
552 971
596 889
904 973
832 721
873 712
899 994
897 738
814 829
810 1177
781 883
713 981
867 1100
947 757
788 942
1070 1000
858 919
767 1112
1046 1107
1021 828
1183 758
1113 1079
806 1086
961 927
1208 1134
1120 857
951 1023
1335 1573
946 1047
1160 904
1798 1506
764 1522
1143 950
882 1278
1081 1024
1184 961
1194 966
1219 943
1236 1011
1110 1133
1010 1271
1383 930
1379 936
1040 1251
838 1650
966 1351
1373 1004
1006 1384
1218 1145
1062 1343
1360 1062
994 1474
1313 1120
1192 1269
1369 1106
1389 1102
1212 1260
1347 1157
1523 1054
1538 1046
1121 1441
1254 1298
1251 1320
1058 1613
1436 1195
1073 1618
1519 1230
1726 1104
1458 1297
1257 1520
1140 1827
1459 1350
1205 1698
1822 1137
1307 1514
1334 1484
1215 1753
1222 1763
1688 1306
1778 1282
1619 1379
1276 1777
1378 1612
1364 1676
1552 1458
1708 1361
1803 1307
1441 1630
1326 1847
1416 1780
1542 1675
1806 1410
1393 1887
1696 1532
1735 1516
1565 1755
1506 1874
1526 1850
1613 1792
1691 1690
1571 1949
1670 1861
1652 1898
1819 1695
1810 1767
1795 1797
1832 1823
304795499 1240301939
1
sift 207
18 30
31 40
0 3
466 470
98 129
10 22
228 228
120 132
22 34
143 124
23 32
277 244
161 195
28 36
167 188
82 67
266 258
196 194
17 1258
169 216
71 73
321 287
212 222
105 78
217 205
116 89
569 538
188 276
158 81
211 230
148 102
760 653
209 283
139 116
241 280
135 127
933 846
240 292
157 120
256 291
164 151
1286 1094
258 322
133 203
261 342
142 267
342 286
276 152
280 402
173 238
344 363
202 308
320 436
296 218
326 443
236 259
343 434
255 246
287 499
216 375
384 377
265 265
431 500
331 269
374 417
314 305
398 596
400 279
424 527
283 449
444 533
351 406
575 545
362 409
599 695
408 368
524 644
305 614
787 701
657 314
506 662
840 294
782 930
532 410
576 622
462 457
921 801
414 515
696 608
469 498
1104 723
552 501
692 667
754 459
1031 1089
661 556
723 652
662 569
1228 1193
639 592
674 684
574 639
1587 1209
714 546
734 696
783 518
727 564
810 675
781 526
388 1183
564 1054
634 633
521 803
866 731
649 654
713 632
904 744
618 694
803 585
837 1175
611 753
767 642
1114 1000
772 656
791 665
1335 1058
733 713
678 778
596 894
776 691
998 589
745 755
739 769
721 818
828 688
859 678
863 709
1079 645
855 766
1507 568
819 866
1056 703
958 768
914 817
858 873
789 968
952 819
1714 605
816 1004
1005 831
1029 821
973 864
987 876
1144 841
847 1095
1112 874
1041 920
1081 911
1710 677
1185 886
893 1164
1059 981
1258 897
1149 960
1120 1008
1786 739
1090 1068
1187 1005
1183 1012
1373 909
1479 890
1110 1166
1051 1219
1222 1061
1366 963
1192 1118
1252 1065
1491 942
1728 910
1326 1092
1218 1173
1514 987
1117 1272
1379 1086
1236 1195
1207 1235
1526 1017
1575 998
1378 1114
1474 1057
1582 1029
1506 1126
1613 1075
1347 1246
1609 1123
1552 1144
1634 1138
1282 1295
1754 1149
1736 1165
1534 1262
1782 1141
1564 1265
1584 1259
1557 1271
1670 1237
1848 1238
304795499 1358582240
1
sift 90
156 139
9 16
39 48
173 172
161 203
115 137
217 219
318 282
212 238
211 257
258 366
408 355
339 302
308 313
261 387
481 403
287 340
278 371
280 363
606 379
320 336
345 374
327 401
649 415
599 717
384 376
374 417
565 498
1031 852
330 473
424 437
532 565
1229 904
494 465
575 532
727 458
1730 1399
519 572
576 689
639 567
713 821
674 864
788 803
873 719
723 969
791 811
733 971
810 1135
1198 707
767 1068
837 1065
1154 775
1373 751
904 1032
1194 835
1046 900
1236 858
946 1023
1383 805
900 1247
1184 889
1040 1057
1798 1019
1036 1073
1149 996
1260 1388
1347 873
1786 789
1114 1621
1547 850
1062 1207
1261 1807
1628 867
1523 970
1378 1171
1419 1167
1708 1064
1192 1440
1364 1317
1838 1067
1806 1185
1688 1287
1526 1543
1451 1674
1645 1539
1825 1366
1565 1670
1696 1558
1448 1840
1810 1586
304795499 1430327691
1
sift 131
9 19
191 268
290 218
276 242
404 247
331 315
407 467
481 441
425 509
574 443
375 719
649 500
565 555
721 522
535 634
532 639
616 593
606 608
840 494
474 798
745 577
552 868
714 676
596 994
703 887
713 869
833 750
628 1050
873 726
814 802
800 836
781 879
857 784
791 908
788 949
887 855
767 1045
747 1168
1183 721
1010 814
1185 769
859 1036
1220 767
876 1025
1021 961
916 1058
961 1015
878 1145
979 1051
931 1147
882 1236
838 1342
946 1260
973 1227
1251 973
923 1377
1057 1258
1194 1119
1383 984
1187 1148
1040 1322
1344 1008
1379 1018
1347 1040
1523 986
1058 1393
1081 1382
1219 1219
968 1516
1304 1172
1218 1300
1360 1207
986 1662
1006 1652
1585 1068
1073 1540
1045 1655
1277 1384
1378 1290
1681 1076
889 2307
1212 1488
1317 1408
1217 1497
1399 1356
1539 1317
1192 1705
1205 1677
1512 1396
1389 1478
1326 1519
1169 1882
1822 1224
1419 1517
1552 1470
1222 1893
1283 1779
1273 1843
1401 1623
1452 1597
1215 2108
1358 1816
1806 1418
1557 1588
1796 1436
1112 2427
1140 2410
1708 1548
1407 1934
1450 1929
1613 1719
1332 2170
1300 2275
1582 1840
1541 1906
1688 1810
1728 1771
1734 1827
1499 2202
1795 1755
1733 1865
1648 1991
1540 2207
1532 2243
1617 2179
1696 2124
1662 2219
1825 1910
1516 2457
1830 2317
1810 2388
304795499 1523815439
1
sift 53
258 257
0 0
55 95
68 79
108 135
135 114
190 139
198 205
379 287
358 407
458 342
470 479
831 363
606 470
539 531
555 549
433 898
776 581
742 622
618 778
789 612
611 827
924 538
910 704
855 762
832 808
887 816
828 948
1283 629
865 980
948 870
1120 767
1194 786
1077 852
1169 822
1168 909
1388 764
1254 843
818 1468
1221 998
1767 796
1568 904
1177 1230
1795 1014
1614 1203
1538 1317
1591 1365
1627 1431
1447 1607
1663 1441
1718 1474
1820 1575
1803 1643
304795499 1643728630
1
sift 79
76 75
39 38
398 231
115 76
143 110
111 87
139 120
161 131
169 130
211 136
212 140
261 206
244 199
258 204
327 224
280 238
320 263
278 260
255 292
339 289
345 259
431 279
444 324
374 364
343 458
501 409
506 351
576 399
599 405
735 397
674 443
902 587
692 451
723 480
1031 615
606 575
575 586
1228 711
837 533
1036 516
867 588
694 728
776 657
810 631
789 715
1263 557
925 667
1260 595
660 998
1059 674
1016 755
1354 633
901 840
1498 653
1149 763
1285 785
1695 687
1261 833
1046 1003
1593 768
1120 954
1209 945
1645 844
1309 1027
1355 1080
1360 1109
1583 1009
1256 1573
1513 1328
1688 1321
1795 1318
1586 1570
1520 1751
1671 1686
1845 1475
1732 1768
1838 1667
1753 1845
1826 1876
304795499 1716575903
1
sift 165
143 140
39 56
167 212
71 86
161 178
102 124
209 200
111 114
196 224
115 113
225 206
139 152
240 248
169 211
358 382
211 197
244 296
198 256
501 498
236 239
258 282
221 285
470 574
261 276
280 330
255 318
599 610
276 301
320 365
265 337
635 648
278 333
431 417
308 373
742 768
274 412
1034 721
291 458
618 1114
353 376
902 911
343 419
1031 1048
305 490
1228 1154
374 429
948 1217
351 495
376 524
1177 1746
384 543
407 585
560 447
552 485
747 408
406 817
532 571
527 603
565 632
503 742
576 629
692 649
674 678
575 827
573 834
537 920
735 686
585 873
587 883
662 801
723 752
721 766
696 820
779 728
732 841
1099 560
678 1011
1007 662
952 700
638 1164
877 775
758 984
660 1181
956 756
634 1301
694 1231
789 1012
776 1064
867 933
837 983
810 1070
982 852
1026 835
917 988
796 1290
904 1049
858 1130
819 1406
842 1313
1036 1026
1166 921
901 1263
860 1330
855 1480
1113 1073
1267 946
1080 1113
1059 1148
893 1519
865 1593
879 1563
832 1781
1411 908
1278 1002
1041 1260
1404 952
961 1499
1021 1430
1145 1255
1192 1223
1226 1213
1275 1179
1147 1337
1039 1532
1448 1097
1260 1259
1412 1115
1010 1810
1218 1391
1046 1788
1354 1239
1029 1841
1118 1643
1403 1232
1184 1540
1251 1444
1247 1457
1221 1496
1183 1587
1168 1685
1120 1833
1081 1997
1261 1610
1285 1589
1209 1818
1194 1879
1159 1963
1575 1332
1304 1729
1314 1778
1347 1758
1351 1773
1613 1485
1695 1414
1378 1814
1684 1473
1645 1535
1388 1945
1526 1847
1519 1955
1640 1862
1746 1712
1600 1942
1696 1914
1824 1938
304795499 1788219329
1
sift 83
167 175
9 18
39 53
173 166
161 208
217 210
273 230
400 264
209 351
308 331
287 328
333 314
258 382
278 365
339 294
408 359
320 340
261 393
384 368
407 404
599 650
374 420
424 421
730 288
1105 723
492 436
494 497
840 347
1031 1272
503 567
575 530
532 551
1284 1486
724 575
576 706
561 719
674 732
723 864
596 845
713 752
904 900
814 701
788 763
837 1011
873 699
1016 710
899 966
1033 745
767 987
1114 1086
973 876
1383 708
1236 1208
862 1030
1062 870
1335 1190
1373 751
1149 884
1798 1229
1297 814
1645 754
1347 823
1040 1020
1006 1164
1378 1065
1822 868
1330 1101
1110 1319
1419 1070
1192 1296
1688 1066
1806 1034
1575 1182
1577 1338
1526 1439
1499 1476
1565 1421
1734 1495
1649 1568
1692 1575
1652 1631
1810 1580
1751 1622
304795499 1799436415
1
sift 437
7 18
15 30
0 1
18 26
39 40
3 7
181 165
85 103
10 19
277 289
81 72
11 20
373 277
128 108
23 25
321 318
120 118
16 36
429 367
143 130
28 37
466 514
130 138
55 45
569 530
156 148
68 55
1286 1272
161 157
71 64
760 692
167 172
59 121
169 186
67 125
813 657
196 187
90 85
188 224
105 76
940 754
209 228
94 105
211 209
111 104
933 1370
240 221
116 93
217 202
122 90
212 271
139 114
221 198
126 127
225 239
135 124
241 235
109 149
244 279
108 161
258 267
194 92
264 287
137 159
261 280
171 129
256 312
133 169
213 391
142 163
342 270
158 146
278 300
162 140
280 307
155 164
309 299
164 153
287 327
180 141
268 353
159 167
339 319
179 156
260 378
173 174
320 335
190 181
344 315
200 176
365 356
208 213
343 332
189 238
398 437
262 180
374 338
195 257
431 409
276 189
384 336
202 273
444 435
236 263
424 415
274 256
432 460
216 354
454 429
297 260
600 433
252 290
494 471
340 249
491 593
284 286
515 461
301 282
652 528
331 275
517 502
314 288
599 596
362 262
558 503
502 245
635 624
356 324
575 491
420 292
787 597
361 341
506 545
426 317
918 584
312 453
524 562
408 345
782 921
358 395
576 532
493 313
1104 745
406 361
696 550
499 321
902 1032
442 355
564 727
438 370
1031 994
508 342
692 614
407 408
1228 1091
459 369
674 639
463 373
1292 1240
410 430
590 722
538 349
1230 1417
462 412
785 553
588 358
1587 1133
332 668
723 617
529 402
1284 1382
686 360
734 645
481 475
1417 1464
469 483
786 644
537 440
535 446
810 676
632 400
563 452
904 764
552 468
625 424
1127 679
750 388
433 623
837 900
638 436
532 507
1013 845
704 427
458 640
1113 823
608 492
754 442
1070 901
649 504
578 535
860 1140
565 559
555 580
1026 1328
763 465
783 455
1798 1319
803 448
554 612
662 522
624 558
660 533
562 641
586 604
641 567
606 622
713 552
596 662
657 602
711 613
779 556
618 706
721 642
745 628
793 592
767 631
712 677
776 632
647 746
679 730
715 704
611 811
650 758
825 600
695 737
764 674
788 654
839 603
742 725
848 629
859 638
838 648
814 681
953 607
873 651
828 695
1280 517
863 673
820 740
822 752
898 693
800 793
857 735
855 739
665 1007
1012 652
862 749
916 732
831 804
817 834
830 815
1159 630
1079 664
1022 697
829 842
887 778
913 763
973 747
880 836
847 875
945 799
1005 770
890 861
850 914
878 885
1006 790
962 828
952 838
910 870
998 818
1041 783
958 853
948 866
1081 787
1111 774
986 864
964 878
893 942
1472 687
1091 852
960 948
938 969
982 937
1001 931
1528 691
708 1519
1019 926
979 962
1021 933
1144 867
1036 934
956 1020
1184 849
1073 910
1210 855
1157 891
1028 991
1059 978
1110 943
1058 982
1099 958
1174 905
1251 877
1067 1026
1259 881
1112 996
1051 1050
1149 973
1090 1024
987 1123
1297 893
894 1305
912 1263
1121 1045
1208 972
957 1207
1185 1003
1187 1023
1120 1077
1186 1033
1236 1010
1177 1076
1347 955
1094 1166
1218 1066
1379 964
1148 1148
1063 1238
1252 1070
1242 1097
1373 1004
1108 1219
1080 1262
1491 953
1421 984
1332 1046
1115 1241
1603 913
1450 1011
1785 883
1366 1082
1267 1157
1062 1410
1378 1086
1232 1176
1661 940
1322 1115
1205 1250
1209 1254
1273 1209
1327 1163
1147 1406
1412 1125
1519 1087
1778 966
1313 1231
1318 1248
1256 1329
1583 1103
1434 1158
1372 1214
1526 1122
1275 1331
1728 1047
1419 1192
1245 1399
1416 1221
1117 1595
1483 1217
1575 1161
1426 1268
1514 1212
1534 1199
1360 1356
1303 1429
1309 1426
1793 1108
1388 1374
1804 1120
1600 1265
1565 1292
1268 1573
1590 1313
1221 1622
1602 1327
1634 1326
1549 1381
1241 1623
1678 1291
1589 1373
1328 1575
1750 1251
1677 1311
1688 1310
1680 1317
1562 1420
1782 1252
1512 1468
1834 1181
1609 1413
1558 1448
1555 1459
1456 1535
1696 1366
1599 1466
1676 1424
1738 1377
1671 1444
1641 1490
1687 1450
1648 1501
1731 1451
1695 1485
1610 1555
1652 1528
1822 1378
1726 1510
1842 1393
1712 1569
1748 1552
1838 1449
1848 1411
1721 1577
1698 1605
1762 1588
1736 1613
1831 1629
304795499 1861578657
1
sift 298
77 123
20 24
267 310
28 28
143 144
37 53
256 481
71 84
161 174
111 130
365 423
115 126
167 189
133 124
543 486
142 142
196 210
139 148
548 700
137 154
209 207
164 145
611 664
162 156
225 192
146 175
652 778
159 186
212 233
169 190
807 857
211 202
240 239
234 214
782 968
236 245
244 277
260 231
1049 1328
250 251
258 263
252 286
1573 1421
261 273
339 331
268 287
276 290
320 361
265 316
278 302
431 421
255 333
379 264
444 409
308 332
331 321
599 584
313 338
273 404
635 604
291 381
343 351
1034 667
502 256
353 349
902 852
387 334
358 396
1031 1115
400 344
374 395
1228 1202
351 434
415 360
1325 1478
539 313
384 459
376 471
408 469
424 465
458 426
459 435
552 364
535 380
472 432
406 521
407 533
394 581
404 622
440 571
470 510
506 484
532 495
524 518
493 585
563 528
596 499
640 477
494 631
562 556
507 654
703 483
576 583
689 498
558 628
559 648
716 514
578 625
747 500
631 610
575 673
606 657
767 539
537 741
619 668
831 485
692 613
587 713
721 634
530 893
735 641
696 702
775 630
723 692
618 802
679 742
816 627
779 678
742 709
613 877
896 614
800 716
634 958
741 780
725 837
638 989
1054 579
702 902
660 966
911 662
1099 580
646 1022
803 777
623 1132
1127 597
694 1012
814 782
789 840
952 695
739 943
676 1091
796 879
878 752
749 990
776 938
810 869
772 951
783 957
1231 612
837 853
891 787
866 854
1007 738
869 885
1013 763
726 1233
904 896
842 999
1005 815
927 901
925 917
855 1041
828 1095
1036 847
937 946
1043 856
1058 839
1121 792
1113 828
1107 859
1026 925
948 1009
1030 924
1171 823
858 1166
1311 762
1083 923
1232 814
865 1178
1404 736
1041 997
1035 1000
957 1078
929 1117
1080 962
1119 937
1059 994
961 1109
879 1234
1854 619
987 1139
1278 889
1382 830
1299 900
1536 784
1147 1062
893 1441
1411 883
1039 1187
1315 969
1046 1228
1051 1249
1226 1063
1266 1049
1326 1010
1275 1077
1091 1281
1108 1301
1251 1131
1465 991
1183 1185
1120 1307
1596 934
1301 1103
1192 1205
1215 1163
1448 1025
1154 1329
1210 1229
1070 1477
1177 1320
1220 1250
1209 1292
1426 1087
1247 1258
1283 1214
1560 1040
1403 1130
1274 1252
1160 1433
1304 1217
1263 1284
1313 1223
1285 1275
1159 1507
1253 1360
1272 1372
1236 1426
1347 1264
1115 1613
1201 1510
1339 1291
1317 1343
1221 1488
1604 1127
1242 1494
1257 1525
1378 1385
1545 1231
1273 1548
1320 1472
1572 1256
1218 1634
1309 1554
1419 1432
1624 1257
1416 1506
1645 1315
1695 1271
1420 1528
1388 1594
1538 1460
1609 1414
1335 1635
1384 1621
1782 1276
1342 1639
1677 1381
1613 1437
1736 1368
1593 1509
1632 1466
1800 1298
1767 1346
1750 1370
1526 1573
1512 1588
1583 1550
1446 1651
1641 1580
1584 1629
1697 1563
1648 1632
1758 1633
1848 1522
1845 1545
1628 1673
1778 1645
304795499 2014127030
1
sift 90
120 159
23 24
156 178
38 61
143 181
81 106
130 229
111 142
167 184
144 145
188 248
139 150
209 286
134 177
212 295
173 191
240 283
187 213
244 276
179 243
197 404
171 269
339 320
180 258
258 354
217 225
431 505
169 318
264 379
260 340
365 623
261 357
461 451
276 358
444 582
345 292
599 666
308 390
465 878
426 336
620 681
343 397
787 726
327 472
635 670
331 462
652 987
374 415
892 883
404 401
936 899
463 384
902 965
424 470
1324 1230
494 469
1031 1122
518 482
1417 1263
875 372
1228 1186
524 578
547 575
407 789
558 589
594 570
519 655
563 619
726 528
575 618
662 631
612 676
674 682
740 649
1117 503
911 630
803 764
952 760
904 857
926 865
1144 788
899 1033
1258 798
1059 962
1154 1019
1328 1072
1262 1145
1279 1258
1304 1243
1517 1215
304795499 2045004962
1
sift 348
181 259
26 44
9 20
266 373
43 41
19 36
1635 931
85 95
28 56
1286 1461
38 47
67 64
120 116
71 88
115 120
89 73
156 143
113 103
143 175
105 108
167 167
110 111
161 184
101 133
226 190
126 130
169 178
119 140
196 224
118 158
217 247
139 148
209 268
144 164
211 261
150 180
222 248
162 187
241 298
173 194
258 326
171 220
261 319
184 283
280 322
191 292
264 345
274 265
287 316
273 276
308 313
276 312
253 375
361 272
320 336
404 262
339 378
278 331
327 357
268 354
294 433
281 341
343 367
331 318
350 381
314 369
345 392
282 399
365 412
297 398
374 406
445 303
453 419
329 409
424 430
338 403
431 475
332 410
444 592
301 483
452 544
426 364
524 537
400 384
652 530
499 353
575 524
384 432
599 571
415 420
558 558
408 424
918 624
438 417
576 627
406 443
782 761
419 438
674 696
423 440
709 844
481 401
589 870
380 494
836 812
407 468
723 797
375 507
1104 833
441 447
734 839
425 465
902 1018
494 463
778 882
492 466
1031 964
726 407
837 809
477 536
935 1086
463 561
904 879
485 572
1417 876
606 489
926 947
565 511
1284 950
649 473
899 987
521 542
1324 1117
508 557
1206 1269
673 474
1228 1314
511 577
1397 1220
694 484
1291 1802
727 487
1763 1459
1087 404
536 600
1705 1779
564 595
586 578
528 623
506 680
519 655
474 736
590 609
662 573
552 653
700 583
609 640
624 644
1001 488
1174 457
776 579
749 599
594 766
596 784
705 677
1082 520
578 821
715 710
708 726
703 762
834 620
710 754
729 731
482 1186
848 651
825 683
800 715
733 801
858 685
873 672
659 880
859 690
759 816
985 635
832 740
875 706
893 695
847 735
691 910
842 752
747 850
830 785
947 756
767 921
799 954
1185 692
917 836
1108 758
1022 828
890 907
866 940
919 898
764 1171
869 974
846 1024
895 969
878 1007
721 1428
1120 857
946 985
1462 739
1046 906
951 1008
1472 764
897 1059
838 1197
876 1156
1057 970
996 1030
1245 863
1019 1023
967 1060
1159 929
938 1123
1040 1038
1005 1080
981 1119
1160 976
1258 902
1081 1027
976 1149
1144 995
1209 949
1180 978
1065 1061
1062 1073
1006 1169
1219 983
1552 846
1314 926
1194 1009
1523 856
1149 1051
1059 1139
1341 938
1110 1125
1272 991
1236 1011
1058 1184
994 1272
1379 943
1347 957
1184 1071
1447 913
1043 1268
1253 1053
1360 993
1036 1351
1148 1231
1254 1130
952 1554
1107 1302
1066 1394
1317 1126
1192 1249
1261 1187
1112 1341
1366 1090
1488 1031
1121 1340
1285 1174
1132 1342
1073 1410
972 1661
1428 1079
1519 1064
1297 1244
1205 1362
1663 1054
1522 1158
1283 1361
1048 1809
1538 1213
1273 1430
1416 1300
1339 1366
1370 1344
1307 1443
1419 1334
1278 1510
1326 1465
1450 1374
1332 1501
1726 1217
1479 1375
1459 1393
1351 1516
1396 1469
1451 1422
1565 1353
1846 1122
1506 1432
1575 1379
1648 1345
1837 1192
1300 1704
1407 1575
1740 1289
1806 1252
1464 1545
1393 1629
1827 1248
1266 1839
1825 1278
1499 1605
1815 1317
1448 1689
1503 1643
1594 1551
1526 1648
1590 1610
1696 1503
1532 1688
1798 1415
1514 1721
1734 1499
1403 1823
1828 1411
1613 1655
1731 1543
1786 1476
1838 1408
1728 1597
1711 1624
1687 1659
1820 1532
1595 1859
1662 1800
1729 1758
1803 1682
1692 1822
1794 1733
1605 1910
1617 1907
1652 1894
1751 1891
1547 1933
1834 1805
304795499 2095558067
1
sift 121
143 139
39 62
294 300
71 85
167 203
139 140
902 854
157 144
209 175
211 180
212 179
225 194
261 254
244 261
258 252
255 358
320 315
431 360
308 390
353 337
599 581
351 429
420 365
635 578
374 419
343 514
1034 894
376 463
596 342
1031 1076
506 443
532 608
1228 1243
527 626
576 678
507 795
692 602
558 791
674 661
735 597
587 810
585 832
779 610
723 705
721 714
575 950
956 527
647 837
662 871
803 724
696 862
952 596
814 752
740 902
725 971
638 1152
758 955
772 934
1121 651
867 874
660 1369
776 1081
925 891
837 1017
1086 777
904 982
1119 823
819 1173
1240 769
1141 849
1026 956
1059 962
1226 846
1036 1031
1275 842
855 1338
858 1453
910 1308
957 1323
1113 1123
1426 901
1021 1287
1145 1153
961 1491
1493 985
1283 1102
1035 1431
1604 939
1251 1160
1046 1471
1302 1137
1575 1012
1354 1178
1017 1715
1194 1449
1221 1403
1677 1049
1147 1596
1398 1223
1180 1554
1218 1469
1120 1644
1126 1646
1285 1401
1388 1279
1782 1060
1347 1410
1314 1477
1527 1318
1304 1599
1736 1196
1572 1381
1683 1277
1804 1207
1458 1540
1695 1336
1330 1707
1333 1708
1758 1341
1645 1525
1593 1658
304795499 2130703568
1
sift 356
52 90
120 122
28 50
181 205
123 154
39 52
228 268
156 142
67 49
266 362
188 204
66 81
277 360
143 160
89 71
321 423
209 226
79 102
760 792
161 180
102 118
253 334
115 111
813 867
167 170
116 116
267 316
118 119
949 927
225 178
140 171
287 311
150 159
940 1282
196 222
169 163
294 366
214 145
933 1967
240 243
173 195
344 397
211 237
264 281
217 251
365 442
338 219
258 321
208 358
398 515
274 261
280 324
260 285
431 518
236 306
320 340
232 356
444 516
261 301
339 416
281 290
599 581
278 299
491 587
273 326
652 641
255 345
635 684
265 344
625 694
268 350
782 802
216 535
902 889
308 337
918 905
329 375
1206 1009
318 400
1031 1191
302 418
1417 912
331 387
1104 1233
343 383
1324 1227
330 402
1611 1098
276 491
1763 1836
345 413
1228 1393
301 509
1573 2002
374 417
415 398
349 470
394 428
426 408
384 463
375 490
419 441
424 446
408 474
507 411
400 519
423 495
407 559
492 472
499 479
494 502
361 781
480 571
564 525
519 546
463 623
474 609
726 473
506 591
537 567
558 561
708 510
575 585
648 556
535 639
678 549
510 712
559 645
610 599
545 691
576 654
553 716
705 612
631 690
531 828
638 693
696 663
776 586
721 644
670 706
725 656
703 681
749 628
596 809
532 900
674 730
739 671
779 642
622 814
714 728
639 818
732 723
772 676
695 793
715 788
727 776
740 772
723 807
692 850
1198 544
819 700
765 785
595 1008
786 780
734 863
590 1083
747 857
847 750
628 1056
845 769
1001 660
733 915
691 1023
778 916
788 902
814 870
837 839
893 800
767 993
839 869
659 1276
840 897
689 1265
873 882
842 928
857 932
1145 763
816 1028
859 956
866 975
1208 761
910 938
1026 866
931 950
979 918
838 1099
805 1214
831 1155
810 1218
1008 921
878 1044
964 980
1185 849
946 1030
1157 874
882 1138
829 1256
891 1135
1046 969
996 1020
1051 971
876 1228
906 1189
976 1132
951 1171
896 1252
1021 1104
1006 1157
956 1222
1010 1180
1120 1041
1191 987
1057 1131
1236 967
1019 1213
1005 1238
938 1303
869 1414
1070 1176
1274 977
1183 1047
1115 1152
961 1308
1214 1048
1194 1089
1159 1156
1113 1205
1245 1067
1042 1294
1168 1185
1067 1289
1272 1084
1240 1177
1180 1243
1303 1115
1222 1203
978 1486
1030 1410
1059 1374
1283 1175
1329 1120
1036 1440
1160 1333
967 1632
1389 1145
1184 1358
1013 1635
1121 1445
1060 1544
1205 1365
1342 1250
1251 1324
1253 1322
1066 1601
1336 1285
1373 1280
1218 1400
1538 1184
1139 1554
1201 1475
1110 1649
1349 1329
1219 1461
1112 1697
1192 1566
1360 1361
1140 1692
1581 1259
1413 1337
1395 1362
1207 1639
1210 1627
1186 1689
1335 1444
1266 1551
1369 1423
1552 1301
1302 1505
1512 1340
1419 1398
1273 1595
1216 1699
1351 1498
1452 1429
1752 1274
1263 1713
1393 1523
1364 1563
1378 1573
1416 1526
1278 1734
1232 1820
1663 1351
1440 1553
1242 1870
1718 1359
1355 1715
1307 1787
1462 1622
1458 1642
1740 1401
1300 1899
1519 1613
1450 1688
1746 1448
1822 1380
1470 1738
1326 1947
1498 1737
1680 1539
1407 1838
1734 1510
1499 1769
1610 1643
1571 1711
1479 1832
1648 1676
1827 1466
1565 1780
1612 1752
1820 1503
1582 1802
1600 1830
1709 1710
1608 1859
1613 1854
1652 1805
1526 1962
1521 1975
1708 1770
1630 1877
1649 1901
1678 1865
1677 1928
1662 1954
1737 1902
1800 1827
1819 1797
1795 1908
1823 1895
1832 1906
1786 1997
1847 1855
1840 1922
1801 2015
1825 2028
304795499 2146998783
1
sift 180
156 151
28 58
782 980
39 72
143 206
89 76
1104 1021
115 106
167 174
150 154
139 196
161 204
162 182
169 181
196 231
171 244
212 224
209 233
236 290
240 254
287 315
281 302
273 323
280 331
261 349
278 332
258 375
308 321
270 385
320 352
314 357
327 346
339 393
331 354
345 382
452 448
343 422
349 428
461 449
374 435
375 455
431 529
400 432
419 436
444 616
408 461
415 463
491 571
424 456
494 484
557 533
492 486
648 454
430 914
524 531
506 595
599 615
517 620
669 527
635 635
575 578
560 652
652 646
558 672
532 747
902 968
596 684
779 559
1031 1076
727 608
576 722
1228 1480
721 640
714 658
1763 1555
552 829
715 664
847 575
519 989
814 670
910 603
723 817
733 803
788 751
713 874
767 819
845 773
735 957
931 734
837 834
842 870
1208 669
778 1005
917 811
816 951
859 900
961 839
1021 791
719 1237
1162 748
1194 730
831 1015
805 1078
899 952
1159 780
829 1067
946 943
1120 845
1160 820
838 1147
895 1059
896 1121
1070 954
876 1160
1108 950
1313 830
1251 879
906 1190
1040 1036
1254 919
1006 1128
1169 999
1389 886
1219 983
938 1296
996 1228
956 1294
1005 1267
969 1373
1218 1056
1038 1277
1056 1253
1236 1112
968 1488
1205 1156
1121 1274
1222 1153
1192 1191
1261 1127
1277 1116
1149 1275
1283 1118
1451 1031
1366 1077
1649 966
1583 1002
1276 1207
1112 1456
1726 988
1822 940
1339 1234
1383 1212
1266 1349
1419 1180
1663 1063
1459 1186
1648 1099
1571 1176
1307 1445
1827 1065
1810 1105
1838 1096
1401 1463
1416 1444
1332 1531
1403 1506
1774 1216
1566 1421
1786 1285
1407 1591
1503 1533
1499 1542
1795 1307
1708 1399
1806 1343
1845 1241
1595 1528
1823 1395
1731 1547
1762 1530
