356180607 454164500
1
sift 295
17 15
160 155
19 18
22 26
214 258
24 33
51 50
271 227
44 55
64 62
254 242
57 73
76 97
366 399
80 95
81 102
90 117
100 122
110 109
88 156
109 134
113 144
103 160
117 147
179 131
155 145
222 137
143 171
151 174
139 201
163 175
147 196
159 184
152 206
193 169
168 188
170 195
184 214
181 229
223 221
203 266
233 240
201 293
244 234
250 233
215 285
230 261
226 286
224 297
281 236
263 264
287 250
251 290
245 306
284 284
262 312
313 268
277 329
340 278
449 241
303 332
311 334
288 354
391 296
328 336
454 273
283 394
372 325
292 384
320 355
488 272
300 393
329 350
237 526
349 344
387 338
309 414
317 406
302 445
385 360
373 382
457 335
402 376
354 411
427 367
601 304
376 427
381 423
371 446
434 386
352 465
308 539
359 470
322 520
341 489
361 473
424 415
414 440
403 457
344 555
436 454
497 402
442 447
400 506
405 505
441 464
406 510
648 361
346 586
487 460
379 577
392 566
589 421
506 479
463 512
417 558
498 488
501 497
447 554
766 398
574 482
575 484
508 521
451 578
645 474
662 475
700 456
580 531
622 532
461 642
474 638
698 527
568 568
562 573
472 691
779 494
625 575
500 651
563 605
646 579
585 598
977 453
573 621
600 615
528 674
634 609
697 587
635 610
557 676
587 671
534 731
613 663
651 645
545 739
647 672
670 648
579 725
641 687
603 712
525 787
741 607
591 728
521 809
744 623
571 769
675 698
632 753
672 734
629 782
576 826
694 749
775 659
687 760
795 658
685 781
778 704
703 778
815 682
602 885
681 814
847 694
627 899
816 721
923 661
872 705
665 881
861 711
691 864
805 757
614 1020
721 857
745 833
786 791
900 737
1117 636
726 880
797 813
729 916
791 829
688 975
742 902
709 964
730 960
740 945
943 770
1010 748
850 841
735 976
868 852
863 856
835 890
793 939
789 942
746 1023
988 802
804 965
768 1028
810 972
799 991
927 866
750 1070
913 904
752 1108
929 906
738 1147
928 926
809 1046
1051 842
737 1190
981 934
807 1110
867 1052
1025 918
1200 765
1037 908
947 971
837 1112
978 962
984 967
865 1083
1085 896
962 992
870 1103
882 1084
921 1064
960 1033
1015 993
907 1100
1004 1013
877 1146
893 1140
953 1060
964 1056
818 1226
934 1092
1032 1010
924 1130
1071 983
970 1079
1036 1041
990 1072
1019 1063
975 1114
914 1184
1007 1098
989 1129
1070 1062
936 1186
1029 1127
1154 1007
1100 1081
1076 1121
1219 849
1139 1061
1026 1172
1211 947
955 1228
1168 1044
1002 1197
1049 1165
1065 1161
986 1242
1046 1209
1055 1206
1011 1247
1081 1191
1122 1169
1057 1219
1095 1221
1061 1254
1110 1232
1180 1154
1066 1257
1041 1269
1216 1117
356180607 874093608
1
sift 284
121 177
242 377
10 18
652 956
160 157
17 26
654 976
342 373
22 28
754 942
254 269
24 35
377 583
44 61
583 722
56 75
649 836
64 69
605 1125
57 81
780 881
68 104
1101 1384
86 98
911 781
76 129
100 96
844 1215
81 128
90 134
112 121
110 154
109 167
126 162
105 213
125 244
140 227
159 219
147 245
128 297
143 257
152 254
168 272
214 239
197 253
163 325
193 280
170 403
224 294
207 322
201 360
235 304
228 335
215 369
216 371
363 252
245 324
263 314
213 395
189 491
206 429
257 364
244 402
268 382
281 379
236 434
306 365
329 375
331 378
196 700
341 383
274 451
292 427
299 423
313 413
409 357
195 911
288 456
309 433
250 553
312 439
302 458
273 514
311 449
284 481
327 465
399 438
356 479
381 469
361 493
371 485
369 499
287 667
376 518
346 560
308 659
403 496
362 555
352 573
394 540
344 630
449 495
382 601
515 457
440 529
373 638
400 625
433 571
463 538
387 681
451 568
415 626
427 624
405 690
404 710
438 639
580 507
441 655
408 726
413 780
436 721
418 762
496 618
487 658
410 830
509 629
443 768
461 724
473 718
547 623
498 686
500 723
501 730
562 665
447 907
519 740
604 670
474 842
648 650
563 706
700 604
556 719
472 937
582 770
611 751
651 727
622 800
766 664
629 813
525 941
603 835
579 863
534 947
606 858
681 777
587 899
617 869
685 790
540 978
632 886
545 987
697 814
670 838
665 854
573 961
528 1069
732 819
672 910
816 734
635 954
568 1023
710 850
527 1130
693 880
593 1003
744 825
707 900
698 924
614 1044
653 994
688 955
777 847
791 833
757 874
647 1055
831 828
691 1010
602 1197
666 1089
682 1063
733 991
796 929
678 1124
768 973
779 971
718 1110
805 967
607 1412
760 1054
786 1002
709 1178
729 1126
923 906
726 1161
825 1028
868 982
585 1545
847 1008
870 989
738 1214
749 1193
800 1090
850 1048
735 1250
740 1243
814 1117
943 970
792 1148
634 1567
900 1061
745 1321
865 1155
964 1037
913 1113
929 1086
752 1417
874 1188
1010 1019
809 1297
1048 996
817 1293
819 1296
794 1343
881 1219
807 1347
793 1374
932 1182
947 1151
984 1119
988 1114
1019 1091
797 1429
1032 1082
882 1299
952 1201
1071 1066
963 1192
948 1229
925 1279
857 1403
867 1399
837 1456
1129 1060
936 1291
1024 1205
1064 1177
1081 1168
934 1390
1001 1304
894 1484
945 1405
1002 1363
954 1441
1026 1377
1096 1303
893 1566
1049 1382
1061 1386
960 1532
1046 1438
1114 1340
990 1511
1005 1527
1077 1448
1135 1364
1076 1453
1004 1539
1043 1509
1041 1526
1146 1394
1139 1531
1150 1551
1219 1253
1204 1435
356180607 1146127176
1
sift 114
20 20
203 73
140 121
163 145
139 169
143 167
152 272
188 228
216 221
256 227
265 248
310 317
268 366
277 357
292 356
387 332
473 290
303 394
331 388
309 421
371 381
327 409
380 446
346 470
438 401
395 456
372 476
375 473
407 454
573 393
461 448
479 436
463 482
451 538
585 451
541 490
508 542
496 576
509 581
500 585
504 587
651 512
688 501
598 621
575 638
580 640
617 634
600 655
777 556
755 577
527 796
576 772
629 740
792 615
861 616
695 750
889 647
612 904
732 775
810 712
786 733
926 672
831 743
563 1091
681 930
1009 673
981 682
1012 675
771 852
798 842
970 732
1126 666
1085 693
1042 720
1059 724
868 845
800 919
929 822
1155 702
870 877
1207 651
1124 728
1184 685
791 985
1162 722
1099 763
1129 741
1163 725
1127 769
921 896
992 874
1149 790
940 941
949 938
1194 785
952 963
933 1012
896 1065
1051 918
1032 979
1001 1057
976 1101
1081 1009
1118 1024
1077 1060
1109 1043
1064 1092
980 1179
1186 952
993 1177
1141 1066
1122 1135
1161 1120
1105 1205
356180607 1279412758
1
sift 85
24 35
70 112
76 141
81 146
96 144
110 160
147 262
169 301
253 344
201 510
299 375
277 427
301 399
206 598
309 410
292 495
327 469
325 513
364 494
287 605
376 484
381 505
371 542
442 487
265 950
382 625
406 607
451 577
387 708
378 735
496 567
497 575
308 1026
352 844
447 669
481 680
626 585
404 866
461 720
388 945
322 1226
498 711
580 681
710 616
564 700
531 761
698 682
443 1114
693 755
613 846
682 801
634 871
472 1178
667 878
474 1294
732 847
791 775
617 995
694 951
629 1040
632 1049
519 1313
718 1012
681 1059
670 1105
579 1321
685 1124
602 1361
528 1582
744 1229
929 1075
877 1182
741 1542
726 1602
817 1448
797 1499
1004 1287
1005 1316
988 1347
936 1493
1086 1390
1139 1394
869 1661
1122 1561
1140 1646
356180607 1973424357
1
sift 260
426 260
19 23
377 295
21 22
452 303
24 36
429 370
44 61
505 437
60 60
658 411
76 76
1173 364
74 79
689 699
114 115
764 632
173 124
734 701
143 142
885 611
139 156
780 719
151 159
1101 824
163 151
1215 713
189 147
919 1170
168 168
152 196
159 211
185 192
204 172
201 180
195 208
207 219
273 177
236 207
216 229
228 235
223 264
245 244
256 254
251 269
244 292
308 242
288 262
277 289
268 314
352 253
310 284
292 302
284 313
301 320
401 258
314 315
326 321
303 360
765 199
309 359
257 459
311 377
349 333
325 361
388 305
343 353
371 338
328 372
346 357
387 336
329 403
327 404
396 362
373 400
379 389
380 397
263 678
400 375
392 395
406 380
227 965
407 391
414 390
375 431
306 587
395 420
372 446
443 394
362 487
472 368
474 392
405 468
415 461
408 488
413 480
402 517
436 452
403 520
404 521
479 417
441 474
519 406
427 498
522 408
573 388
451 493
473 475
528 430
461 494
463 518
508 466
391 723
466 525
586 435
459 568
509 500
498 529
604 458
627 455
496 602
546 539
504 654
580 551
615 538
501 703
675 516
625 570
500 720
729 495
585 622
542 682
600 628
545 692
688 550
709 535
598 653
613 647
681 582
647 635
691 589
462 892
629 667
672 629
735 592
752 576
651 698
634 714
617 726
555 789
670 689
724 645
694 717
792 607
449 1206
807 614
738 704
568 905
737 732
809 673
750 743
562 958
742 769
889 643
1020 564
740 780
836 708
810 728
797 747
718 833
563 1068
882 705
837 740
786 774
733 830
939 670
721 854
744 842
964 680
612 1096
850 773
755 863
926 757
777 870
867 807
697 1060
1138 668
1012 748
959 778
863 852
774 950
981 779
800 927
913 838
870 897
973 806
1008 791
921 868
986 815
929 859
798 1028
1059 798
962 865
698 1248
1019 841
816 1052
825 1055
970 886
865 989
1036 845
857 1012
874 1000
791 1133
1126 803
989 899
861 1037
868 1033
1117 813
910 983
818 1130
1062 860
934 966
1163 800
880 1118
988 974
878 1142
1015 970
1005 988
1127 909
1081 934
1076 939
1155 890
1002 1044
993 1053
1184 857
1124 940
1162 923
1041 1045
1007 1108
967 1151
1046 1078
1094 1026
1027 1123
1069 1054
925 1219
1042 1110
1004 1183
952 1229
948 1238
1142 1089
1129 1141
1149 1162
1033 1262
1158 1171
1154 1181
1182 1154
1105 1267
1207 1150
1216 1036
1161 1253
