401566863 580816557
1
sift 436
54 128
38 63
81 140
37 73
62 108
43 65
234 271
45 69
92 149
71 93
336 545
66 117
122 236
94 104
382 638
80 130
126 247
83 124
415 733
101 113
160 234
113 100
749 1260
100 125
233 311
104 123
707 1678
88 161
200 371
91 157
797 1493
138 106
261 294
108 138
1063 1566
110 168
289 443
121 167
1214 1523
117 189
356 582
142 219
154 194
430 643
176 197
165 218
359 849
186 208
210 195
438 677
161 251
360 183
457 678
229 266
214 306
604 835
227 277
231 282
653 960
237 278
252 274
697 1131
254 275
293 253
710 1211
248 328
250 342
768 1216
273 319
268 347
824 1180
296 337
322 301
783 1244
279 359
301 354
801 1235
328 336
475 270
657 1748
344 339
265 449
868 1196
311 393
312 397
939 1271
280 474
670 269
946 1353
362 391
419 366
1377 1031
397 378
315 504
1153 1231
399 386
366 424
971 1531
330 481
376 421
1000 1589
332 495
427 406
972 1640
452 398
364 464
987 1689
368 478
447 438
1011 1779
353 557
483 470
1213 1517
458 502
478 487
1156 1643
524 468
449 571
1171 1644
617 450
406 699
1362 1630
420 681
462 608
1351 1700
504 551
526 564
1478 1727
560 554
442 757
1512 1701
603 556
538 601
1575 1656
587 568
561 591
505 679
489 714
582 579
552 634
611 588
548 668
549 680
686 589
598 683
747 560
809 530
1015 480
523 774
683 637
507 886
685 676
569 805
618 726
682 696
612 751
691 709
609 798
562 903
597 858
595 868
902 583
720 716
755 704
829 647
728 739
635 880
678 840
786 736
677 889
873 690
649 940
668 916
655 964
790 787
785 823
968 689
799 799
818 780
620 1149
798 845
763 892
819 826
881 743
718 986
757 931
741 989
930 761
711 1089
745 1025
876 822
725 1077
905 803
970 768
833 909
735 1129
932 844
959 808
769 1088
771 1104
826 1007
997 830
874 930
1102 756
780 1141
1245 718
816 1070
880 947
1172 747
761 1194
885 957
631 1553
1017 860
1113 778
1021 869
1067 834
729 1303
995 912
840 1102
894 1012
1188 775
944 953
958 951
1087 862
1202 796
953 980
1233 771
1051 897
1284 760
1026 945
969 990
1120 882
957 1014
938 1055
977 1043
1139 919
830 1267
950 1112
1183 915
1115 976
860 1249
1307 859
1238 910
1046 1072
1138 1002
1261 932
1056 1110
804 1533
1173 1039
1178 1041
919 1283
1272 971
1135 1092
1060 1176
1274 1001
1151 1135
996 1287
1319 995
1145 1162
1314 1015
1041 1253
1252 1095
1281 1064
1119 1210
1152 1201
1216 1168
998 1389
1287 1107
1390 1017
843 1739
2037 763
1335 1084
1404 1038
1038 1411
1332 1150
1248 1217
1379 1116
1201 1262
1433 1054
1065 1444
991 1574
1154 1318
1299 1208
1129 1380
1005 1614
1355 1183
1406 1153
1089 1467
1206 1333
1485 1085
1278 1254
1673 999
1330 1256
1428 1179
1283 1301
1291 1294
1199 1439
1311 1298
1247 1417
1352 1296
1254 1426
1149 1564
1143 1570
1446 1222
1334 1326
1263 1427
1413 1255
1370 1309
1288 1412
1170 1597
1411 1290
1270 1488
1310 1420
1292 1447
1387 1321
1463 1239
1196 1610
1407 1313
1303 1464
1159 1691
1679 1145
1333 1446
1142 1726
1676 1157
1376 1429
1382 1455
1293 1559
1229 1687
1484 1343
1459 1381
1321 1621
1535 1315
1539 1316
1637 1286
1441 1524
1571 1347
1612 1336
1758 1281
1774 1277
1389 1696
1654 1358
2080 1188
1624 1384
1515 1511
1554 1505
1431 1690
1603 1479
1744 1370
1508 1613
1312 1871
1401 1788
1495 1641
1632 1502
2261 1182
2112 1234
1509 1649
2174 1229
1566 1623
1829 1414
1696 1509
1867 1403
1419 1841
1951 1357
1681 1540
1599 1629
1631 1587
1635 1594
1490 1767
1818 1465
1448 1826
1596 1651
1621 1632
1698 1581
1803 1527
1815 1543
2192 1323
1620 1716
1843 1555
1884 1534
1807 1571
2127 1406
1585 1777
1781 1611
2010 1496
2058 1461
1747 1645
2106 1433
2068 1473
2157 1437
1795 1654
1876 1612
2040 1518
1808 1659
2139 1474
1794 1683
1966 1595
1772 1711
2121 1521
1825 1704
1767 1755
2275 1421
2178 1507
1940 1666
2076 1578
1826 1745
1844 1736
2029 1646
2294 1451
1924 1740
2110 1636
1937 1738
2372 1351
1871 1784
2168 1600
2207 1577
2067 1697
2167 1638
2118 1684
2042 1729
2155 1670
2001 1790
2046 1770
2030 1804
1990 1835
2071 1814
2013 1851
1921 1883
2125 1820
2098 1843
2288 1720
2208 1823
2077 1881
2256 1817
2291 1798
2299 1819
2335 1800
401566863 670484749
1
sift 51
154 239
226 335
301 398
311 428
294 635
354 563
347 594
447 536
472 671
548 576
414 892
486 872
500 871
539 845
496 1178
1238 574
497 1519
556 1348
774 974
1131 790
886 1012
876 1099
929 1065
816 1269
751 1534
875 1310
880 1566
1065 1363
958 1576
1248 1228
951 1683
1025 1601
1252 1317
1596 1071
1406 1255
1043 1740
1073 1726
1118 1688
1464 1257
1382 1445
1915 1162
2159 1087
1389 1703
1795 1299
2126 1206
1845 1509
2076 1454
1807 1734
2256 1514
2098 1654
2353 1530
401566863 742308222
1
sift 297
15 19
54 105
23 29
41 75
46 50
846 871
62 104
43 53
38 67
1090 833
86 151
36 82
45 78
1345 1375
122 186
56 60
63 85
1451 1371
218 126
72 84
71 87
246 174
79 121
83 122
193 265
81 133
100 112
200 271
88 149
108 115
201 277
91 171
117 161
342 225
138 142
121 159
359 372
142 203
146 214
356 489
165 188
186 194
484 624
161 237
198 206
604 631
223 220
214 243
661 637
229 246
231 254
1059 452
228 274
252 256
557 902
230 299
322 245
672 879
291 266
270 288
653 927
334 270
265 355
697 894
312 339
332 344
710 898
307 399
360 331
748 948
390 328
292 439
768 1050
429 322
419 323
803 1009
362 357
316 418
801 1104
407 345
330 402
868 1042
280 515
397 356
939 1102
370 385
376 384
946 1265
336 509
526 376
972 1243
462 440
487 436
980 1242
442 519
412 648
1000 1276
598 454
505 539
1027 1228
547 531
626 505
1011 1287
747 466
425 912
987 1301
591 594
593 603
1470 847
724 499
587 611
909 1479
813 462
683 529
971 1402
691 581
612 634
1079 1294
521 756
569 702
1137 1416
563 714
818 547
1153 1438
609 682
855 522
1213 1392
678 665
594 775
1234 1380
887 577
1187 483
1362 1494
655 743
723 676
1368 1547
970 551
648 767
1420 1513
668 771
620 859
1575 1432
649 838
787 686
1361 1621
757 747
709 892
745 861
735 891
711 938
840 739
1116 630
785 840
770 858
956 674
780 877
771 905
769 919
977 710
819 883
1139 658
718 1047
826 884
913 788
1315 645
761 1056
1311 652
729 1163
1202 694
758 1129
1100 753
873 965
804 1107
1460 649
1282 696
1056 821
1055 827
862 1017
1135 801
1110 824
1238 763
1289 737
919 1044
795 1328
1233 809
1178 846
1240 815
1204 845
1247 822
692 1614
1251 841
1518 697
1319 797
1295 811
1167 925
859 1257
926 1152
830 1410
924 1219
1387 819
1433 803
1379 856
998 1174
1323 917
1305 944
1287 956
1428 867
1411 881
1129 1105
1333 964
1038 1226
1352 959
1330 982
1216 1089
1063 1260
2037 722
991 1401
1175 1159
1332 1041
1275 1079
1258 1120
1394 1028
1425 1011
1390 1053
1334 1109
1515 969
1254 1254
1548 995
1624 958
1263 1271
1293 1212
1159 1413
1774 914
1678 954
1495 1059
1485 1090
1459 1122
1508 1078
1640 1013
1637 1027
1230 1486
1744 1026
1596 1092
1566 1119
1673 1062
1621 1130
1876 1043
1823 1134
1872 1123
1825 1141
1911 1127
1419 1524
1795 1166
1731 1248
1818 1251
1303 1636
2250 1061
1728 1379
2127 1170
2136 1184
1890 1352
1915 1335
1996 1292
2157 1193
2185 1165
1771 1436
2108 1268
2021 1331
2126 1267
2117 1316
1733 1520
2118 1337
1782 1502
1808 1499
2114 1356
2080 1370
1939 1444
1805 1511
2294 1230
1758 1538
1854 1512
1971 1476
2102 1399
2251 1323
2275 1305
2084 1457
2147 1445
2334 1299
1786 1611
2133 1495
2027 1542
2042 1588
2067 1582
2077 1596
2266 1586
2366 1580
2382 1534
401566863 751210311
1
sift 52
122 231
69 119
88 197
201 318
117 184
200 369
193 530
293 476
297 404
359 453
468 528
357 475
783 1160
308 819
382 818
972 1161
794 513
413 880
985 1174
562 1003
1112 663
1000 1360
727 829
1460 673
1167 752
709 1171
620 1450
711 1341
735 1351
840 1158
1071 957
1402 813
769 1474
729 1604
1175 989
1400 1033
2063 863
1857 986
1216 1481
2054 980
1334 1377
1624 1116
2280 948
1332 1438
1547 1200
1823 1162
2159 1092
1908 1193
1503 1484
2272 1086
2301 1202
2237 1368
401566863 789706637
1
sift 135
62 111
26 49
37 55
73 164
45 68
83 114
92 161
80 139
81 145
122 317
91 148
88 183
201 492
100 172
117 230
200 585
142 217
154 189
289 504
152 224
161 246
356 822
219 302
226 289
436 1128
252 279
270 257
291 268
281 342
301 395
397 282
334 358
265 611
456 285
280 549
293 530
361 363
327 444
257 901
307 557
354 433
311 577
323 555
366 460
407 426
347 505
414 461
364 560
424 475
368 599
428 517
447 523
416 614
446 563
392 709
427 673
747 366
381 853
472 671
496 603
579 503
540 562
603 519
420 1049
538 682
526 712
552 683
492 848
462 1138
593 690
686 578
548 785
683 629
619 731
549 883
576 835
611 820
624 797
572 986
737 694
618 855
689 796
615 1005
636 1023
874 664
809 738
685 955
699 920
691 953
763 837
677 1104
559 1238
751 940
682 1123
1188 566
641 1217
720 1059
669 1183
777 968
785 946
819 879
694 1165
739 1073
741 1088
818 916
799 971
790 1038
997 811
1081 766
1341 665
969 1095
1037 1083
1094 1014
1172 941
977 1168
1404 770
1274 907
1128 1092
1025 1215
1279 995
1390 938
1432 921
1365 1027
1311 1094
1399 1039
1346 1116
1702 947
1676 975
1727 976
1673 1031
1549 1120
1586 1158
1818 1040
1625 1161
2261 1210
401566863 856798745
1
sift 157
154 181
206 170
227 221
301 283
311 298
294 455
407 384
347 433
354 431
466 442
472 468
414 578
536 470
552 492
487 546
666 502
496 618
485 638
576 551
497 677
531 712
774 576
539 769
680 871
706 906
828 780
880 807
1065 708
871 846
1046 735
731 1054
958 840
951 853
776 1051
1406 688
1057 838
1025 866
927 911
1041 858
1112 829
950 1005
876 1077
915 1065
1281 849
875 1156
912 1103
1179 938
1433 822
1024 1075
1087 1023
1291 915
1131 1008
1073 1052
1484 875
1151 1056
1085 1113
1083 1186
955 1403
1031 1340
1487 952
1107 1266
1196 1185
1167 1225
1284 1121
1431 1029
1194 1250
1490 993
911 1617
966 1557
1250 1283
1724 947
1118 1447
1381 1182
1288 1262
929 1743
1543 1048
1088 1547
1225 1422
1535 1116
1184 1559
1662 1106
2034 986
1925 1027
1685 1117
1278 1550
1343 1498
1228 1681
1663 1254
1596 1319
1529 1365
1072 2036
1389 1533
1043 2115
1614 1314
1322 1700
2190 1108
1374 1647
1883 1271
1603 1426
1453 1584
1473 1565
1460 1583
1556 1510
1781 1391
1628 1520
1464 1703
2351 1143
1807 1435
1826 1448
2169 1328
1867 1489
1472 1833
1624 1635
1859 1512
2049 1416
2038 1460
1705 1756
2207 1475
1795 1728
2030 1600
1602 1945
1499 2121
1857 1739
1747 1870
1753 1872
1908 1774
1541 2186
2025 1713
2046 1710
1647 2053
1609 2109
2053 1798
1576 2302
1687 2140
1608 2257
2296 1656
2035 1911
1538 2454
2301 1689
1605 2408
1936 2088
2291 1781
2075 1996
2159 1927
2002 2108
2143 1989
1831 2347
2346 1861
2270 2111
2365 1957
2289 2117
2236 2204
2227 2263
2283 2428
2272 2438
1966 2598
2380 2284
401566863 962831950
1
sift 193
122 344
37 74
178 195
45 70
201 521
94 103
375 496
83 139
200 706
80 172
100 148
289 597
154 200
142 264
356 930
161 293
214 334
441 1275
226 341
291 284
270 335
248 379
334 295
301 360
344 339
456 300
397 355
367 399
265 754
354 434
347 475
364 491
323 595
427 443
368 583
446 486
496 467
458 532
447 572
485 527
449 620
472 634
747 413
504 599
526 621
603 556
462 846
492 719
734 488
683 537
552 635
420 1139
611 613
549 714
442 1150
727 573
538 812
686 675
670 718
666 736
685 781
532 1154
829 638
691 823
874 654
728 852
720 865
790 792
688 1027
1188 609
817 858
842 831
741 986
677 1148
655 1231
682 1202
669 1247
997 775
1081 723
649 1364
819 976
751 1110
950 847
739 1189
785 1066
828 977
774 1102
1051 803
932 884
763 1178
1190 747
1344 660
880 947
1121 788
745 1285
719 1362
833 1081
905 985
1026 913
769 1343
1233 824
885 1098
826 1278
965 1013
780 1400
771 1419
1183 871
851 1210
977 1020
1097 954
957 1112
1139 940
1404 815
865 1336
881 1325
1056 1056
918 1303
1018 1174
1399 875
1087 1117
969 1280
1110 1082
1261 973
1036 1205
1073 1144
1046 1187
1390 902
2037 679
1379 914
1256 991
1065 1192
1135 1119
1119 1146
1060 1244
995 1351
1287 1000
1067 1249
1196 1122
1252 1080
1210 1164
1162 1215
1448 936
1093 1312
1428 961
1122 1283
1272 1132
919 1497
1274 1170
1177 1320
1382 1085
1702 905
1346 1156
1133 1396
1270 1267
1305 1223
1204 1383
1218 1368
1179 1421
1546 1025
1201 1411
1178 1432
1676 963
959 1510
1406 1224
1612 1064
1247 1479
1970 967
1673 1126
1352 1453
1374 1425
1834 1057
1624 1213
1389 1478
1774 1165
1522 1357
1679 1245
1732 1206
1723 1240
1815 1235
2178 1078
2112 1137
2048 1208
2121 1183
1843 1378
2004 1339
2106 1308
2057 1347
1924 1393
1954 1401
2120 1361
2151 1405
2157 1455
2208 1466
401566863 1064082008
1
sift 91
22 48
26 51
45 75
62 129
66 132
83 127
92 167
80 155
91 156
129 273
88 207
142 236
122 331
186 196
152 260
200 626
161 272
226 317
201 773
291 289
245 431
289 496
248 439
281 366
357 825
301 442
265 624
397 334
280 543
361 368
311 562
307 646
354 463
323 606
347 569
424 481
407 501
394 551
414 534
368 744
392 669
427 602
446 582
447 636
449 644
439 765
603 488
420 1006
540 620
686 514
552 672
593 670
533 778
683 586
549 935
576 875
572 995
689 796
569 1071
737 843
636 1055
641 1050
874 723
611 1183
763 908
785 885
677 1090
699 1033
1188 588
721 1066
649 1232
799 1025
969 847
739 1221
904 1003
1341 729
1275 787
1094 964
1390 870
1135 1126
1702 762
1095 1186
1172 1129
1194 1117
1279 1086
1673 892
1625 1148
1843 1133
2151 1200
2084 1229
2348 1151
401566863 1305823326
1
sift 73
331 1630
143 246
88 192
932 1049
117 194
1451 818
201 320
293 355
1270 1620
297 407
359 434
483 306
363 379
357 497
508 391
442 489
657 589
336 768
462 566
480 809
564 514
381 901
606 966
794 508
413 1043
697 970
504 779
1154 578
535 1560
1112 648
620 1250
783 1322
902 852
1568 664
972 1191
708 1285
1167 801
974 1234
840 1086
730 1450
985 1238
810 1323
1824 742
987 1334
735 1573
1411 842
980 1377
1460 847
833 1483
1053 1571
1296 1010
1175 1100
1000 1735
1552 1066
1399 1175
1156 1522
1859 971
1624 1116
1513 1732
1825 1060
1346 1439
1646 1621
2063 1041
1321 1599
1857 1142
1908 1137
1355 1637
2280 1081
1795 1329
2301 1161
2159 1261
1874 1568
2323 1341
401566863 1347700863
1
sift 64
62 163
66 162
91 174
83 148
92 198
80 185
142 260
100 213
178 203
877 116
161 313
129 324
122 419
551 164
280 563
226 342
201 1029
245 534
308 724
301 468
289 538
361 352
266 658
321 476
311 792
347 634
357 1030
414 580
427 679
882 1062
368 896
446 738
447 785
496 649
449 913
576 619
497 793
472 906
603 602
420 1217
593 707
526 884
552 878
766 594
689 787
533 1163
737 774
569 1192
611 1081
763 824
615 1176
785 867
699 1012
751 981
720 1086
904 934
911 1007
1094 872
905 1186
1128 990
1279 987
1251 1031
1625 1115
2015 1169
401566863 1745211470
1
sift 283
128 144
62 111
23 21
45 79
35 57
249 272
92 153
37 65
81 139
44 76
605 685
160 150
66 117
91 154
83 124
126 227
80 134
88 172
104 110
122 252
110 165
186 213
117 206
129 245
142 217
200 374
161 248
289 419
214 275
280 491
219 261
356 631
229 255
307 511
226 273
457 712
293 234
316 1098
281 326
436 800
273 342
382 940
248 397
517 717
310 333
412 857
322 321
480 981
265 405
415 1230
327 318
535 1106
312 371
620 1272
397 327
653 1249
452 309
701 1452
323 424
697 1355
419 352
761 1318
311 502
748 1245
332 457
735 1456
354 421
710 1450
376 426
729 1493
330 526
803 1459
347 486
831 1345
364 505
868 1434
366 508
390 466
898 1384
368 553
414 483
439 516
458 490
447 519
427 538
424 544
446 540
358 746
449 559
392 643
487 535
488 543
501 527
472 576
492 547
420 732
406 791
473 619
425 816
489 618
603 489
539 564
508 617
538 586
526 606
747 445
540 600
686 515
532 698
582 615
552 668
598 613
561 680
585 658
638 596
703 557
618 665
809 531
623 719
551 867
549 885
612 779
610 807
695 663
678 713
683 710
731 652
737 660
569 932
611 849
666 813
699 780
562 1053
685 844
763 728
636 918
594 1028
700 865
785 783
597 1129
1258 524
751 834
681 946
635 1054
680 983
691 960
677 1029
649 1091
641 1130
720 979
668 1145
818 868
804 888
655 1199
739 1015
945 781
792 962
715 1137
1036 725
995 759
721 1138
773 1025
1026 757
718 1193
688 1321
790 1041
1190 679
798 1040
875 919
799 1052
819 1017
725 1267
1113 752
741 1247
969 864
1080 792
711 1378
997 879
1341 673
769 1274
905 965
771 1304
826 1186
904 999
851 1085
912 1013
816 1259
780 1390
1094 869
881 1101
879 1114
867 1165
1131 883
1025 977
950 1033
1128 890
958 1022
1172 884
1296 820
959 1066
1120 935
885 1221
977 1118
953 1179
1067 1072
940 1265
1182 997
918 1327
1287 916
956 1279
1037 1195
878 1460
966 1303
1198 1011
1161 1086
951 1415
938 1438
1010 1405
996 1420
1093 1270
1238 1111
1043 1398
1400 987
2037 749
1379 1005
1274 1116
1046 1443
1152 1298
1332 1079
1298 1107
1139 1332
1215 1246
1272 1181
1216 1254
1135 1368
1118 1407
1129 1396
1334 1136
1210 1301
1365 1105
1060 1492
1204 1347
1279 1232
1281 1234
1428 1074
1390 1160
1247 1393
1314 1284
1252 1419
1228 1451
1673 980
1285 1431
1539 1207
1448 1326
1413 1411
1549 1217
1676 1110
1374 1484
1678 1150
1406 1485
1732 1170
1609 1258
1684 1223
1702 1213
1716 1215
1511 1432
1697 1263
1625 1320
1933 1173
1815 1226
2112 1182
1773 1383
1880 1310
2004 1253
1843 1399
1978 1329
1852 1469
2015 1429
2157 1410
2040 1481
2151 1470
2146 1499
2327 1515
401566863 1811936640
1
sift 309
788 892
54 75
23 16
35 49
44 84
62 81
45 50
38 68
65 71
92 108
66 77
83 83
100 109
160 126
80 99
81 100
108 119
126 154
104 85
122 175
110 125
129 161
117 172
142 159
152 160
200 312
154 202
161 216
214 197
289 307
186 189
280 329
219 217
357 341
227 269
307 394
248 343
481 702
281 287
330 440
327 291
534 825
301 382
336 485
312 385
535 830
293 427
381 577
397 321
606 810
334 372
420 535
322 400
653 791
332 379
411 551
468 310
768 1103
419 354
521 604
376 374
801 1079
424 355
415 1123
323 477
898 1001
311 546
569 709
347 433
869 1094
482 348
562 820
406 401
971 1120
354 460
622 741
414 453
1006 1318
367 545
649 738
364 606
972 1363
368 650
594 834
428 573
987 1554
392 665
507 1110
486 541
980 1750
487 556
770 658
472 625
1171 1902
579 493
669 762
473 686
1362 1871
539 565
597 871
686 447
1505 1849
540 589
677 763
532 611
1465 1914
427 844
687 807
593 555
610 575
620 921
612 582
585 622
655 953
496 761
598 656
701 964
552 744
766 600
745 925
763 620
561 828
725 994
619 735
944 532
711 1030
631 768
969 537
729 1007
737 710
819 666
830 821
731 722
549 1077
761 962
618 881
559 1087
771 1027
614 933
641 891
811 972
572 1091
734 794
769 1033
1036 615
699 861
749 1261
636 1012
904 674
856 1169
679 926
681 975
860 1186
807 809
714 1011
884 1226
751 941
789 888
919 1199
804 906
720 1097
1166 931
881 862
1113 718
923 1505
741 1175
1190 707
1038 1307
680 1332
1128 725
1034 1337
740 1211
716 1277
998 1447
688 1366
997 829
1149 1246
798 1117
721 1329
1303 1219
1258 720
790 1248
1214 1520
959 955
799 1257
1159 1609
880 1142
995 1020
1320 1404
1025 1021
818 1423
1193 1612
1043 1061
867 1291
1255 1644
983 1137
1037 1090
1230 1730
1080 1051
905 1264
1375 1470
817 1548
927 1252
1312 1597
1095 1054
1002 1172
1263 1718
1142 1038
885 1426
1372 1716
1279 943
928 1339
1503 1858
1182 1055
950 1299
1567 1899
865 1492
1274 976
1819 1912
1176 1065
977 1294
851 1587
912 1442
1021 1295
1365 984
966 1424
940 1488
1401 992
1172 1208
951 1528
1060 1354
1018 1462
1129 1275
1332 1081
1073 1341
1216 1217
1107 1311
954 1629
948 1699
1252 1251
1093 1465
1046 1621
1428 1121
1531 1035
1459 1099
1225 1388
1110 1546
1414 1163
1132 1530
1196 1501
879 1934
1122 1624
1334 1321
1238 1508
1221 1563
1390 1301
1358 1362
1388 1336
1139 1757
1277 1515
1311 1473
1127 1805
1281 1556
1318 1533
1400 1420
1185 1801
1547 1255
1040 1929
1644 1202
1352 1545
1204 1826
1374 1553
1673 1222
2065 1041
1549 1358
1627 1305
1254 1884
1679 1298
1278 1889
1541 1497
1389 1781
1758 1320
1713 1383
1930 1293
1702 1461
1434 1894
1654 1613
1529 1840
1962 1450
1625 1731
2084 1410
1712 1711
2112 1498
1687 1834
2348 1290
1898 1722
1967 1675
2015 1640
1752 1847
1720 1863
2110 1606
1774 1879
1781 1895
1953 1841
2242 1712
2183 1772
2170 1788
2337 1657
2325 1909
401566863 1865606473
1
sift 198
47 80
26 28
45 50
63 83
62 93
66 91
83 100
100 108
73 117
80 109
92 114
117 196
126 161
142 158
129 159
214 191
122 200
161 201
200 354
226 265
201 391
221 380
280 312
327 289
289 327
291 362
308 459
248 521
357 433
301 416
336 522
397 335
438 614
332 397
425 536
361 370
436 665
424 351
381 609
293 572
535 992
311 588
420 603
414 485
534 1035
347 619
411 634
366 592
606 850
334 773
569 757
428 626
654 863
538 492
562 778
686 419
697 1101
427 720
622 741
515 606
748 1089
541 591
770 648
472 769
801 1124
603 585
649 765
552 743
768 1191
805 542
669 800
619 709
899 1019
683 649
677 816
416 1518
971 1204
526 921
620 1031
532 911
972 1398
689 724
730 927
737 705
987 1558
763 687
831 823
819 652
1360 1760
700 749
761 968
572 1146
904 671
745 1010
699 907
611 1120
725 1081
680 1046
636 1195
711 1197
720 999
751 1017
781 1054
969 752
789 1001
735 1218
880 845
772 1153
925 1136
739 1279
694 1511
856 1281
1188 786
881 1075
860 1339
958 1063
1094 944
919 1451
1341 779
995 1040
923 1488
1021 1025
798 1452
1149 1235
1128 970
905 1245
1038 1397
1118 1018
1182 985
1034 1413
799 1619
1120 1049
991 1541
966 1269
1050 1164
1303 1201
851 1508
950 1314
998 1637
867 1475
817 1661
1321 1447
1095 1196
1365 969
1159 1788
865 1606
951 1537
1312 1598
1067 1359
1612 877
1263 1741
885 1754
977 1570
1372 1668
912 1684
1018 1580
1510 1660
959 1656
1107 1428
1567 1842
1046 1554
1093 1515
1127 1486
1379 1198
1065 1609
1391 1205
1043 1677
1414 1221
1196 1522
1198 1565
1210 1573
1136 1693
1751 1065
1139 1726
1984 994
1374 1483
1399 1480
1277 1663
1388 1555
1247 1782
1509 1426
1880 1368
1644 1531
1511 1683
1549 1652
1598 1601
2112 1295
1609 1729
1489 1850
1953 1567
1733 1733
2254 1472
1962 1670
2084 1613
2163 1578
1851 1799
2120 1821
2363 1789
401566863 2019709110
1
sift 208
47 79
88 138
91 211
143 191
201 266
154 178
200 279
161 281
297 350
227 240
307 590
244 269
359 417
301 314
336 626
294 442
356 424
407 353
398 1000
354 397
480 786
363 392
535 827
384 385
512 1107
472 440
562 853
449 460
653 1283
508 418
620 1094
414 496
783 1082
643 378
708 1029
536 457
768 1515
485 518
735 1174
552 468
987 1181
463 558
711 1303
531 513
972 1297
496 550
730 1259
516 543
973 1314
539 547
923 1435
564 554
868 1570
528 620
1045 1430
561 597
946 1414
706 536
998 2101
887 508
1000 1416
794 565
724 713
1156 1347
751 694
680 765
939 2056
570 942
978 709
971 2109
828 800
958 742
1776 1773
655 1111
940 775
950 788
1281 647
668 1216
1112 739
876 850
1117 759
1018 804
1240 717
1065 787
1041 796
1131 772
1406 686
1046 833
875 965
1151 797
1087 835
766 1252
915 983
871 1048
929 1036
1206 848
796 1340
1284 820
745 1526
911 1132
1433 782
1167 932
1291 845
769 1513
1073 1005
1082 1007
1057 1034
1352 842
955 1173
771 1604
1289 881
1118 1016
1032 1112
1411 906
1495 879
860 1607
1238 1103
1052 1304
1228 1147
1381 1009
1250 1159
1184 1296
1794 913
1488 1073
1278 1290
1343 1240
1568 1062
1388 1271
1296 1370
919 2052
1463 1237
1698 1065
1288 1433
1490 1230
1460 1299
1534 1239
1813 1095
1543 1246
1603 1211
1389 1428
1596 1234
1748 1137
1915 1083
1038 2067
1364 1518
1872 1114
2046 1066
1043 2133
2076 1102
1494 1439
1781 1245
1685 1328
1663 1349
1472 1563
1825 1301
2029 1223
1529 1522
1556 1516
1538 1539
1823 1333
2292 1116
1705 1418
1628 1470
2351 1092
1889 1354
2137 1248
1608 1577
1692 1508
1432 1926
1552 1744
1867 1519
2176 1356
1826 1564
2256 1326
1795 1599
1602 1816
1908 1557
1687 1738
2098 1472
2035 1535
1576 1959
2126 1558
1936 1700
2030 1657
2237 1502
1724 1894
1857 1800
2025 1688
2063 1716
1803 1939
2168 1683
2177 1680
2162 1701
2280 1600
1671 2142
2291 1675
2301 1666
1846 2058
2143 1862
2068 1950
2270 1793
2231 1874
2382 1626
2159 1991
2346 1782
2053 2092
2141 2088
2380 2061
401566863 2124113243
1
sift 358
54 72
45 74
909 639
62 95
52 85
122 122
63 99
2314 2327
81 98
77 96
143 142
80 103
88 105
100 165
129 146
83 126
126 168
117 136
200 191
110 174
142 195
154 169
201 197
161 198
185 231
219 244
193 240
244 239
297 234
229 284
289 271
265 264
237 427
286 253
359 337
252 299
316 344
268 285
356 390
301 290
308 361
258 331
484 438
274 315
280 404
287 310
535 577
272 332
330 356
294 329
511 643
281 364
336 435
312 351
606 630
288 411
381 429
332 353
653 665
384 327
420 442
354 347
710 656
358 365
398 582
363 369
697 684
392 385
521 608
304 645
672 742
466 373
563 581
442 394
783 733
592 324
570 669
376 485
748 787
414 444
707 563
344 534
768 861
472 423
669 595
361 594
821 878
531 425
620 777
576 413
801 937
397 616
655 799
551 437
972 866
467 537
709 764
460 545
984 858
505 486
701 785
496 503
901 986
519 493
730 760
552 482
980 973
536 521
735 825
488 597
868 1146
501 578
711 851
452 716
1000 1008
497 604
649 995
643 514
973 1030
539 633
622 1082
538 652
1011 1120
586 753
758 901
609 735
1007 1207
513 952
762 962
612 775
971 1259
680 710
769 953
724 694
939 1334
751 688
745 1022
593 1027
898 1426
794 700
772 1110
579 1088
1156 1433
678 914
795 1200
804 770
1351 1417
689 1039
718 1398
978 699
1709 1287
738 997
861 1074
757 979
1575 1434
828 863
826 1325
665 1238
1480 1589
1057 737
857 1321
850 891
1361 1893
875 902
884 1264
759 1169
1420 1899
1281 677
991 1199
951 868
1505 1866
733 1283
1045 1164
819 1136
1493 1919
805 1170
936 1335
927 965
1565 1879
704 1437
919 1369
950 955
1466 2097
1073 869
831 1541
1118 850
1421 2228
876 1085
998 1303
1065 887
1938 1734
766 1389
770 2002
1112 874
1478 2381
881 1142
1034 1383
699 1634
2066 1787
1041 1011
859 1695
796 1432
1798 2087
915 1158
1039 1420
1131 934
1894 2038
1289 847
1068 1402
839 1372
2008 1968
1568 738
964 1552
929 1268
1855 2111
841 1450
1143 1362
1238 961
1352 888
1159 1530
1167 1076
955 1351
1230 1612
1085 1189
1107 1160
1229 1625
1072 1225
1043 1329
1308 1587
1082 1277
1175 1203
1193 2020
1284 1092
1184 1215
1246 1942
1074 1358
1071 1401
1255 2072
995 1521
997 1543
1461 1712
1388 1102
1036 1533
1419 1804
1228 1381
966 1745
1476 1741
1250 1408
1129 1517
1981 1418
1251 1416
1049 1772
1375 2068
1331 1414
1411 1314
1498 1875
1273 1489
1389 1377
1312 2378
1672 1106
1058 1803
1532 2010
1374 1429
1013 2102
1578 2008
1343 1514
1183 1788
1506 2182
1473 1413
1197 1781
1500 2197
1381 1561
1807 1201
1582 2157
1692 1266
1730 1250
1567 2390
1667 1309
1596 1376
1674 2275
1460 1494
1529 1444
1690 2332
1485 1501
1216 1955
2089 1993
1825 1315
1188 2101
1757 2348
1402 1691
1334 1816
2235 2086
1103 2266
1867 1322
1881 2438
1556 1519
1463 1623
2239 2432
1364 1824
1261 2081
1304 2037
1432 1793
1491 1721
1472 1765
1872 1461
1748 1534
1414 1958
1550 1775
2030 1487
1391 2160
1346 2260
1666 1768
1616 1997
1459 2268
1908 1754
1644 2022
2049 1706
1779 1911
2063 1708
2145 1659
1897 1839
1605 2172
1654 2163
1687 2132
2143 1749
2097 1820
2054 1870
1831 2065
1837 2071
2256 1714
2140 1847
1511 2463
2076 1932
1546 2447
2111 1914
1933 2064
1750 2239
2207 1844
2359 1672
2159 1930
2237 1878
1991 2152
2015 2203
2221 2000
2382 1676
1820 2383
2025 2272
2380 1935
2231 2257
1877 2473
2060 2419
2161 2374
2297 2259
2261 2321
2301 2262
2107 2456
2227 2373
2336 2351
