411685623 476880634
1
sift 116
400 316
467 395
38 45
277 89
45 50
804 569
54 51
797 663
46 58
808 660
49 57
1013 735
70 73
1349 1615
87 76
79 87
93 80
128 108
129 109
111 118
141 114
151 113
198 132
166 158
233 165
254 175
257 180
297 215
285 239
321 216
229 337
327 256
340 274
378 264
332 311
444 293
375 342
386 380
439 363
426 392
370 444
520 368
493 482
648 399
591 433
584 451
598 455
512 543
622 483
677 459
688 525
660 555
676 554
775 536
424 1229
692 624
918 515
785 585
781 620
780 642
979 534
862 582
1193 510
902 579
1400 491
1159 537
914 635
1007 592
653 930
811 778
1044 646
1315 578
896 796
1060 750
1184 738
1736 600
1327 701
1180 774
1226 759
1520 697
1029 879
1086 921
1074 954
1467 788
1195 913
1100 1007
1388 843
1201 962
1320 928
1287 953
1431 898
1304 949
1475 903
1373 941
1680 845
1573 875
1600 872
1622 914
1119 1254
1570 966
1555 984
1638 944
1624 960
1447 1079
1648 1012
982 1619
1707 1001
1729 991
1141 1566
1802 1074
1709 1248
1848 1148
1821 1261
1817 1432
1841 1555
1842 1573
411685623 528510916
1
sift 141
134 143
104 96
38 40
244 191
275 255
42 51
272 252
117 99
46 52
797 647
269 297
49 67
364 313
225 188
55 60
1152 799
365 388
59 59
804 620
249 228
67 73
1559 942
79 82
808 834
382 352
97 91
1371 1124
111 83
1349 611
401 390
126 84
1369 1195
128 92
1013 749
544 545
129 102
141 109
760 689
166 106
151 123
1054 638
176 168
280 167
957 968
248 206
370 176
1179 1018
228 269
297 214
318 202
233 272
285 249
294 247
300 260
327 233
340 239
356 257
295 312
321 291
332 310
376 304
353 376
424 340
444 330
386 402
471 386
426 406
520 361
660 327
493 530
606 455
489 644
622 511
688 520
860 471
569 649
920 481
621 639
919 515
692 645
725 633
785 595
780 606
781 630
654 784
936 580
1007 578
978 594
1400 529
914 651
862 693
896 708
875 721
922 719
1060 703
653 1196
979 770
1029 766
1184 722
1134 746
1555 634
881 906
1226 724
934 867
1196 760
956 902
1074 833
827 1095
878 1076
1213 816
1180 847
1388 768
1321 793
1086 929
1646 757
1595 769
1244 911
1431 831
1600 808
1373 891
1201 975
1573 887
1570 888
1624 880
1638 876
1714 873
1474 959
1447 1023
1759 914
1775 925
1527 1068
1821 938
1802 1010
1787 1026
1427 1229
1530 1204
1804 1090
1803 1096
1781 1137
1736 1266
1796 1422
411685623 561836557
1
sift 248
158 287
125 96
24 22
244 315
121 107
65 41
403 437
117 141
43 65
531 540
131 159
55 62
1381 1351
152 175
79 66
604 706
193 219
86 81
261 284
88 104
955 1451
225 319
116 93
299 288
135 91
1637 1211
290 300
162 139
237 368
127 215
1410 1475
269 359
174 180
350 310
165 190
1792 1632
324 349
242 222
345 374
214 250
365 417
215 298
466 402
264 283
464 398
304 245
382 492
280 280
401 495
257 305
429 462
315 247
511 431
327 254
633 388
303 292
459 545
321 270
475 533
362 257
559 570
230 433
627 527
363 306
509 635
445 271
544 642
320 372
637 596
372 375
634 619
306 500
587 656
375 403
602 713
387 406
672 608
616 313
683 653
422 424
904 514
376 558
731 641
438 477
664 696
505 436
773 628
487 490
655 712
678 420
669 733
662 428
967 586
497 579
630 808
498 590
705 756
620 479
769 703
680 463
837 667
636 498
760 828
597 542
779 850
651 536
830 803
654 544
833 976
519 657
1033 860
711 523
1048 865
499 711
964 924
471 796
1053 907
490 772
966 965
606 625
1034 1102
1583 450
1170 1023
813 663
1319 1015
744 729
1487 1040
714 757
1365 1156
851 660
1137 1442
1334 555
1219 1317
784 722
1228 1326
859 664
1160 1457
841 699
1534 1353
807 758
1829 1222
907 695
1497 1644
920 708
1614 1602
848 785
1733 1520
759 897
1830 1582
733 941
1755 1690
1041 719
783 902
810 884
1065 732
986 778
752 984
981 794
1117 752
992 837
1072 793
1050 818
937 876
828 981
1090 843
1044 853
1396 725
1049 871
1378 744
1095 858
1029 910
1237 836
1067 894
682 1436
1314 816
945 1003
1347 809
1251 855
1106 929
1125 926
960 1043
962 1049
899 1116
1438 842
1525 826
1176 969
862 1231
1301 932
1320 935
972 1234
1317 985
1279 1017
1084 1163
1339 1001
1230 1089
1162 1146
1311 1059
1586 963
1289 1079
1197 1150
1056 1297
1528 1002
1612 974
1402 1058
1807 915
1375 1096
1576 1029
1499 1064
1688 1004
1158 1303
1177 1296
1101 1394
1302 1196
1411 1143
1326 1183
1196 1305
1683 1055
1342 1209
1657 1086
1671 1087
1476 1193
1236 1364
1366 1277
1835 1071
1674 1174
1260 1469
1602 1221
1491 1300
1210 1591
1474 1360
1413 1421
1764 1201
1748 1213
1312 1556
1505 1397
1520 1392
1647 1307
1809 1215
1492 1460
1488 1523
1649 1430
1673 1425
1563 1533
1791 1385
1681 1553
1713 1525
1605 1720
1851 1514
411685623 751210311
1
sift 67
104 99
162 109
324 212
152 134
350 218
234 137
632 227
230 217
627 334
399 281
634 389
616 233
558 376
492 335
602 454
306 743
509 422
672 371
830 508
637 360
769 404
967 318
833 536
986 352
760 541
586 490
837 543
834 450
1033 603
706 513
1365 567
744 517
1053 608
890 681
964 686
1041 631
1178 605
1565 569
791 1099
1090 707
1170 713
821 835
1829 645
970 767
1214 783
1301 661
1830 837
1162 712
1755 695
1319 665
1658 951
1251 735
1603 834
1320 753
1733 928
1576 718
1008 1490
1132 828
976 1079
1534 983
1558 795
1174 945
1649 841
1230 1185
1176 1372
1494 1133
1605 1359
411685623 856798745
1
sift 106
36 26
219 173
256 181
230 211
393 236
462 273
306 444
372 379
523 328
505 448
541 431
794 329
549 475
932 339
834 391
659 456
736 442
741 467
712 512
842 459
589 618
802 511
749 611
843 551
620 772
770 679
947 578
916 603
848 675
1159 559
958 638
1461 553
990 708
992 712
1041 752
1068 758
1058 779
859 931
1721 589
1110 768
1323 682
1126 781
1295 706
1167 783
1485 671
1023 878
822 1118
883 1023
1192 800
1043 906
1317 796
1135 915
1250 858
1095 985
1057 1067
1360 871
1260 914
1729 738
970 1203
1289 924
1065 1208
1114 1164
1102 1181
1139 1149
1565 907
1106 1278
1776 892
1132 1342
1701 917
1511 1005
1499 1073
1519 1088
1302 1270
1765 991
1633 1074
1810 975
1805 983
1705 1046
1738 1033
1399 1266
1205 1494
1643 1116
1224 1501
1556 1202
1352 1366
1647 1235
1715 1186
1552 1350
1690 1229
1558 1411
1606 1435
1162 2079
1478 1590
1649 1455
1667 1444
1413 1703
1562 1588
1474 1688
1797 1387
1657 1687
1471 1977
1671 1702
1568 1969
1807 1680
1660 2007
1689 2106
411685623 868876902
1
sift 125
134 126
83 68
7 3
272 238
125 86
35 29
364 406
104 70
126 92
808 992
481 336
131 73
1750 1236
152 111
165 133
1447 1198
511 454
294 112
237 163
234 154
1803 1450
634 514
225 174
269 198
291 179
683 521
249 279
324 229
285 267
966 517
316 260
345 249
312 282
830 570
341 271
334 344
320 301
833 651
479 221
401 318
464 300
779 707
372 379
418 373
422 422
837 689
459 380
509 361
470 403
1365 569
498 374
726 398
482 399
965 664
504 386
602 500
492 408
1785 729
404 485
637 497
609 359
1214 881
410 558
628 533
672 473
1829 1119
610 550
595 588
706 536
1345 1627
760 526
905 480
620 730
1026 543
731 667
678 794
955 568
1229 507
854 652
1040 551
1105 581
890 641
986 617
1008 622
874 677
1033 670
1053 683
1204 630
1006 722
1238 668
907 782
962 757
1169 701
1126 739
1196 733
1497 883
1068 803
1342 692
1614 895
1219 753
1285 735
1698 946
859 1002
1042 902
1733 997
1278 812
1027 1092
1534 1204
1634 828
1132 1042
1640 1320
1558 878
1197 1117
1649 949
1312 1108
1715 938
1279 1174
943 1695
1804 944
984 1691
1662 1088
1518 1222
1402 1332
1573 1491
1605 1726
411685623 936120456
1
sift 73
84 70
49 71
283 202
93 83
249 226
129 130
237 239
128 143
225 261
227 270
260 246
285 258
324 344
332 324
382 305
323 360
401 338
424 312
475 421
327 420
544 562
439 370
628 621
584 321
760 668
370 512
1053 966
426 448
1497 1068
593 492
1737 1611
648 500
1792 1910
621 556
450 1037
688 581
842 547
692 699
654 761
780 674
781 695
902 619
914 681
982 767
653 1272
896 869
922 863
1100 858
1074 899
1030 1046
1086 1057
1195 1010
1291 940
1201 1082
1438 983
1475 961
1638 969
1431 1078
1427 1164
1729 1027
1680 1054
1632 1121
1569 1167
1624 1155
1580 1183
1781 1118
1141 1772
1802 1193
1810 1196
1709 1306
1650 1451
1745 1713
1842 1688
411685623 1076394345
1
sift 157
364 436
125 97
24 15
121 113
165 175
131 148
209 188
234 229
318 146
225 361
243 217
350 331
413 276
475 517
436 363
464 469
372 522
511 518
422 459
633 431
462 428
459 576
498 504
559 619
492 515
588 795
584 467
634 742
578 472
731 694
631 553
672 705
597 636
773 663
651 635
904 570
711 599
769 813
736 615
714 718
635 766
683 989
737 679
744 770
944 568
837 834
848 605
967 637
824 626
830 865
794 671
779 960
659 815
964 908
762 722
752 1183
639 867
833 1149
859 666
1048 1007
858 683
966 1124
853 701
1053 1111
802 773
1182 1037
962 664
1176 1065
1065 697
1170 1272
1117 693
957 1680
1023 796
1487 1231
1072 783
1034 1603
1644 622
1160 1599
861 991
1219 1664
1237 756
1534 1633
930 928
1829 1384
822 1078
1245 765
1396 723
1251 786
1113 863
981 972
914 1052
890 1080
1069 920
829 1176
1090 914
1029 964
958 1050
916 1158
1050 1034
1136 966
854 1233
1055 1053
1330 861
1218 923
988 1144
1320 931
960 1228
1132 1105
1347 948
1382 963
1279 1025
883 1584
1109 1235
1400 1042
1230 1145
1254 1132
1301 1109
1259 1141
899 1655
1521 1056
1407 1138
1184 1304
1012 1585
1281 1224
1545 1125
1713 1047
1106 1493
1657 1089
1198 1374
1671 1101
1610 1150
1612 1163
1528 1204
1576 1201
1114 1657
1386 1334
1747 1156
1285 1472
1553 1263
1250 1538
1512 1289
1617 1232
1317 1460
1289 1542
1721 1273
1746 1258
1549 1424
1706 1335
1457 1578
1582 1484
1760 1407
1629 1549
1701 1626
1828 1551
1695 1690
1851 1614
1853 1616
411685623 1203176847
1
sift 304
99 62
18 13
98 67
24 19
83 94
33 27
121 77
36 28
104 87
82 57
125 86
127 102
131 100
150 101
152 122
172 97
237 183
162 114
225 196
165 149
249 195
175 147
269 217
234 159
324 245
227 193
341 256
230 221
352 255
232 243
350 268
280 200
334 313
242 238
401 277
284 226
365 315
304 220
481 297
316 209
392 326
312 251
418 402
247 506
459 407
320 349
511 448
362 302
509 424
372 331
587 455
380 322
637 372
404 328
516 583
421 312
558 443
399 344
630 490
464 284
627 504
438 363
669 527
451 367
544 589
422 388
634 554
452 383
731 487
498 373
602 594
442 411
664 581
497 425
683 586
492 435
628 659
505 438
760 611
470 496
769 584
473 488
773 617
477 530
705 671
490 518
830 619
499 517
779 689
487 549
837 717
650 421
966 654
571 545
866 723
680 511
1105 755
758 468
964 859
695 508
1026 790
904 413
1053 816
658 547
1033 802
672 542
1243 849
886 430
955 853
638 578
1169 949
711 557
1170 766
706 570
1178 943
620 630
1008 1002
618 646
791 1678
703 600
1238 839
684 634
1214 990
744 623
1487 775
1088 498
1346 958
739 649
1303 915
800 629
1137 1144
967 555
1358 975
784 652
1228 1123
717 735
1404 1003
674 768
1410 1102
819 661
1497 1095
851 653
1365 1175
907 635
1755 1049
795 743
1325 1319
874 705
1637 1161
848 741
1830 1210
986 678
1534 1278
792 819
1733 1328
920 718
1658 1442
752 899
1829 1276
1052 660
1737 1378
981 698
1614 1490
992 699
1698 1555
759 917
1682 1717
714 1011
1827 1594
824 814
1825 1801
936 750
983 736
807 883
1034 720
890 792
854 827
958 759
809 913
864 823
1068 729
840 861
859 837
962 781
1021 770
1048 797
945 877
1055 826
822 1082
844 1036
1093 815
911 974
1192 786
1095 840
1104 841
970 995
1041 926
877 1131
1196 852
1050 977
1114 947
1072 984
1090 985
858 1223
1536 776
1032 1056
813 1397
1044 1061
1198 934
912 1201
1219 929
1319 881
1295 906
1176 999
1331 897
1565 807
1339 894
1366 879
1249 951
1259 959
1468 863
1250 1014
1342 945
1106 1156
1101 1162
1102 1172
1290 1024
1575 886
1334 992
1326 1007
1132 1176
1484 939
1289 1041
1314 1032
1317 1058
1117 1240
1476 988
1251 1134
1703 908
1227 1168
1278 1141
1301 1139
1344 1117
1218 1213
1311 1152
1396 1122
1576 1107
1230 1323
1729 1052
1424 1224
1273 1345
1154 1574
1590 1178
1634 1150
1092 1765
1237 1486
1302 1405
1413 1297
1540 1234
1748 1132
1520 1269
1541 1255
1478 1314
1558 1281
1474 1348
1158 1816
1451 1439
1805 1193
1587 1332
1500 1424
1602 1335
1764 1233
1673 1294
1562 1408
1835 1199
1715 1299
1578 1434
1312 1739
1591 1436
1775 1303
1759 1318
1612 1497
1494 1684
1438 1755
1649 1545
1809 1342
1657 1576
1671 1551
1678 1578
1631 1667
1667 1648
1769 1571
1572 1799
1683 1695
1568 1844
1804 1606
1818 1604
1724 1774
1851 1487
1807 1722
1735 1846
1859 1544
1828 1856
1791 1966
411685623 1228518096
1
sift 598
8 1
48 37
3 0
134 112
83 50
20 12
187 168
78 63
21 15
244 195
82 59
23 19
272 290
98 76
25 21
364 334
92 61
27 25
403 313
104 81
38 31
531 286
117 89
44 39
400 400
120 92
59 42
1188 511
109 96
55 52
832 777
131 98
69 46
1013 978
125 106
70 48
808 1696
140 124
67 53
1369 1174
152 142
79 77
1349 1600
161 144
86 78
1803 1209
204 151
93 69
1762 1661
196 176
97 85
1447 1519
192 183
127 71
225 194
106 100
1570 1673
258 211
111 114
249 225
133 102
212 254
96 167
269 215
128 121
234 242
129 109
289 208
115 139
222 265
132 133
282 232
141 107
291 272
122 153
302 275
147 116
324 298
135 138
345 307
148 136
341 316
130 162
377 292
164 178
352 330
174 172
384 302
165 187
350 347
218 166
365 329
273 145
382 328
309 147
418 356
202 207
381 336
172 252
401 371
205 213
496 306
227 197
407 380
217 212
380 405
220 218
431 396
242 226
429 397
267 234
448 407
263 235
506 370
257 247
459 429
256 268
475 434
317 219
466 480
280 260
464 483
285 257
509 476
228 341
544 477
297 267
511 532
246 331
603 424
304 261
558 536
219 392
610 496
300 305
587 527
296 343
788 416
327 294
542 597
306 322
602 531
320 304
666 512
321 318
634 541
378 279
628 587
441 246
697 515
332 339
630 603
358 323
669 602
335 359
664 616
343 358
655 637
323 378
627 704
356 353
637 703
366 357
683 786
393 345
760 707
376 361
921 605
372 368
917 610
360 389
732 772
399 367
720 793
421 352
768 752
477 319
761 748
390 399
779 775
362 444
800 718
439 366
866 691
386 418
726 843
370 457
632 1007
422 403
604 1048
462 379
839 736
408 431
924 695
413 442
769 839
424 450
1008 731
342 607
957 796
371 545
840 861
444 425
966 834
438 456
1026 817
443 454
830 1001
375 557
1078 835
469 436
915 956
487 421
955 967
453 458
1053 993
406 548
1118 905
490 428
1160 940
412 542
1035 1000
457 482
1137 973
426 528
964 1161
473 474
1294 890
451 503
1370 869
601 382
1033 1171
482 490
1228 998
571 401
1105 1115
492 478
1088 1134
493 489
1248 996
498 487
1178 1079
505 484
1169 1179
519 469
904 1446
480 521
1346 1049
548 447
1324 1069
430 589
925 1566
495 506
1219 1227
555 443
1238 1238
504 513
1277 1223
445 579
1603 1061
486 547
1290 1268
551 492
1460 1177
463 595
1497 1215
583 479
1593 1193
682 420
1345 1337
520 555
1182 1562
526 577
1793 1144
450 710
1365 1468
535 590
1534 1506
541 583
1637 1534
636 535
1634 1501
529 662
1604 1678
645 544
1755 1541
654 539
1614 1799
562 619
1735 1762
584 627
1825 1635
676 564
1692 1931
606 628
706 553
640 620
620 650
597 678
671 611
578 712
709 598
574 735
674 644
688 639
641 694
650 687
600 754
631 724
707 667
635 757
567 856
659 739
693 702
759 673
703 743
660 810
692 771
752 727
807 682
826 659
743 751
711 792
685 822
727 774
680 829
725 785
782 715
795 713
799 709
742 782
653 895
684 862
770 773
749 808
736 824
737 828
784 780
858 728
821 784
809 814
822 802
781 849
932 741
829 826
746 936
815 857
745 966
945 765
772 918
900 812
805 896
864 838
802 904
842 874
762 1017
879 851
721 1114
860 863
972 811
796 980
776 1032
857 903
877 906
859 917
918 881
953 868
929 886
854 947
872 928
950 883
874 942
961 880
916 919
852 987
851 992
907 943
794 1168
843 1038
920 951
1036 878
890 1004
883 1025
1006 912
848 1073
1012 913
896 1034
824 1175
853 1102
1015 931
827 1204
970 997
885 1106
978 1002
1044 941
1101 908
914 1092
947 1054
1020 971
988 1018
983 1021
958 1055
844 1243
1047 981
1093 955
1034 1011
928 1137
1019 1036
1017 1047
968 1094
901 1201
867 1289
981 1138
1032 1090
1177 963
1050 1084
962 1189
1100 1043
911 1280
1085 1071
1074 1081
1018 1162
1023 1154
1070 1104
1171 1027
1150 1053
1227 1010
930 1343
951 1329
982 1293
1055 1220
942 1340
1067 1211
1260 1023
1007 1298
944 1373
1086 1217
1110 1230
1132 1206
1333 1015
1114 1233
1205 1118
1087 1253
1082 1262
1215 1131
1041 1317
1195 1183
1029 1354
1233 1159
973 1443
1273 1111
1312 1087
1201 1218
1196 1242
1287 1166
1197 1250
1065 1391
1072 1415
1090 1396
1302 1200
1163 1320
1200 1299
1103 1404
1096 1412
1278 1241
1191 1322
1117 1418
1052 1528
1236 1312
984 1730
990 1765
1310 1281
1102 1539
1135 1467
1281 1306
1225 1360
1207 1385
1220 1369
1564 1135
1198 1410
1250 1361
1577 1157
1413 1252
1301 1332
1264 1370
1432 1272
1149 1571
1445 1278
1187 1521
1317 1350
1285 1414
1174 1591
1558 1269
1400 1358
1366 1400
1311 1453
1306 1475
1515 1330
1252 1572
1226 1627
1454 1371
1295 1525
1322 1492
1571 1334
1476 1402
1511 1387
1237 1705
1598 1342
1384 1510
1352 1565
1382 1548
1318 1626
1499 1445
1331 1620
1572 1397
1300 1690
1478 1478
1232 1823
1650 1365
1254 1797
1426 1584
1406 1595
1439 1576
1556 1454
1495 1514
1422 1590
1323 1704
1457 1574
1389 1674
1461 1609
1673 1398
1503 1563
1431 1653
1551 1535
1481 1592
1379 1741
1591 1511
1592 1508
1435 1685
1817 1335
1562 1586
1473 1679
1521 1638
1411 1772
1462 1767
1796 1403
1380 1869
1485 1749
1706 1498
1616 1628
1701 1533
1465 1821
1664 1642
1605 1718
1573 1768
1804 1491
1618 1719
1646 1698
1471 1908
1474 1919
1579 1812
1686 1672
1581 1839
1574 1844
1649 1780
1671 1735
1748 1669
1602 1860
1611 1872
1638 1852
1685 1790
1772 1682
1715 1756
1621 1882
1594 1907
1834 1580
1751 1712
1744 1746
1695 1824
1612 1928
1801 1695
1707 1848
1712 1846
1663 1916
1697 1870
1657 1930
1729 1854
1705 1921
1688 1964
1713 1957
1842 1786
1769 1933
1781 1925
1831 1850
1776 1951
1836 1927
1851 1959
1859 1961
411685623 1305823326
1
sift 61
324 215
234 127
683 429
350 249
509 332
399 253
634 500
616 266
637 356
492 353
830 477
627 369
602 457
672 377
837 583
967 320
731 434
631 514
779 650
834 425
760 495
744 480
1365 531
699 573
1040 527
620 664
965 683
890 566
955 606
763 763
879 690
1243 597
1162 586
859 757
1755 525
907 744
792 870
1008 794
1041 727
1068 766
1335 725
1090 844
1576 749
1325 854
1301 796
1132 949
1534 998
1326 968
1065 1203
1640 962
1631 936
1664 921
1733 934
1649 959
1698 956
1614 1179
1158 1483
1176 1465
1499 1457
1471 1644
1828 1449
411685623 1358582240
1
sift 374
134 125
48 53
23 16
187 169
83 49
25 22
244 179
117 95
38 33
272 263
127 81
46 51
364 236
109 112
49 55
531 235
104 121
59 52
400 398
131 126
45 78
1188 506
152 139
69 54
804 725
225 203
67 75
808 806
170 176
93 89
1013 933
237 216
101 124
1392 942
227 198
111 136
249 219
126 212
1803 1203
302 205
174 173
269 238
141 259
234 265
219 183
289 228
242 180
320 244
263 174
341 313
251 260
284 295
297 227
324 339
256 262
290 406
304 245
350 325
296 267
345 363
338 254
365 336
257 391
391 345
332 307
382 387
366 287
401 374
321 360
418 366
477 269
407 417
327 381
429 437
335 380
709 289
372 334
509 465
399 333
544 443
393 347
481 561
361 415
464 538
422 354
543 508
413 379
610 473
356 455
559 525
397 428
674 461
445 385
595 518
370 460
699 464
406 459
602 522
480 413
628 532
371 554
587 588
482 440
596 582
436 492
627 604
457 503
948 436
452 505
637 608
492 458
664 594
498 468
633 620
505 463
655 717
444 547
630 748
458 536
732 680
497 497
726 686
620 420
1026 572
548 482
849 658
619 442
744 733
590 491
760 864
643 469
761 844
599 513
866 782
535 601
957 770
813 431
830 897
586 548
1160 759
631 550
845 929
811 453
1034 858
584 607
925 1027
759 496
1176 813
640 567
964 1012
727 523
1048 941
427 1041
955 1065
716 579
1137 1032
578 719
1335 886
859 528
1324 983
574 734
1053 1247
688 640
1105 1234
611 727
1793 857
854 565
831 1788
711 669
1534 1019
660 721
967 1560
742 651
1733 1060
765 638
1410 1248
650 750
1238 1388
736 679
1303 1414
593 838
1179 1621
823 660
1615 1233
684 809
1404 1438
743 765
1370 1421
762 745
1345 1519
692 829
1219 1733
802 742
745 835
1541 1579
805 781
815 767
1319 1938
842 761
970 690
939 718
890 751
950 732
858 805
874 803
877 811
730 1037
852 836
781 924
895 819
892 826
1131 715
945 827
1093 775
695 1209
1096 789
1047 821
937 884
848 976
927 923
991 888
851 1031
1065 842
896 995
947 970
1050 891
847 1114
1117 881
958 1004
1147 871
853 1142
1063 944
1103 916
998 1028
962 1056
1090 950
1017 1023
888 1149
1019 1024
1041 1021
907 1158
1027 1045
1114 988
1706 773
913 1222
930 1207
1043 1082
1107 1050
1478 843
1044 1119
1055 1116
1260 957
1199 1014
1133 1067
1237 984
1230 996
1112 1095
981 1227
1317 937
1586 851
1072 1172
1352 947
1400 927
1074 1186
1342 971
1250 1064
1086 1216
986 1334
944 1406
1191 1128
1167 1167
1289 1078
1071 1283
1198 1185
1300 1105
1061 1331
1413 1058
1109 1297
1663 946
1264 1160
1438 1061
1201 1226
1007 1466
1374 1107
1309 1153
1330 1156
1671 1005
1038 1479
979 1639
1471 1123
1499 1113
1225 1289
1447 1146
1457 1141
1323 1218
1501 1139
1322 1238
1570 1118
1254 1333
1196 1424
1396 1249
1631 1138
1556 1188
1052 1713
1411 1272
1540 1232
1379 1324
1605 1205
1399 1327
1163 1640
1380 1366
1482 1299
1255 1522
1461 1343
1270 1528
1184 1681
1612 1270
1295 1507
1220 1634
1382 1458
1683 1259
1657 1306
1606 1346
1592 1356
1426 1482
1582 1384
1672 1323
1401 1533
1474 1477
1465 1491
1286 1695
1613 1394
1558 1440
1564 1436
1406 1567
1589 1419
1444 1539
1617 1404
1328 1673
1476 1529
1674 1371
1616 1435
1713 1363
1462 1586
1388 1685
1667 1433
1623 1480
1619 1546
1431 1800
1484 1745
1633 1584
1649 1580
1818 1430
1701 1559
1646 1671
1801 1500
1629 1692
1481 1853
1812 1476
1833 1465
1548 1861
1523 1883
1716 1670
1834 1517
1747 1665
1831 1543
1724 1768
1828 1623
1841 1616
1769 1776
1851 1549
1710 1924
1776 1915
1611 1948
411685623 1430327691
1
sift 323
83 40
25 21
104 80
65 55
117 85
93 75
131 106
133 107
152 112
141 143
174 137
129 179
191 133
128 225
225 135
242 189
289 145
263 186
249 160
306 168
282 155
234 240
269 167
256 229
237 231
297 224
284 241
304 270
384 198
291 278
324 257
321 327
341 262
332 323
345 260
366 302
365 266
372 317
382 265
393 315
418 277
376 344
407 307
343 419
429 333
422 325
475 312
399 361
446 337
487 341
509 416
361 500
544 414
505 400
637 366
504 401
610 388
444 484
674 453
480 467
628 489
406 578
699 513
445 554
655 547
413 608
726 538
371 909
849 482
498 597
866 545
427 747
760 606
606 509
905 540
497 690
845 717
706 524
957 753
620 579
955 862
535 664
890 899
693 528
1137 759
484 799
1035 796
529 706
1179 865
759 522
1053 974
707 590
1324 819
631 640
1034 989
578 726
1033 1077
749 591
1460 867
703 629
1182 1113
675 659
1230 980
799 605
1793 840
689 674
1048 1150
716 654
1497 982
651 728
1236 1079
574 870
1238 1285
635 839
1219 1110
692 768
1040 1615
742 734
1176 1268
680 802
1593 1131
807 676
1684 1093
854 639
1534 1347
816 694
1825 1262
945 623
1614 1763
829 688
1755 1730
1012 620
822 756
895 720
737 961
1006 718
781 939
879 798
916 783
684 1139
954 786
719 1112
860 887
858 907
884 882
852 925
877 908
685 1277
660 1381
883 918
805 1031
874 949
950 879
1101 777
859 965
1036 811
1139 764
949 916
1020 868
1032 872
1047 869
730 1358
872 1016
1085 861
896 1010
936 994
947 986
1093 894
1018 946
1131 895
919 1051
1187 874
1044 969
848 1223
920 1111
958 1058
1227 880
794 1435
993 1064
1333 852
907 1219
962 1137
927 1225
978 1168
998 1173
1067 1087
1081 1084
1273 968
1153 1049
1114 1089
914 1357
1207 1035
853 1478
1071 1184
1017 1260
1055 1256
1050 1276
1096 1233
1086 1271
1174 1174
1520 964
1163 1254
1439 1026
981 1475
1366 1061
1223 1204
815 2024
1197 1258
1043 1438
1289 1166
1065 1426
1224 1248
1191 1324
1135 1400
1196 1330
1041 1492
1478 1117
1087 1479
973 1686
1198 1418
1100 1527
1445 1236
1264 1389
913 2047
1201 1460
1200 1465
1019 1732
1435 1294
1540 1232
1007 1857
1413 1321
1359 1378
1111 1699
1564 1274
1600 1273
1311 1469
1342 1455
1627 1287
1529 1350
1511 1362
1322 1480
1799 1165
1250 1548
1585 1323
1572 1345
1551 1383
1313 1513
1476 1454
1662 1342
967 2391
1789 1270
1328 1597
1245 1776
1254 1755
1574 1458
1457 1524
1605 1443
1237 1850
1728 1386
1384 1631
1295 1769
1461 1612
1482 1607
1390 1713
1492 1623
1592 1530
1499 1628
1255 1991
1330 1881
1542 1649
1411 1801
1602 1585
1748 1490
1380 1910
1558 1705
1573 1685
1616 1643
1308 2092
1664 1606
1606 1670
1804 1491
1643 1665
1646 1677
1712 1601
1503 1861
1426 1964
1617 1717
1743 1583
1554 1876
1594 1856
1382 2185
1801 1604
1474 2098
1695 1781
1399 2277
1644 1925
1618 1956
1466 2225
1667 1919
1623 2020
1612 2067
1578 2161
1655 2049
1622 2105
1431 2409
1462 2388
1657 2144
1631 2220
1701 2123
1781 1996
1742 2223
1797 2132
1769 2200
1683 2378
1725 2331
1812 2231
1834 2166
1776 2350
1764 2404
1842 2327
1828 2403
1710 2455
1851 2395
411685623 1689478995
1
sift 117
83 71
126 48
109 58
104 65
125 68
150 94
481 264
131 67
152 96
294 98
511 372
234 122
238 134
275 179
587 353
225 146
269 154
321 176
634 411
329 180
324 194
285 216
683 453
341 204
350 269
320 238
830 504
401 248
429 309
464 225
966 473
418 335
459 322
422 331
779 569
616 268
509 297
470 349
837 563
516 300
558 329
492 333
833 589
604 296
637 311
519 362
965 729
609 364
726 342
571 408
1365 659
498 481
655 427
672 399
1785 708
627 450
905 370
713 495
1829 790
628 483
699 476
763 553
760 458
731 479
890 547
610 590
1026 460
873 574
1040 486
1053 526
1126 566
1229 508
955 570
882 724
1008 568
1033 567
1219 600
1182 575
1169 616
1196 622
1162 635
1335 593
1278 617
1438 649
1325 687
1634 662
1647 674
1497 793
1090 869
1302 791
1830 756
1301 803
1320 800
1698 836
1072 1024
1427 854
1614 910
1312 928
1279 975
1640 942
1579 876
1662 887
1733 959
1759 867
1775 886
1534 1064
1176 1391
1793 937
1825 1117
1689 1017
1804 989
1573 1273
1796 1114
1828 1194
1612 1431
1719 1396
1688 1731
411685623 1788219329
1
sift 374
10 5
15 441
20 17
90 116
48 60
23 18
134 110
83 54
25 24
158 170
117 98
38 38
187 161
109 107
19 1475
531 168
104 114
42 52
400 406
131 113
46 55
804 673
152 130
59 62
808 694
192 174
45 83
1013 909
170 159
69 63
1559 937
225 208
67 76
1369 1391
227 192
93 87
238 213
111 125
249 210
174 165
282 204
306 138
234 256
141 285
269 240
242 162
302 227
263 154
289 241
297 222
320 230
296 237
208 506
246 278
284 299
304 269
324 329
338 254
290 385
378 242
350 307
367 249
341 331
332 290
365 340
366 277
391 387
321 348
382 393
335 353
418 382
462 264
407 420
362 320
475 368
477 263
429 421
327 372
459 436
393 304
431 527
399 322
448 540
409 335
544 451
372 388
509 497
361 403
481 535
412 354
543 525
508 291
558 514
445 345
595 533
422 360
628 530
370 428
714 478
413 411
633 587
376 485
596 612
371 516
664 578
405 474
637 598
709 287
602 620
480 404
587 638
505 390
655 650
482 429
744 566
436 467
630 677
438 480
669 679
473 465
683 727
497 442
726 746
457 512
760 732
444 524
1008 599
471 523
779 723
458 532
837 689
643 399
732 824
486 519
957 748
611 423
830 842
548 501
1235 688
620 443
866 887
584 507
1078 770
599 528
833 968
631 511
845 957
674 499
1160 777
759 457
1033 852
651 560
925 945
727 531
708 1343
676 575
1277 806
635 623
955 1011
711 590
1137 900
795 547
1053 967
821 538
1343 912
578 699
1048 990
636 680
1179 1086
427 1262
967 1244
688 642
1324 1014
854 551
1034 1208
680 701
1105 1214
684 700
1026 1405
659 737
1404 1126
654 757
1541 1038
692 756
1238 1415
743 718
1793 1056
802 675
1534 1229
737 733
1497 1273
739 735
1303 1497
805 703
1370 1389
799 715
1358 1457
815 709
1345 1486
723 810
1460 1546
900 666
1348 1487
970 644
1684 1364
911 669
1410 1587
660 905
1637 1466
858 708
1792 1342
860 722
1363 1644
877 728
1634 1561
730 867
1733 1567
694 918
852 750
781 828
950 707
1071 664
817 801
890 751
874 763
796 859
851 797
1177 656
1333 618
775 921
1047 752
1065 749
907 822
848 882
1114 753
1093 764
936 845
1117 766
927 869
934 861
930 870
896 920
1132 793
958 890
939 904
1050 840
857 986
1090 821
1027 858
811 1096
991 895
853 1023
1237 790
962 929
1017 915
1218 813
1352 789
1259 815
1055 933
978 996
1043 950
1074 935
944 1063
1107 939
1072 962
1230 884
1312 855
1342 860
1059 1061
1330 880
1044 1077
1095 1050
1045 1105
1086 1094
1289 936
1301 941
1300 951
1471 891
1198 1034
1309 953
1019 1194
1197 1054
1366 949
1199 1074
1323 984
1191 1091
1133 1135
1038 1228
1308 1025
1402 973
1478 946
1196 1109
1396 985
1540 931
1281 1066
1311 1062
1121 1216
1413 1021
1245 1133
1222 1150
1671 944
1007 1469
1201 1198
1163 1250
1688 942
1499 1041
1264 1157
1528 1032
1295 1142
1220 1211
1631 1002
1464 1083
1501 1071
1029 1498
1606 1024
1605 1036
1400 1154
1052 1576
1683 1064
1439 1183
1255 1324
1461 1189
1254 1357
1367 1249
1657 1110
1382 1261
1406 1252
1695 1103
1612 1144
1570 1179
1616 1160
1589 1180
1674 1153
1672 1163
1519 1268
1384 1383
1613 1232
1426 1371
1617 1236
1386 1425
1558 1296
1399 1427
1662 1237
1747 1191
1542 1352
1327 1513
1602 1299
1465 1434
1582 1327
1523 1392
1286 1603
1457 1537
1748 1307
1462 1580
1633 1489
1715 1422
1647 1521
1804 1390
1708 1490
1545 1606
1835 1365
1583 1599
1776 1479
1833 1394
1724 1530
1831 1439
1828 1464
1760 1556
1759 1572
1710 1600
1713 1612
1805 1557
1812 1571
1851 1458
411685623 1799436415
1
sift 59
152 148
144 95
225 157
174 178
253 187
227 185
249 202
304 216
260 239
422 346
325 327
674 373
345 307
631 569
382 280
680 681
509 471
958 732
544 461
962 733
602 456
872 828
628 491
1017 800
849 403
981 880
699 505
815 1077
655 596
890 1004
669 619
1093 894
905 502
1035 901
839 532
1289 820
760 639
1034 1010
787 1052
1413 783
1137 764
1230 973
955 900
1191 1036
1179 824
1167 1192
1054 1348
1176 1298
1497 995
1330 1300
1335 1430
1426 1394
1534 1319
1832 1121
1363 1500
1845 1137
1641 1412
1716 1292
1629 1451
411685623 2014127030
1
sift 187
8 3
90 55
11 12
10 4
152 178
20 11
134 134
83 61
34 28
158 172
237 285
33 33
185 180
104 105
42 43
244 231
269 295
43 44
272 257
117 104
29 69
403 332
324 370
46 45
364 362
192 186
49 53
531 438
467 392
55 51
1013 770
249 225
67 66
1559 1020
587 623
65 72
1257 1262
225 283
87 70
1371 1231
655 666
79 85
401 292
126 64
866 582
89 90
382 357
97 79
1152 1187
82 123
341 390
111 84
1369 1308
86 121
407 415
128 88
115 109
544 575
129 108
141 113
610 592
146 111
132 141
906 482
144 133
151 158
760 682
176 138
156 208
1026 655
175 191
228 196
957 896
318 169
224 223
1247 865
215 259
227 256
1053 1032
199 300
285 228
1179 1082
275 242
298 222
1497 1121
327 204
303 245
340 218
369 233
321 277
356 260
332 287
375 270
374 275
291 409
378 317
376 349
426 325
438 316
373 382
501 314
386 402
520 323
493 351
1709 227
471 410
461 432
490 426
476 442
660 365
489 527
585 477
564 538
1071 372
734 457
586 576
622 556
688 522
676 531
653 638
692 606
785 545
569 734
920 498
783 559
740 612
654 687
781 605
793 607
780 616
860 577
678 709
873 596
918 579
834 645
858 631
626 875
682 782
914 640
809 728
922 703
896 733
1020 706
1060 712
1029 736
1184 702
1555 632
1074 784
1044 814
1086 832
821 1160
1195 822
1201 861
1196 905
1203 906
1180 986
1638 794
1646 805
1476 873
1321 938
1622 836
1427 923
1258 1058
1573 933
1821 819
1530 968
1588 959
1580 1005
1400 1097
1213 1257
1802 941
1474 1098
1494 1093
1297 1227
1648 1045
1782 996
1447 1175
1697 1089
1089 1516
1570 1188
1575 1192
1804 1176
1796 1218
1664 1333
1803 1370
1744 1481
1842 1427
411685623 2045004962
1
sift 266
48 41
23 20
83 47
38 30
71 102
42 50
98 95
82 73
104 92
93 75
120 116
127 67
131 113
129 129
125 166
128 139
152 143
165 187
196 181
174 195
237 173
204 168
225 184
227 208
261 190
234 288
289 175
283 209
249 247
172 404
324 315
280 258
384 280
297 260
341 313
291 301
345 322
320 276
365 336
424 230
382 319
366 310
418 326
372 344
401 392
332 395
407 406
381 341
431 419
399 364
429 430
362 469
475 432
361 473
544 477
444 393
459 466
422 425
787 379
439 431
509 463
487 409
602 530
548 369
628 524
413 489
559 594
482 451
542 624
426 502
655 571
480 468
726 536
406 579
699 559
464 501
849 491
492 487
630 610
443 612
683 621
606 465
866 592
706 467
732 703
676 483
760 696
445 783
839 627
620 529
637 859
529 683
837 744
674 561
779 842
535 778
1026 655
578 672
1160 650
597 687
833 841
799 548
955 809
631 667
957 832
821 562
964 848
593 827
632 1557
489 1178
966 876
689 721
1137 879
858 605
1053 988
692 825
1247 947
899 647
1345 950
641 913
830 1591
770 790
1497 963
916 685
1793 893
1020 653
1593 1018
950 694
1033 1505
879 736
1684 1297
860 762
1404 1219
684 979
1825 1315
893 771
1534 1415
1101 659
1365 1786
945 747
1637 1640
920 774
1733 1650
794 863
1792 1551
873 794
1755 1736
781 885
1640 1867
939 777
1830 1669
815 857
1044 727
805 902
1116 718
745 1009
852 858
1036 781
802 976
824 938
958 837
947 856
978 850
848 982
907 983
835 1065
1342 801
1312 819
1017 985
896 1101
1067 955
930 1073
1196 877
1209 887
1102 969
1034 1011
962 1100
981 1103
1197 970
1110 1064
985 1228
973 1248
1153 1076
1260 1008
1149 1093
1366 960
1200 1069
1230 1051
1070 1217
1107 1222
1219 1146
1577 957
1564 984
1501 1001
1445 1026
1413 1039
1309 1122
1195 1239
1048 1426
1360 1094
1551 1014
1198 1252
1218 1245
1259 1230
1133 1408
1096 1476
1503 1115
1439 1157
1041 1620
1201 1388
1019 1703
1285 1290
1220 1382
1384 1236
1255 1345
1176 1508
1804 1033
1544 1200
1619 1183
1317 1393
1117 1757
1558 1249
1662 1197
1602 1226
1457 1328
1431 1377
1481 1339
1236 1631
1517 1343
1482 1384
1402 1463
1605 1317
1649 1300
1494 1444
1485 1468
1646 1362
1295 1711
1642 1385
1664 1363
1708 1337
1715 1352
1573 1531
1262 1865
1570 1539
1578 1536
1634 1516
1628 1542
1667 1507
1348 1847
1702 1503
1318 1911
1748 1540
1775 1522
1638 1724
1833 1497
1553 1903
1697 1777
1582 1901
1831 1648
1841 1624
1776 1792
1781 1807
1842 1690
1764 1890
1745 1924
1848 1886
411685623 2130703568
1
sift 221
104 88
38 28
1447 1799
152 142
49 60
131 115
82 71
237 167
69 94
225 180
92 82
324 310
174 194
260 178
280 200
446 347
253 222
282 211
227 238
655 581
249 251
384 287
172 386
602 641
297 279
345 324
304 314
866 516
320 326
341 337
372 371
732 648
382 301
365 340
444 348
683 718
418 321
401 413
439 365
837 878
407 417
429 446
426 399
833 1040
433 394
459 472
487 375
779 1232
361 555
475 463
422 475
1160 871
482 470
610 402
406 586
964 1345
464 529
509 502
498 544
1593 889
480 559
544 523
606 465
1365 1814
463 656
849 482
676 509
703 551
595 669
658 592
600 707
1026 546
674 623
529 884
760 730
597 776
562 849
839 654
799 569
650 745
1054 771
743 646
578 882
957 834
759 644
689 741
955 839
640 818
659 824
1248 848
692 803
879 609
1040 977
811 717
807 728
1178 1205
680 870
631 968
1238 1188
860 681
1044 620
1497 1192
961 674
711 954
1460 1218
770 881
826 835
1825 1392
1036 696
781 907
899 822
684 1215
702 1180
929 828
745 1089
1088 761
854 900
971 830
873 901
794 1067
978 857
852 970
815 1041
1101 812
919 918
916 931
1146 808
829 1066
958 946
962 981
853 1145
877 1114
1039 944
1034 967
1187 872
1017 1030
1032 1053
1114 1006
890 1280
1196 959
914 1288
1068 1105
1175 1018
1035 1176
1074 1154
1154 1056
922 1351
885 1423
1086 1193
928 1380
1273 1021
1278 1028
1197 1131
1432 988
1131 1255
1200 1195
1331 1074
973 1466
1260 1171
1219 1208
1366 1135
1302 1199
1163 1324
931 1726
1445 1138
1289 1249
1167 1398
1286 1315
1439 1229
1107 1584
1215 1422
1110 1613
1551 1214
1230 1430
1311 1348
1577 1210
1201 1480
1195 1504
1287 1402
1804 1111
1478 1318
1306 1454
1252 1525
1328 1429
1344 1434
1539 1338
1134 1864
1255 1676
1717 1293
1646 1365
1250 1770
1388 1605
1617 1413
1474 1551
1254 1908
1558 1566
1649 1526
1191 2026
1220 2005
1430 1793
1517 1744
1406 1872
1411 1881
1494 1788
1616 1685
1809 1469
1602 1717
1580 1758
1618 1743
1588 1890
1638 1825
1380 2028
1581 1939
1715 1781
1801 1797
1764 1885
1834 1773
1724 1957
1842 1790
1831 1962
1818 2022
411685623 2146998783
1
sift 390
134 133
84 72
23 13
158 159
77 75
25 19
185 164
104 99
38 35
244 199
125 175
49 51
272 269
131 116
82 76
531 246
275 240
92 82
364 342
152 151
93 90
1188 462
316 284
79 113
808 967
193 174
128 77
1369 1087
334 402
129 86
1013 937
184 181
141 89
431 471
111 111
192 178
119 118
511 673
122 120
225 204
151 101
587 600
148 112
289 206
124 144
732 694
204 137
253 231
165 182
683 848
217 146
269 224
174 180
966 842
309 141
283 256
172 225
833 1045
205 202
299 328
230 185
830 1245
202 221
324 316
219 215
964 1135
257 213
341 321
321 189
231 261
345 331
280 237
290 259
365 352
297 271
285 285
384 338
304 273
327 249
382 349
279 319
300 294
350 449
296 330
379 251
401 382
317 312
348 297
418 375
320 323
358 295
407 435
335 322
381 302
446 417
314 381
306 397
429 456
332 372
376 336
516 395
366 358
477 286
459 486
370 363
393 354
509 484
512 287
426 334
637 422
399 366
372 387
544 502
361 453
501 327
558 548
380 437
362 468
630 568
490 341
444 376
628 578
416 425
506 353
669 581
519 350
548 357
602 646
422 460
462 432
655 615
487 416
482 428
849 516
458 447
331 677
666 660
464 470
443 490
726 610
480 476
463 506
699 630
430 604
677 443
866 616
584 503
445 698
905 620
404 869
756 474
769 804
562 588
581 567
839 722
645 525
650 546
957 802
574 627
597 608
955 834
863 473
749 517
1011 867
619 601
600 641
1229 741
539 754
674 579
1248 806
676 632
680 670
1053 953
692 674
660 710
1026 989
620 755
799 606
1105 941
759 640
743 652
1682 836
860 564
688 704
1238 1039
829 585
782 637
1033 1272
711 702
767 676
1169 1149
976 555
807 658
1179 1165
770 687
672 783
1593 968
795 675
794 678
1137 1400
684 786
685 850
1497 1075
737 791
781 752
1410 1210
785 758
1555 523
1793 1072
936 684
854 747
1603 1348
752 893
802 820
1755 1281
961 690
873 750
1825 1479
939 713
893 739
1830 1580
696 1012
857 761
805 858
1088 669
815 845
780 897
947 733
972 721
900 775
1036 706
848 821
920 768
821 878
1044 709
872 838
852 854
992 771
853 886
945 826
958 812
809 997
901 882
851 915
879 903
1124 756
896 910
824 1013
1020 829
978 890
678 1461
727 1316
928 940
1055 855
888 993
907 983
1047 874
1007 919
1101 876
859 1069
962 981
1017 943
1146 864
1163 879
1035 954
1074 933
922 1063
1342 803
988 1042
858 1212
1070 988
867 1200
1087 982
973 1065
1068 1014
1196 923
985 1093
1086 1025
1030 1104
1034 1112
1102 1059
1200 991
942 1251
1048 1111
1339 901
1278 951
1445 889
1285 972
1408 909
1134 1086
1302 973
1133 1096
1192 1046
981 1287
1450 918
970 1336
1052 1224
1289 1011
1219 1055
1310 1017
1333 1018
1327 1031
956 1465
1167 1180
1312 1054
1255 1099
1581 950
1096 1285
1041 1379
1311 1082
1503 1006
1201 1202
1027 1447
1384 1060
1374 1066
1197 1254
1366 1106
1245 1219
1230 1275
1273 1229
1287 1215
1317 1186
1462 1105
1198 1343
1252 1282
1551 1078
1254 1307
1259 1309
1439 1162
1473 1150
1431 1167
1176 1436
1295 1301
1250 1399
1438 1222
1539 1168
1577 1157
1388 1286
1558 1191
1485 1243
1220 1500
1646 1156
1430 1300
1489 1255
1373 1351
1680 1140
1673 1155
1322 1418
1568 1260
1474 1349
1570 1271
1693 1173
1314 1484
1367 1448
1556 1337
1554 1365
1579 1328
1580 1339
1634 1313
1481 1430
1804 1172
1602 1350
1494 1446
1461 1486
1638 1358
1492 1463
1318 1602
1610 1398
1811 1216
1803 1233
1707 1320
1591 1416
1649 1444
1573 1509
1764 1391
1715 1421
1820 1329
1767 1413
1628 1546
1717 1467
1711 1505
1815 1411
1616 1600
1704 1567
1805 1478
1791 1504
1837 1440
1620 1616
1821 1541
1802 1590
