454164500 874093608
1
sift 268
152 177
258 239
9 18
790 942
26 28
907 976
24 30
33 35
62 69
54 84
76 98
122 96
97 129
105 119
102 128
98 151
118 135
134 167
154 183
153 260
156 249
184 219
191 224
160 290
171 257
169 280
196 245
206 254
170 292
187 271
277 213
217 304
195 403
262 317
297 294
236 379
234 402
306 324
232 430
293 360
320 345
268 413
295 411
241 495
233 553
286 444
334 401
284 481
315 467
333 447
355 448
384 427
393 422
354 456
489 383
305 626
414 433
294 718
357 537
445 458
356 580
338 681
495 441
446 485
367 624
361 650
457 496
473 493
382 638
429 578
398 664
485 535
465 573
530 508
512 538
417 676
456 604
471 615
401 763
437 695
509 572
460 658
464 655
454 721
506 625
458 714
488 686
516 656
586 560
578 568
524 689
497 730
539 659
555 630
513 728
540 672
631 554
569 634
490 874
655 571
532 800
559 762
494 971
605 706
527 924
628 702
587 814
455 1273
554 907
474 1283
642 724
571 879
645 727
651 723
589 918
716 709
623 825
603 883
673 771
721 734
580 988
638 842
648 838
568 1023
653 837
697 809
533 1305
610 954
621 961
661 906
671 899
676 902
703 884
735 840
725 863
690 930
780 789
782 813
691 937
746 869
640 1030
814 777
734 910
753 886
775 853
731 947
681 1018
694 1008
639 1123
710 993
672 1055
750 945
701 1017
829 833
674 1069
766 934
739 987
810 889
757 967
787 941
770 970
748 1019
758 999
737 1061
881 854
789 979
695 1213
857 917
598 1545
791 1002
795 1052
773 1101
609 1567
852 982
686 1376
805 1089
841 1048
802 1114
720 1346
755 1245
993 912
864 1010
821 1140
975 955
827 1148
846 1121
765 1306
869 1102
886 1085
906 1086
1028 973
882 1143
880 1161
916 1126
848 1254
825 1313
1029 1004
858 1240
885 1197
983 1066
859 1257
833 1321
966 1118
813 1429
1103 989
876 1282
1056 1037
1010 1082
929 1228
909 1260
867 1307
843 1381
837 1397
971 1151
964 1178
945 1243
901 1343
923 1315
1063 1091
968 1267
976 1250
1014 1226
939 1374
883 1461
1168 1063
1059 1202
1083 1155
874 1509
1082 1205
1040 1275
1090 1222
1046 1297
1170 1147
1160 1177
1147 1214
1012 1428
1084 1299
1150 1251
1141 1280
1164 1239
961 1544
1110 1347
997 1524
1092 1390
1013 1539
1108 1417
1033 1532
1214 1256
1186 1291
1123 1419
1112 1456
1121 1453
1165 1382
1061 1531
1072 1511
1172 1377
1226 1294
1152 1435
1196 1362
1126 1529
1208 1437
1194 1473
1249 1387
1140 1566
1192 1521
1256 1481
1252 1536
1269 1526
454164500 1146127176
1
sift 65
18 19
201 169
239 247
290 264
307 314
354 287
404 279
338 332
329 357
384 356
426 351
446 381
461 384
414 421
366 484
464 406
423 447
511 483
598 451
521 542
566 487
642 448
744 441
578 538
531 640
437 853
645 512
639 539
572 632
568 636
681 552
651 585
615 655
711 616
658 678
750 618
746 634
719 696
654 776
782 740
791 733
987 639
810 778
826 772
972 712
852 845
906 822
814 930
732 1177
829 985
1007 828
1031 856
821 1105
1064 896
874 1119
1103 877
1010 979
1111 939
1086 1011
1063 1079
1252 913
1191 1009
1214 1067
1169 1135
1202 1165
454164500 1279412758
1
sift 130
210 224
33 35
189 251
62 50
224 235
67 120
242 243
122 93
314 327
97 141
733 965
102 146
792 1037
109 166
767 1196
134 144
1260 1578
191 200
153 277
162 286
196 262
206 270
261 274
297 309
241 382
267 437
280 464
326 405
329 427
441 348
332 431
393 376
293 510
414 410
336 530
355 496
309 610
521 385
457 420
384 495
398 491
383 504
447 487
402 575
446 542
463 579
437 631
507 555
529 543
417 676
424 682
330 1053
444 707
460 706
440 749
578 577
575 586
488 711
513 714
474 787
554 669
465 844
527 745
490 903
606 700
459 1094
532 917
642 720
539 1026
568 944
609 871
628 851
520 1226
663 846
589 1032
597 986
829 775
795 841
766 894
826 832
749 951
648 1105
623 1229
748 987
604 1400
753 1049
691 1178
638 1294
822 975
782 1040
694 1213
708 1249
689 1315
699 1298
653 1410
697 1330
781 1124
770 1147
1010 898
793 1138
725 1321
758 1248
909 1055
906 1075
1082 916
674 1582
802 1347
735 1520
1037 1060
842 1337
848 1380
859 1366
885 1361
813 1499
1229 1019
1086 1170
1013 1287
1069 1224
962 1401
1146 1182
929 1484
880 1602
1061 1394
1249 1281
1152 1466
1101 1541
1004 1655
1226 1449
1263 1432
1159 1632
454164500 1973424357
1
sift 148
18 23
33 36
55 61
97 76
154 97
171 142
201 156
187 169
184 211
206 196
239 173
293 180
221 264
281 249
234 292
306 244
290 269
250 356
354 262
329 289
267 416
338 336
344 333
465 253
334 377
356 328
336 372
384 302
393 310
539 242
325 446
429 345
414 359
446 338
296 723
422 397
401 421
440 390
376 517
590 298
506 375
509 379
454 452
464 474
586 357
566 395
577 389
521 466
485 530
621 388
488 529
511 519
638 392
691 368
531 551
578 493
497 703
674 430
671 434
575 570
642 494
699 489
598 622
640 554
697 515
615 628
681 613
672 635
663 647
695 621
648 689
645 698
651 720
734 629
568 905
814 582
883 522
639 795
700 764
827 607
782 667
749 717
864 589
572 1062
964 535
975 550
1019 538
976 592
605 1068
813 747
791 774
1108 576
841 773
902 769
1110 614
711 1037
1046 673
972 728
1056 680
721 1052
934 779
945 780
856 852
857 854
1084 705
906 859
802 974
891 879
1033 777
1112 740
1047 785
985 862
1190 732
992 865
852 1033
1041 845
829 1133
1063 841
988 919
1064 868
993 970
1220 798
1103 897
1029 969
1129 899
1232 808
977 1069
1242 815
1121 939
1092 966
1093 971
1083 989
1030 1113
867 1280
1191 934
1007 1181
1117 1036
1076 1076
1086 1094
1098 1108
1101 1129
1197 1044
1011 1262
1208 1079
1226 1130
1182 1178
1255 1179
1269 1045
