460401179 789706637
1
sift 84
225 139
104 38
928 364
304 274
100 79
259 140
157 103
476 215
165 144
257 179
202 162
327 448
298 172
309 217
233 314
417 383
328 263
437 246
326 272
935 510
352 308
520 549
406 293
1056 582
438 287
987 558
366 376
1300 1188
386 429
921 925
387 474
412 484
1070 853
532 342
485 447
1019 958
535 519
514 602
519 654
554 620
561 631
718 505
583 697
657 567
553 894
692 624
835 514
620 706
569 886
626 726
750 638
795 589
812 577
567 1063
900 522
647 755
859 559
637 843
596 1043
609 997
655 875
747 745
683 834
688 909
737 832
1044 586
823 814
766 935
689 1113
794 880
800 995
786 1015
1221 599
825 981
1015 736
938 808
732 1224
904 1032
1160 887
1098 1143
1141 1142
1066 1208
1279 1020
1239 1217
460401179 1064082008
1
sift 122
122 70
104 42
305 244
100 80
173 116
102 110
304 290
157 103
225 155
179 96
327 451
130 176
226 169
165 168
739 518
202 141
259 162
191 205
700 649
284 167
257 198
233 297
565 1057
309 236
437 272
367 217
935 537
271 300
520 543
328 249
982 560
326 274
987 647
351 256
1070 813
406 293
921 889
438 292
1019 967
380 353
352 402
404 349
384 384
381 394
365 434
387 484
430 464
399 490
470 419
532 366
386 559
485 435
498 448
897 309
513 497
524 500
535 488
519 529
499 645
522 641
561 585
629 496
643 587
754 508
569 799
692 596
718 569
704 610
709 607
620 721
553 923
889 483
728 600
662 698
835 540
795 574
812 562
571 942
750 659
747 667
609 882
647 818
904 551
746 719
655 830
859 612
634 880
683 800
669 819
820 680
688 834
900 637
719 837
737 822
823 752
696 920
789 847
721 959
766 919
1044 629
637 1177
1041 664
975 717
786 987
770 1100
920 855
800 1086
1017 815
973 870
938 936
843 1142
1221 744
886 1146
930 1068
872 1238
1159 938
1080 1089
1117 1158
1239 1050
1138 1178
991 1245
1215 1196
460401179 1347700863
1
sift 190
88 63
21 21
253 189
122 84
24 26
173 147
104 58
288 234
221 152
107 91
225 185
113 98
290 253
226 197
100 116
259 191
102 117
487 368
175 282
157 125
257 208
179 133
910 614
309 260
165 190
305 270
191 188
1076 821
304 296
215 199
331 304
207 214
437 313
299 164
476 281
271 194
520 563
284 198
616 445
298 213
722 390
269 256
700 556
275 268
739 643
280 283
1177 543
326 293
1038 618
351 279
987 724
307 332
921 974
328 310
1035 926
533 225
878 1227
278 388
1019 991
367 312
1070 980
438 295
1241 918
415 316
380 345
1151 1192
352 370
366 381
381 374
425 347
421 360
413 365
384 398
412 409
430 413
516 341
386 502
387 500
449 430
471 462
532 386
477 479
507 420
498 453
485 492
513 490
499 527
514 551
522 624
657 439
535 602
435 1023
519 669
574 566
591 539
752 442
543 693
547 699
629 538
569 663
583 639
561 702
575 676
762 509
640 625
571 783
808 524
643 662
617 726
728 600
651 694
642 710
718 634
738 646
709 682
648 763
698 727
720 706
655 800
599 914
769 681
618 871
690 775
692 772
704 764
637 850
672 819
683 815
662 844
835 674
609 959
688 829
670 864
719 804
747 803
737 828
867 731
812 792
721 903
701 971
794 840
696 1008
945 732
900 784
770 966
750 1004
765 1005
714 1118
861 885
800 987
753 1073
843 922
755 1085
816 988
749 1162
880 923
761 1183
789 1129
1044 790
996 824
975 837
1004 830
865 1043
782 1233
886 1053
858 1125
1170 806
969 957
930 1042
1006 967
1213 847
938 1150
1221 896
1246 907
991 1128
1030 1101
1160 1015
947 1224
1050 1121
1119 1075
1257 969
1017 1194
1082 1140
1217 1103
1088 1221
992 1259
1117 1208
1026 1250
1206 1247
1141 1271
460401179 1701417931
1
sift 462
84 83
51 53
0 0
58 52
66 54
10 11
88 84
9 13
117 95
112 81
11 12
116 104
21 18
223 186
122 122
24 25
115 140
23 31
214 200
164 143
26 32
181 239
39 28
201 217
244 167
43 33
221 193
41 35
253 276
216 216
28 42
224 209
45 38
290 248
259 228
47 44
286 288
56 48
301 289
271 251
59 47
304 268
83 55
405 391
285 273
76 69
305 290
78 80
487 494
309 292
95 72
444 420
89 86
495 532
415 380
114 82
437 438
107 88
629 607
468 437
102 94
520 417
105 99
867 857
646 478
109 101
593 603
100 114
922 1062
582 559
103 121
700 741
113 115
1000 1192
753 649
126 98
739 694
128 102
1076 1224
699 747
120 117
869 807
149 96
1177 1276
752 812
130 116
722 971
125 123
1241 1303
1234 746
142 128
921 1017
146 129
1224 1339
910 1040
138 133
1025 992
157 146
1007 932
159 151
1019 1003
166 168
1053 920
210 148
964 1084
208 150
960 1105
162 192
1168 989
178 173
1034 1143
194 166
1023 1156
200 163
1151 1069
198 170
982 1289
191 183
1056 1258
202 177
1207 1115
192 185
1218 1131
204 179
1070 1288
189 191
1208 1242
197 195
215 190
207 199
209 202
179 232
218 198
233 188
243 189
246 196
219 220
237 211
185 304
234 219
235 224
249 214
220 261
250 227
245 255
262 238
283 226
267 250
276 243
278 240
292 235
239 299
279 253
280 256
299 249
297 263
302 272
295 300
360 265
349 282
326 301
328 309
366 298
359 306
351 316
315 377
346 339
402 320
357 348
334 382
381 328
377 338
433 312
352 378
355 374
375 356
380 353
387 343
378 373
399 345
384 360
364 411
397 361
438 340
386 384
406 364
454 329
420 365
388 396
450 341
439 351
436 362
414 394
458 355
421 398
424 401
530 321
423 433
410 454
430 449
407 480
501 385
474 428
506 386
507 389
477 435
465 455
463 457
515 426
498 443
483 460
503 440
478 475
541 416
488 462
447 517
289 1085
470 497
524 468
519 472
485 509
522 492
490 523
511 500
508 504
537 491
510 512
518 506
584 459
546 529
532 566
567 536
544 572
514 614
535 602
565 570
563 581
566 587
622 530
569 590
543 627
657 522
586 598
576 619
632 574
746 518
674 552
668 557
606 609
611 641
598 668
662 615
800 558
715 591
655 626
694 613
659 635
542 887
785 582
618 684
670 638
678 633
651 652
710 624
665 646
696 642
637 691
725 628
634 715
581 841
691 659
707 650
642 719
708 653
631 759
693 682
626 765
714 664
669 714
647 752
585 891
754 647
688 716
689 717
681 728
724 681
719 696
738 679
684 749
734 688
683 753
709 733
723 722
652 815
721 736
737 726
704 767
718 756
744 742
635 874
794 700
628 888
818 673
675 825
760 755
787 721
690 832
807 708
789 724
836 675
663 868
701 824
827 707
743 787
735 806
750 790
729 816
741 808
609 966
747 800
879 692
765 835
770 839
764 850
692 934
902 704
809 829
805 849
868 769
732 918
834 823
769 897
816 848
782 883
923 730
745 927
825 858
1189 620
826 859
843 826
832 853
608 1166
906 762
845 844
768 925
823 893
1074 669
861 873
716 1063
860 896
858 910
817 962
920 851
876 906
835 956
1215 676
974 809
931 875
907 907
883 942
1021 810
777 1120
873 975
801 1092
934 912
996 870
808 1106
963 899
812 1094
975 894
1041 871
881 1032
1162 817
943 945
952 944
864 1065
892 1039
859 1102
1185 843
984 957
1082 902
969 994
897 1091
998 969
954 1024
1031 960
915 1087
851 1240
1114 928
1062 949
1097 935
1146 915
938 1073
872 1215
983 1037
924 1145
945 1100
986 1055
930 1152
994 1057
1161 986
1094 1022
973 1122
1069 1042
951 1163
966 1140
992 1137
1010 1109
1120 1044
1100 1052
1059 1080
1192 1012
1078 1107
1044 1153
1173 1053
972 1251
1050 1174
978 1265
999 1236
1104 1126
1140 1117
1128 1133
1138 1127
1039 1246
1102 1180
1141 1157
1073 1220
1004 1295
1126 1188
1072 1231
1012 1287
1144 1177
1030 1283
1159 1182
1244 1095
1096 1230
1212 1125
1088 1239
1211 1134
1129 1253
991 1372
1153 1235
1171 1222
1268 1138
1045 1373
1243 1221
1225 1250
1147 1312
1206 1286
1086 1376
1080 1392
1137 1382
1277 1270
1292 1257
1239 1338
1169 1386
1249 1335
1253 1337
1305 1173
1301 1345
1286 1393
1303 1380
460401179 1811936640
1
sift 66
173 69
50 1645
296 306
284 108
130 129
259 116
192 84
309 159
179 120
408 189
233 246
437 216
326 228
742 222
334 265
355 304
387 253
520 329
406 256
450 475
330 340
987 393
384 354
1034 550
532 287
1019 605
412 592
921 658
657 347
1151 709
522 454
1070 741
583 422
569 623
1253 1703
669 610
747 557
835 503
789 537
812 546
655 673
750 613
688 657
670 682
719 672
737 669
672 704
630 804
798 721
828 769
993 692
800 943
943 812
1091 736
1062 771
1021 795
1098 815
967 938
947 1159
1138 997
1279 869
1082 1251
1215 1223
1173 1324
1201 1381
1243 1406
460401179 1865606473
1
sift 109
173 78
209 23
296 248
225 109
157 69
226 115
130 138
284 114
212 111
259 123
202 147
257 139
207 156
309 158
191 250
437 201
233 225
520 312
326 211
468 219
328 209
987 459
387 235
629 327
352 273
921 648
406 255
728 388
421 264
1019 682
366 382
867 439
524 363
1151 757
412 496
513 367
546 361
519 434
590 372
522 464
485 535
583 418
471 579
574 494
535 585
914 371
569 600
643 538
709 516
692 541
617 610
738 534
655 613
747 573
670 655
718 619
683 651
750 607
662 691
669 695
737 642
812 588
688 699
672 718
571 977
626 797
835 630
946 555
648 955
789 752
721 818
618 1051
766 799
859 732
954 663
608 1159
1065 656
1098 654
690 1110
823 908
843 948
1221 684
1017 777
800 1252
1062 817
816 1231
943 962
993 895
940 982
1246 770
872 1162
912 1107
947 1061
761 1769
938 1288
1215 1014
1279 973
1214 1183
1117 1315
1082 1417
1040 1491
1206 1327
1173 1379
1080 1501
1243 1423
1133 1762
1290 1496
1165 1815
1158 1879
