463090087 517252654
1
sift 340
351 333
1 1
10 10
400 346
61 50
12 11
383 406
100 88
25 24
425 599
121 121
24 26
433 373
135 108
37 30
694 763
152 109
39 35
708 635
189 135
42 36
952 733
186 159
44 49
773 1164
211 187
52 44
867 1041
207 197
53 59
901 1148
221 200
62 53
228 211
58 64
235 208
69 66
263 228
77 71
254 239
75 76
281 225
80 74
300 253
92 89
284 274
133 83
301 255
107 100
334 249
106 104
309 282
128 98
354 271
118 115
273 312
111 137
312 297
127 123
345 284
139 138
337 306
138 145
366 304
163 130
322 337
156 143
369 308
197 114
357 343
170 140
326 389
146 161
353 393
171 155
418 336
143 183
424 361
174 182
413 391
184 189
511 354
199 184
439 423
200 196
504 425
219 205
440 435
226 221
524 441
222 227
608 356
229 220
555 432
270 209
332 669
233 247
487 520
232 254
496 532
250 238
404 720
230 293
553 487
303 242
536 533
264 286
526 562
387 222
559 513
277 289
547 609
288 288
596 568
325 263
657 506
236 385
639 564
308 292
611 605
246 377
573 684
272 335
636 637
294 366
715 651
249 447
603 678
299 378
732 658
344 322
673 710
321 350
784 634
317 360
753 653
319 368
797 677
339 348
1144 464
327 392
778 713
330 397
771 722
292 458
755 757
412 330
826 708
348 394
883 691
356 405
666 1025
370 409
868 883
374 402
807 940
377 404
986 806
364 453
824 1001
388 450
897 924
456 384
1052 833
415 445
947 1121
376 500
1017 1051
546 370
1091 1008
958 257
1049 1109
443 438
1102 1066
720 305
1072 1203
436 452
1158 1110
403 503
1094 1284
503 429
1156 1340
513 434
476 462
426 549
567 426
430 547
451 529
478 502
510 475
520 479
460 543
522 509
534 489
455 615
429 654
548 539
506 601
551 545
532 577
576 530
570 541
550 566
656 467
571 576
577 580
691 483
586 598
602 590
580 622
480 780
531 686
635 570
574 643
690 537
600 619
653 575
703 544
502 817
562 707
601 675
632 655
650 657
615 705
809 555
589 752
663 662
680 664
591 819
634 795
697 717
762 667
640 800
684 745
689 754
671 779
752 694
856 628
861 624
787 683
731 726
695 793
644 872
721 778
711 798
662 888
819 701
730 799
801 737
734 813
837 692
723 827
766 786
698 901
827 750
855 729
733 882
793 818
776 841
815 797
775 845
750 889
741 904
811 838
790 877
814 854
911 735
792 898
878 785
789 917
637 1145
812 893
850 837
859 847
686 1105
844 914
742 1059
838 944
921 871
774 1078
876 925
864 936
654 1327
763 1119
808 1058
939 884
926 899
978 858
1010 844
871 968
870 978
954 913
1008 900
992 922
886 1023
869 1072
777 1279
786 1268
779 1311
920 1019
989 966
1057 911
849 1179
953 997
981 1002
1112 919
1045 970
872 1251
1014 1020
975 1097
1037 1024
1093 971
976 1111
913 1253
1003 1118
1042 1084
957 1232
1013 1146
830 1367
1117 1037
1064 1106
1108 1073
1043 1154
1039 1176
997 1258
1027 1207
991 1288
1114 1123
1137 1103
1092 1173
1081 1201
1162 1014
1107 1233
1123 1226
1067 1287
1035 1344
1141 1259
1165 1188
1146 1339
1148 1359
463090087 1240301939
1
sift 110
399 467
135 125
42 32
228 188
44 51
708 697
235 222
53 65
263 216
69 93
254 323
75 84
281 289
107 116
301 282
139 94
334 277
111 122
273 353
140 139
284 342
146 152
354 284
138 169
345 328
184 149
322 363
155 187
337 420
219 180
378 417
270 182
402 522
279 259
553 436
277 279
555 461
299 318
524 500
344 315
487 607
288 410
597 532
311 383
611 545
412 316
536 667
320 412
753 560
347 438
639 644
618 268
636 652
294 571
715 684
388 453
674 744
533 358
507 1161
436 442
797 695
429 455
755 741
431 540
778 779
534 472
666 1044
451 566
972 771
548 498
961 875
531 541
1052 1002
570 580
1102 1089
576 658
1017 1193
615 638
681 599
550 819
695 709
634 791
721 690
714 739
811 688
689 831
776 737
757 763
733 823
865 694
713 848
693 922
661 953
665 1001
775 882
766 981
844 910
774 1024
938 852
814 999
985 914
953 943
849 1084
871 1092
1063 898
977 1150
1105 1040
1148 1065
1128 1247
1150 1246
463090087 1716575903
1
sift 56
263 211
71 67
127 91
184 198
107 152
234 257
140 166
304 314
354 201
148 164
254 268
146 301
742 546
353 532
188 351
284 276
200 627
997 1362
520 382
288 571
507 560
236 1029
544 528
261 1000
536 649
377 766
549 574
534 585
597 806
478 800
721 768
550 700
636 752
513 843
666 1216
435 1226
611 827
767 632
865 1114
526 1195
674 1049
756 869
842 1375
774 1026
1094 2025
766 1148
953 1426
856 1122
644 1963
741 1724
775 1901
1014 1480
990 1642
1166 1143
1150 1758
1107 1993
463090087 1799436415
1
sift 62
901 1435
228 172
42 25
301 233
107 114
354 229
118 140
254 299
146 189
284 280
219 168
345 272
279 263
322 315
288 507
357 336
273 373
378 338
347 576
553 335
520 395
597 461
534 408
611 491
522 440
496 660
431 511
639 562
429 569
636 617
548 483
755 572
644 630
507 958
550 838
784 625
721 725
674 764
811 695
961 713
634 894
1012 926
656 896
1017 1091
865 706
1094 1517
714 884
709 893
776 871
774 934
978 746
766 978
1014 739
859 985
844 1047
1108 876
1037 939
999 1048
954 1104
1070 1019
1150 955
1105 1123
463090087 1861578657
1
sift 70
228 189
42 37
71 69
1101 35
85 99
263 190
111 121
127 105
254 267
107 148
284 273
140 166
304 339
353 543
146 290
332 377
184 201
577 620
539 727
200 261
553 361
268 236
697 838
279 245
507 580
308 321
790 882
277 356
597 629
772 234
750 975
288 495
611 673
317 549
812 1017
330 516
636 692
520 396
1043 1358
377 634
784 603
534 533
650 466
674 896
571 528
550 695
829 862
532 777
506 960
898 1069
684 710
721 709
994 1512
689 815
730 820
820 760
774 847
865 802
766 994
634 1329
748 1105
644 1507
811 1095
1014 1041
953 1183
990 1293
1105 1139
1150 1264
1166 1284
1146 1641
463090087 2095558067
1
sift 53
383 339
235 179
26 25
577 515
254 233
14 262
1001 893
234 223
42 43
601 557
353 489
92 110
544 418
107 140
697 674
666 1150
174 173
413 652
146 250
789 780
91 1658
536 602
241 434
790 820
236 1062
611 950
317 662
812 855
436 484
994 1024
377 714
750 963
550 596
532 724
838 995
434 1473
435 1489
997 1018
640 889
506 1488
1003 1162
774 1031
766 1050
1043 1111
748 1245
741 1433
821 1609
819 1708
1014 1338
1042 1460
1057 1487
1006 1707
1150 1410
