476880634 528510916
1
sift 602
56 54
12 8
5 1
606 541
29 30
14 9
171 172
40 28
17 14
663 647
69 71
27 15
273 284
75 74
28 24
604 699
84 85
35 27
660 834
111 94
25 36
1131 1181
92 107
32 35
1276 1205
170 159
37 31
229 235
41 32
185 175
43 33
232 242
44 41
181 188
46 38
265 250
47 45
222 218
55 51
248 265
66 42
220 228
57 67
251 270
62 66
280 278
71 60
286 280
72 58
275 297
74 61
279 296
76 68
287 309
78 72
306 319
81 78
307 325
80 79
304 342
93 75
314 337
85 81
318 344
87 82
327 352
95 90
345 364
94 95
343 370
105 88
350 372
98 96
357 377
99 99
355 387
108 92
369 374
104 100
375 388
119 91
362 390
109 102
409 431
100 114
385 395
114 109
407 443
115 110
383 413
116 113
390 483
113 123
469 420
121 116
419 499
117 124
435 478
125 120
442 474
129 137
457 467
130 139
478 516
128 142
506 550
144 127
590 627
131 146
528 545
141 140
614 613
135 148
544 560
159 125
611 655
145 150
599 608
167 154
634 661
177 183
625 637
172 198
602 687
187 186
662 646
201 181
649 672
196 190
629 689
198 206
664 677
165 272
648 691
211 204
742 690
214 213
632 735
221 219
819 660
247 212
665 704
219 261
782 773
255 234
673 720
233 254
804 885
243 246
698 787
239 249
867 909
216 291
818 745
245 248
929 852
263 256
825 849
259 267
1045 1053
266 283
861 810
285 273
1003 1146
290 285
830 853
264 341
1017 1225
295 306
859 862
347 263
1123 1147
293 330
846 1002
305 308
1149 1118
312 301
889 1018
298 322
1315 1185
311 310
956 992
301 317
1366 1156
296 356
1217 1324
317 326
1243 1442
348 307
1246 1353
335 339
1397 1295
325 354
1365 1344
352 324
1334 1523
336 358
1427 1453
278 439
1637 1589
332 375
1438 1501
381 320
403 303
358 368
368 361
319 409
359 371
379 345
339 400
322 446
354 408
376 397
440 331
398 385
380 402
394 391
388 399
392 406
401 410
391 432
555 327
387 462
413 427
428 442
436 437
384 522
424 457
406 491
433 465
444 454
363 639
458 480
437 495
499 441
453 493
464 485
450 504
479 482
445 514
512 455
463 507
475 500
490 487
513 476
483 511
480 527
482 530
496 513
494 519
491 529
542 477
485 534
481 544
460 566
524 521
477 575
610 486
452 673
508 580
655 492
580 536
561 555
539 588
709 502
548 589
530 635
680 531
540 648
593 572
592 578
584 596
676 546
790 503
583 600
586 603
589 607
814 512
642 606
630 622
620 630
617 641
644 624
624 645
608 669
635 651
581 694
552 741
685 585
613 674
645 658
669 623
534 770
674 640
679 652
757 581
722 618
677 675
619 712
832 557
682 679
683 684
667 707
710 682
694 702
652 760
691 713
704 716
706 718
678 751
707 730
751 697
730 717
805 663
750 703
723 728
725 734
817 662
738 722
743 738
1205 532
759 724
657 840
795 709
740 757
760 739
693 800
755 754
720 774
672 832
721 778
719 784
753 771
791 746
984 634
786 765
764 792
768 801
824 750
780 785
756 814
770 819
816 780
774 847
794 827
754 892
883 759
880 762
732 935
823 813
833 812
863 781
897 764
878 767
767 913
758 924
831 828
810 863
872 808
812 894
866 821
835 890
1038 752
787 960
898 831
858 899
890 855
853 910
820 941
741 1089
848 920
875 887
888 897
954 833
869 926
906 893
860 946
988 830
1026 820
944 876
881 931
959 879
941 891
964 884
966 888
925 916
921 929
1049 848
1044 860
1037 869
892 988
1082 836
877 1013
844 1084
1078 856
947 940
978 925
1120 842
899 1034
958 959
968 952
931 999
961 974
926 1017
970 967
1015 955
1035 950
950 1021
1479 758
995 1012
985 1019
933 1070
1215 837
1195 857
1073 951
1077 949
1047 986
977 1046
1053 985
973 1058
1040 1000
935 1098
1051 1009
1204 886
1144 922
934 1111
1074 1010
1052 1032
1104 971
1255 882
949 1115
1354 846
871 1272
1050 1074
1142 979
1099 1027
1036 1093
1198 943
1112 1031
1160 983
930 1196
1180 968
1161 989
1118 1040
1100 1060
1121 1049
1125 1051
1261 938
1083 1102
1187 1025
1240 978
1137 1080
1055 1152
1011 1210
1087 1135
975 1275
1153 1095
1140 1109
1181 1081
1095 1150
1284 1008
1126 1128
1081 1172
1122 1143
1241 1045
1110 1174
1166 1129
1168 1142
1151 1158
1189 1131
1297 1079
1130 1230
1639 919
1279 1100
1259 1110
1378 1048
1059 1371
1226 1144
1212 1154
1186 1192
1103 1313
1237 1157
1190 1215
1094 1403
1146 1308
1295 1160
1235 1207
1063 1506
1245 1209
1085 1486
1290 1178
1200 1283
1159 1362
1302 1189
1270 1216
1294 1223
1222 1293
1321 1220
1280 1263
1626 1077
1207 1381
1369 1217
1249 1327
1391 1203
1341 1246
1404 1200
1216 1398
1223 1392
1328 1280
1403 1214
1238 1393
1253 1365
1318 1300
1359 1274
1433 1222
1264 1367
1484 1186
1326 1315
1191 1498
1323 1333
1313 1360
1350 1331
1298 1400
1425 1271
1271 1432
1469 1238
1482 1233
1441 1277
1251 1465
1495 1235
1377 1337
1513 1249
1410 1336
1512 1255
1283 1476
1395 1350
1287 1480
1508 1270
1343 1437
1545 1242
1465 1321
1148 1611
1399 1386
1486 1305
1500 1297
1589 1231
1394 1412
1436 1391
1578 1243
1506 1317
1478 1356
1385 1443
1439 1409
1480 1370
1625 1239
1613 1258
1560 1301
1339 1527
1303 1559
1463 1435
1292 1569
1389 1502
1423 1478
1351 1541
1529 1426
1584 1389
1493 1479
1437 1535
1580 1416
1561 1438
1505 1514
1635 1402
1383 1595
1569 1470
1652 1396
1532 1526
1598 1471
1491 1571
1461 1586
1577 1513
1522 1560
1638 1462
1596 1510
1650 1463
1662 1489
1617 1530
1530 1587
1670 1490
1690 1458
1459 1613
1621 1555
1677 1509
1591 1579
1647 1537
1644 1551
1556 1599
1627 1582
1655 1584
1494 1628
1590 1616
1704 1621
1725 1603
476880634 579717169
1
sift 399
56 52
12 19
37 29
150 194
40 37
47 28
171 171
103 65
41 44
172 177
62 61
54 54
273 215
84 110
81 72
432 387
94 103
85 100
416 661
133 125
98 104
546 882
99 114
95 127
839 1130
170 156
104 119
1083 1346
161 205
106 147
1434 1030
181 188
129 112
1446 1148
177 192
121 131
185 196
143 111
1480 1606
220 223
130 128
251 229
105 185
222 252
135 134
248 249
145 153
276 261
138 170
275 265
164 176
279 263
207 164
318 255
200 187
307 264
196 204
287 303
263 202
314 286
247 214
327 291
212 279
250 395
233 256
286 381
244 251
343 310
219 280
345 324
259 276
364 308
322 238
382 315
321 244
357 365
295 273
369 379
288 307
383 360
325 293
389 369
359 290
419 353
336 306
390 412
384 282
409 394
324 337
435 393
317 378
439 416
379 313
478 425
394 312
461 429
387 327
500 443
453 330
457 505
401 413
506 467
337 528
479 497
429 410
661 493
414 432
614 512
388 478
528 593
425 419
547 604
554 355
544 628
428 451
679 507
508 404
632 539
460 490
590 582
580 396
648 546
494 503
787 486
522 462
567 683
548 454
629 618
464 598
637 646
694 428
599 694
486 612
698 601
636 475
665 637
555 516
625 689
529 554
868 559
520 570
563 910
617 509
806 696
695 480
664 929
540 591
860 726
513 727
827 787
608 595
889 814
583 624
867 873
588 627
753 1132
681 544
873 894
667 571
1134 847
592 670
957 1098
459 1022
1045 1091
613 649
818 1369
576 701
1171 970
635 686
1123 1081
678 633
1217 1001
740 577
1380 904
721 609
1008 1323
770 561
1438 1015
585 782
1246 1201
642 724
1027 1663
561 819
1427 1218
618 781
1365 1551
650 768
720 676
706 735
765 684
880 579
702 775
872 607
725 760
712 792
786 716
730 797
820 705
751 796
800 757
755 810
726 836
784 783
756 812
723 855
745 834
768 815
794 798
863 721
875 731
994 695
897 770
831 841
684 1108
743 997
1044 749
892 828
896 826
958 791
1266 629
950 799
739 1068
869 863
713 1156
844 919
791 1018
935 861
1133 766
865 920
978 840
1075 802
833 1008
928 893
838 1051
1000 876
1198 789
982 900
947 937
931 971
883 1040
1037 888
973 949
900 1063
845 1177
940 1010
891 1084
1307 795
1051 923
722 1549
934 1056
944 1053
1036 975
1060 968
1035 998
920 1122
965 1087
851 1306
967 1107
1103 978
903 1247
1012 1115
1303 907
1029 1176
995 1234
1095 1123
1192 1016
1452 881
1099 1170
1015 1285
1063 1223
941 1377
1074 1219
1316 999
932 1414
1348 985
1161 1139
890 1554
1212 1085
1130 1216
1026 1385
1385 1011
1129 1258
1104 1305
1107 1322
1048 1439
1166 1265
1084 1384
1208 1206
1270 1154
1190 1242
1184 1259
1290 1157
1126 1356
1459 1060
1253 1215
1292 1197
1125 1403
1216 1279
1116 1446
997 1687
1389 1153
1204 1318
1343 1268
1530 1150
1383 1236
1282 1316
1543 1147
1202 1415
1378 1254
1410 1245
1381 1273
1215 1422
1416 1263
1186 1512
1488 1213
1328 1337
1622 1137
1569 1171
1240 1433
1390 1300
1237 1457
1168 1617
1498 1250
1121 1713
1222 1501
1656 1151
1555 1237
1285 1479
1194 1627
1322 1456
1464 1325
1352 1435
1291 1509
1358 1445
1251 1578
1484 1348
1261 1608
1189 1743
1267 1596
1429 1418
1287 1585
1226 1703
1346 1572
1235 1749
1279 1701
1481 1483
1547 1410
1399 1576
1527 1453
1298 1737
1388 1622
1425 1587
1283 1766
1593 1419
1609 1401
1297 1775
1578 1449
1539 1507
1567 1487
1635 1423
1517 1565
1496 1599
1431 1684
1631 1455
1364 1767
1444 1700
1356 1828
1457 1715
1570 1580
1433 1747
1537 1635
1596 1558
1649 1505
1661 1496
1413 1799
1588 1611
1463 1777
1404 1851
1560 1690
1505 1778
1436 1891
1568 1729
1486 1847
1624 1702
1529 1825
1512 1859
1493 1902
1561 1827
1725 1367
1540 1893
1545 1886
1532 1922
1613 1881
1594 1916
1514 1978
1618 1894
1610 1950
1662 1969
1652 1995
476880634 936120456
1
sift 603
150 144
7 6
18 27
172 196
9 7
27 24
273 259
12 18
25 25
432 425
42 38
34 29
839 1531
40 47
33 33
1083 1250
62 70
32 41
1434 1142
84 101
36 45
94 102
47 30
111 142
37 51
98 111
43 42
133 146
44 43
99 115
41 52
137 164
46 60
104 123
54 63
170 169
55 64
161 180
57 71
184 177
78 81
177 202
80 83
185 193
81 84
163 233
83 87
208 210
85 95
229 211
102 92
220 226
95 122
232 236
109 130
222 261
117 128
251 239
115 133
248 245
108 143
279 265
138 119
275 269
121 145
287 290
129 141
318 271
130 150
304 283
135 154
286 322
124 160
280 326
126 170
314 296
145 163
306 307
144 181
307 309
164 175
327 305
169 183
355 291
196 201
270 395
160 255
309 349
207 189
343 331
200 209
345 343
214 200
364 329
221 217
351 344
212 242
362 338
201 266
357 354
205 263
369 377
233 252
390 351
247 238
382 358
257 234
383 371
239 258
389 378
244 251
386 380
245 262
409 383
266 248
407 411
282 257
435 408
259 270
439 431
250 299
461 421
225 330
507 406
319 247
478 439
290 277
457 489
294 276
464 505
293 284
506 484
300 272
502 471
310 280
500 503
298 295
661 414
288 314
532 521
321 287
528 562
322 289
544 566
325 311
566 565
311 324
631 559
324 323
590 590
336 315
632 574
384 278
599 621
317 327
562 687
359 306
648 602
285 392
549 717
340 346
637 651
352 356
625 679
342 376
634 691
358 361
573 764
337 384
611 728
335 390
673 668
412 317
665 684
371 360
662 692
363 370
698 664
391 342
855 620
394 345
846 737
312 452
806 795
387 362
753 878
348 427
830 831
388 401
889 769
598 293
873 808
401 404
860 817
368 456
825 861
392 448
867 880
453 389
818 941
413 418
859 990
452 391
1017 928
467 388
956 1001
468 393
993 981
398 472
1042 987
406 457
980 1051
429 420
1061 988
430 428
1169 895
560 355
1171 911
424 438
1108 966
399 500
1134 954
477 407
1045 1068
428 463
861 1371
440 486
1027 1161
463 464
1093 1109
458 476
1123 1091
475 468
1217 1093
479 469
1380 1049
508 444
1246 1198
403 585
1334 1153
444 512
1180 1471
487 490
1427 1284
486 508
1353 1450
490 499
1365 1505
1229 312
1397 1589
505 502
1551 1560
492 541
1447 1721
494 538
1664 1482
554 475
1637 1602
520 511
1654 1855
522 517
1479 1940
509 560
539 536
459 690
524 580
480 710
513 629
540 577
381 1151
548 569
717 481
672 539
588 586
732 514
579 619
583 611
608 589
749 518
817 487
592 632
561 676
570 685
576 670
1382 394
613 637
654 628
667 615
585 712
644 665
642 674
635 681
705 598
620 695
627 693
679 634
610 709
657 673
674 639
691 623
624 699
619 702
994 485
678 654
711 610
694 653
681 672
737 609
493 1037
686 677
777 606
706 698
618 779
653 760
787 648
720 731
702 754
683 778
669 819
725 738
712 772
719 761
684 820
740 750
723 787
730 799
872 655
765 752
713 823
726 818
786 748
756 803
768 801
751 826
820 756
794 809
831 791
802 833
676 970
875 749
863 798
795 870
739 946
835 846
836 849
734 972
926 783
722 1021
823 877
1022 747
869 842
791 921
958 807
771 982
877 854
824 903
1044 775
838 908
833 918
816 962
865 901
880 889
925 864
1073 810
892 888
896 885
1037 828
890 914
1000 855
978 867
1007 858
906 916
989 883
844 1044
897 948
888 968
954 899
845 1054
1032 874
903 961
1036 882
1089 862
935 942
883 1025
853 1088
1051 890
878 1046
913 1010
944 969
934 992
947 1008
898 1078
931 1036
921 1057
1035 958
981 1017
982 1031
990 1028
937 1098
1307 843
1100 939
961 1083
1002 1055
920 1146
1060 1033
1029 1064
902 1208
1099 1013
959 1156
893 1274
1103 1032
998 1137
1118 1023
910 1269
932 1235
1075 1085
973 1190
964 1200
1140 1022
1005 1175
941 1236
930 1272
1317 910
1040 1148
1193 983
1063 1126
1015 1184
1112 1080
1200 994
1133 1099
1204 1029
1024 1237
1074 1193
1264 999
1146 1113
1190 1071
1069 1219
1348 977
1129 1178
1082 1232
1122 1182
1199 1102
1130 1188
899 1533
1059 1297
1208 1110
1126 1211
1135 1203
1107 1252
1084 1298
1216 1124
1303 1075
1212 1138
1034 1398
1121 1276
1049 1401
1230 1164
1137 1296
1389 1070
1166 1281
1253 1180
1125 1345
1077 1417
1251 1202
1261 1205
1270 1209
1095 1438
1155 1351
1094 1467
1176 1344
1227 1286
1232 1278
1173 1366
1476 1127
1151 1414
1274 1271
1098 1528
1148 1439
1327 1251
1248 1306
1508 1130
1249 1311
1495 1145
1189 1393
1237 1329
1378 1214
1186 1418
1290 1299
1279 1308
1167 1477
1323 1303
1076 1687
1410 1243
1439 1230
1282 1355
1220 1427
1120 1667
1351 1336
1267 1405
1695 1100
1346 1352
1392 1314
1521 1228
1530 1224
1224 1517
1369 1376
1322 1429
1283 1465
1328 1434
1295 1473
1289 1486
1596 1253
1480 1343
1302 1501
1433 1397
1505 1346
1488 1363
1297 1538
1377 1452
1578 1300
1421 1425
1298 1562
1291 1570
1359 1491
1383 1464
1222 1690
1385 1485
1331 1564
1138 1900
1416 1480
1512 1412
1399 1510
1441 1487
1502 1437
1509 1433
1546 1400
1481 1455
1642 1323
1268 1717
1527 1435
1336 1654
1568 1404
1424 1549
1463 1526
1609 1390
1569 1431
1655 1359
1452 1563
1260 1804
1656 1372
1431 1594
1597 1430
1590 1442
1457 1583
1423 1625
1429 1635
1238 1891
1404 1664
1425 1655
1350 1763
1594 1483
1624 1449
1556 1529
1486 1624
1478 1633
1529 1577
1588 1525
1393 1757
1552 1574
1635 1492
1409 1765
1465 1711
1633 1534
1413 1807
1540 1653
1468 1776
1699 1461
1500 1741
1649 1547
1564 1659
1531 1743
1573 1688
1522 1758
1631 1640
1534 1775
1532 1789
1652 1631
1586 1729
1593 1726
1610 1702
1651 1647
1565 1773
1680 1621
1506 1872
1613 1720
1561 1793
1662 1681
1580 1825
1604 1809
1667 1771
1598 1875
1674 1828
1650 1899
476880634 1029832138
1
sift 203
660 806
69 32
41 40
62 60
81 73
75 84
85 107
99 100
154 83
170 149
104 120
181 175
121 110
163 203
130 116
185 184
124 133
220 195
135 123
222 220
338 85
248 209
169 171
275 217
196 163
279 227
244 225
327 242
292 211
314 253
336 238
287 312
311 280
318 292
391 281
343 313
359 339
362 295
463 293
383 330
429 366
369 351
400 434
357 382
388 476
345 395
522 376
390 371
411 563
435 360
461 453
500 396
460 500
632 513
479 464
787 353
529 460
590 550
494 555
679 427
694 425
528 675
540 519
531 552
520 560
648 530
681 449
464 778
667 506
629 587
557 649
637 609
588 629
698 544
609 627
666 638
781 493
662 662
583 702
806 612
513 850
625 826
678 624
860 658
725 574
867 805
592 759
1353 605
863 505
873 853
635 749
889 909
786 600
1045 1051
820 561
1217 871
702 711
1123 1035
561 903
1246 958
844 586
1171 1062
706 730
1008 1342
712 748
1438 1079
994 527
1179 1772
831 632
1535 1560
730 756
619 883
794 714
800 765
995 625
892 688
755 813
1133 597
726 988
982 724
1307 588
808 923
1110 717
1051 754
925 823
900 922
970 1006
1303 773
1032 995
1001 1024
833 1285
1212 831
990 1068
1037 1046
1035 1054
1658 729
1270 858
1198 944
1208 963
944 1251
1074 1131
1029 1210
1130 1107
1312 943
964 1401
1411 971
999 1394
1555 912
1593 895
1094 1271
1005 1437
1129 1242
1084 1325
1107 1287
1249 1120
1216 1158
1166 1228
1155 1261
1175 1266
941 1704
1057 1501
1105 1408
1343 1163
1011 1673
1059 1641
1125 1505
1048 1770
1137 1590
1240 1393
1350 1332
1416 1273
1215 1499
1189 1568
1232 1483
1287 1445
1267 1534
1392 1426
1588 1260
1298 1554
1578 1276
1388 1500
1194 1777
1321 1617
1596 1336
1297 1697
1431 1553
1283 1759
1399 1630
1413 1648
1586 1463
1367 1713
1302 1783
1599 1466
1609 1457
1463 1647
1505 1642
1529 1623
1507 1653
1457 1711
1594 1624
1561 1664
1627 1708
1725 1576
476880634 1186326363
1
sift 87
12 19
37 33
84 102
41 45
170 164
81 80
163 242
98 144
185 210
121 117
229 207
143 103
275 212
135 132
222 287
177 226
276 326
257 182
327 267
363 150
314 299
292 260
362 309
324 384
350 377
221 874
409 331
463 305
435 378
428 516
500 467
479 468
390 847
468 686
599 567
680 445
590 639
520 646
648 590
667 579
637 606
725 570
528 1069
786 586
632 803
710 702
806 661
619 1055
662 929
794 780
827 1015
896 682
873 1254
1481 485
1217 926
712 994
1123 1291
691 1059
1427 1545
982 755
891 864
925 909
1307 673
1212 722
1115 851
876 1173
1127 954
1313 853
1114 1108
1411 946
995 1422
1033 1392
1230 1126
1005 1502
1241 1160
1216 1214
1094 1573
1379 1186
1105 1603
1234 1335
1057 1710
1289 1454
1707 1087
1249 1590
1359 1526
1599 1537
1627 1655
476880634 1203176847
1
sift 73
248 158
98 87
222 196
220 195
252 184
225 218
362 277
239 224
599 659
255 210
666 821
272 239
1108 816
482 296
354 539
451 457
446 651
744 410
584 579
512 715
537 742
539 770
635 681
652 852
706 788
586 988
646 1061
702 1184
697 1269
1001 844
944 895
810 1094
840 1148
770 1390
991 1052
774 1515
987 1101
863 1266
1048 1080
1053 1078
928 1220
1074 1208
958 1348
1125 1258
1029 1416
1189 1204
1005 1504
1297 1155
975 1732
1241 1257
1166 1413
1302 1261
1227 1363
1198 1435
1318 1296
1044 1836
1321 1324
1155 1610
1341 1323
1238 1507
1404 1359
1267 1748
1299 1706
1441 1696
1512 1626
1240 1983
1463 1783
1564 1754
1572 1811
1597 1863
1520 1947
1640 1829
1718 1904
476880634 1228518096
1
sift 167
89 130
75 37
25 20
129 128
98 81
32 28
240 125
181 194
28 29
145 157
99 89
33 38
171 210
220 225
44 30
172 230
94 103
43 33
273 285
251 274
53 36
316 400
397 264
66 44
735 978
327 328
73 48
670 830
343 307
71 52
660 1696
314 354
78 54
986 1103
375 329
80 69
1102 1781
385 316
87 77
940 1616
362 371
119 85
1615 1600
383 380
105 100
1083 1401
421 394
109 109
1446 1967
528 477
108 121
966 1673
599 587
114 107
590 637
116 122
1079 1519
673 707
118 114
665 870
110 149
1469 1496
695 843
139 135
827 973
203 83
846 1031
144 154
889 1080
167 167
1108 993
199 179
1045 1215
159 311
1274 1501
180 247
200 271
215 267
363 181
239 257
216 318
264 279
255 295
288 320
311 339
322 326
337 340
293 425
372 359
358 374
380 418
342 557
368 555
392 528
444 457
453 495
482 489
497 468
485 570
505 670
524 638
509 668
493 710
680 535
486 821
719 539
570 749
515 881
617 701
555 810
644 741
624 771
537 961
620 849
683 819
589 930
646 941
635 1092
693 957
731 915
1228 609
748 923
592 1298
810 948
795 1033
822 979
808 1072
930 895
880 991
883 1074
848 1184
730 1601
954 1081
1007 1043
896 1178
853 1300
913 1183
921 1217
791 1524
904 1291
962 1218
878 1353
838 1542
1040 1212
1081 1191
854 1633
1153 1204
898 1653
1072 1407
959 1606
1057 1499
1034 1553
1082 1471
1118 1432
1091 1488
944 1852
991 1854
1001 1848
1241 1358
1049 1761
1230 1485
1619 1293
1658 1304
1393 1752
1541 1813
1573 1786
1712 1493
476880634 1240301939
1
sift 56
146 132
37 32
185 230
81 51
220 205
211 238
279 194
310 259
275 222
413 368
222 292
428 450
232 276
561 447
251 284
394 812
314 321
744 419
327 342
771 455
343 402
589 569
357 434
995 472
364 443
824 540
375 436
667 819
383 417
490 1054
350 499
694 785
435 500
812 668
457 527
899 677
478 533
890 897
528 532
1284 841
599 545
1180 824
590 695
1052 1098
629 684
1688 895
673 705
1591 1111
699 783
797 701
827 744
956 696
889 1000
1003 1013
1045 1090
1123 1194
476880634 1358582240
1
sift 114
89 157
181 203
6 1
240 156
62 48
5 4
273 209
220 219
17 27
316 398
94 97
38 23
546 744
251 216
28 31
569 725
99 95
55 50
660 806
314 368
58 51
735 933
125 80
57 55
1143 964
327 387
50 78
963 1231
104 137
78 74
350 340
80 89
1669 1508
178 200
83 131
343 363
120 105
385 313
118 136
375 336
105 168
362 374
110 170
383 417
129 140
461 376
114 259
528 443
145 178
599 532
159 292
567 588
172 252
590 717
215 227
629 731
221 270
673 864
180 391
827 1032
308 212
1045 853
262 281
1123 904
216 360
1108 1247
288 300
889 1621
255 382
311 307
322 342
337 326
293 547
363 499
444 460
264 1607
454 513
453 555
451 607
554 534
449 752
393 1041
524 639
555 721
667 644
570 757
388 1778
589 805
624 829
620 924
683 863
670 981
646 1119
592 1466
796 995
808 993
1519 647
702 1673
896 1202
966 1118
883 1266
921 1216
954 1186
961 1225
1079 1146
1040 1392
898 1800
930 1887
1122 1747
1114 1829
1026 1940
1651 1299
1340 1722
1694 1881
476880634 1430327691
1
sift 136
56 27
220 160
1 0
51 47
62 41
10 9
89 119
222 191
34 26
54 45
96 59
38 25
150 161
251 231
28 33
83 98
94 68
60 38
240 113
280 250
65 95
129 117
99 85
139 102
171 150
419 194
125 65
145 151
104 97
114 143
202 190
327 265
105 171
172 185
177 154
108 225
316 373
314 275
176 165
271 158
343 260
215 224
660 595
350 256
221 210
322 310
375 266
310 205
1446 1940
385 262
216 327
394 420
383 307
311 323
1474 1948
421 311
293 484
453 446
413 324
337 471
457 333
461 312
402 713
424 404
630 408
435 422
464 541
580 810
528 414
429 586
478 545
393 747
940 701
599 489
493 599
590 547
554 526
1079 1765
695 538
523 617
673 606
524 674
1339 1573
889 512
1229 447
665 707
570 770
827 759
494 1147
1045 982
624 768
1180 753
537 1088
946 1093
683 824
1109 975
620 939
1003 1220
646 969
1123 1262
697 964
555 1381
669 1185
994 740
635 1357
795 1011
808 1000
592 1857
702 1597
1284 809
812 1340
896 1193
872 1273
706 1882
921 1271
739 1924
1014 1265
961 1459
848 1749
1007 1527
838 2338
914 2105
897 2210
1034 1868
958 2098
941 2285
898 2409
1114 1788
997 2312
949 2418
1230 1724
1432 1613
1651 1607
1272 2441
1671 1881
1573 2327
476880634 1474416471
1
sift 53
75 78
37 28
482 253
170 145
114 47
315 238
135 125
570 503
362 322
292 281
435 358
363 328
683 647
500 408
463 325
673 474
994 334
795 727
624 567
468 749
806 626
667 600
1241 973
528 1713
934 524
993 958
913 736
1153 1114
1217 799
954 818
1003 1256
1307 620
961 1126
719 1236
1124 1435
995 797
1040 1107
925 925
1212 714
1468 1561
1051 867
1012 1139
1130 1037
1230 997
1184 1217
1390 1071
964 1658
1707 994
1216 1531
1350 1385
1712 1103
1573 1315
1431 1686
476880634 1523815439
1
sift 56
170 190
37 38
451 301
275 226
41 50
315 258
81 91
482 307
500 429
135 152
421 544
292 274
624 591
806 654
463 323
528 1614
493 585
683 690
961 1165
994 382
873 1395
520 608
796 777
1040 1144
1228 375
1171 1023
667 600
1241 1084
1124 1386
468 1205
786 543
1468 1655
934 627
794 805
1032 656
719 1092
1307 609
1212 678
995 858
954 923
925 967
921 995
1051 850
913 1083
1130 1151
1346 966
1390 1065
964 1771
1122 1523
1289 1624
1200 1801
1573 1522
1599 1496
1594 1549
1517 1765
1580 1727
476880634 1716575903
1
sift 80
112 129
16 19
57 73
218 165
37 34
170 140
41 38
118 91
251 201
62 56
181 178
81 64
363 253
248 204
114 51
185 197
85 70
482 218
421 395
94 124
222 248
104 113
451 314
390 474
130 114
279 224
141 145
491 546
547 671
135 151
280 296
164 166
871 932
590 610
177 190
314 281
256 230
962 1362
637 647
310 239
287 332
336 301
1573 1140
549 846
327 276
343 330
1248 195
867 911
375 365
357 419
695 489
1017 994
385 373
383 429
525 871
1045 1047
435 417
544 762
588 800
1123 1155
528 806
629 678
667 700
599 827
889 1074
620 884
583 1071
1109 1610
995 585
1582 559
820 1531
913 1299
816 1829
1127 1143
1103 1518
1307 1269
1240 1330
1126 1611
1528 1259
1358 1786
476880634 1788219329
1
sift 96
89 70
220 210
6 1
316 406
62 53
5 4
171 184
314 381
24 27
569 673
94 92
55 52
273 201
350 328
58 55
735 909
99 98
50 83
660 694
327 393
78 77
886 1115
125 86
80 87
375 340
113 72
177 196
120 100
385 331
83 167
442 307
118 125
383 420
129 127
461 368
105 193
528 451
145 173
599 530
172 195
567 638
199 177
590 650
159 260
673 732
221 265
695 746
264 242
827 900
216 348
1180 748
288 289
889 1086
255 373
1108 967
311 290
1045 1273
301 323
1274 1561
337 293
322 326
1436 1487
554 244
293 524
1528 1415
363 444
844 235
341 552
444 428
451 507
466 548
524 643
1229 446
1120 516
624 756
555 905
620 828
646 1077
601 1167
795 919
1135 814
954 935
1284 782
850 1120
706 1552
703 1590
921 1094
966 1179
961 1199
1040 1240
1519 934
1091 1336
1241 1154
1079 1429
1153 1297
1658 1653
476880634 1799436415
1
sift 101
40 30
16 15
62 40
37 25
64 54
94 72
84 65
96 75
146 118
135 115
170 130
290 141
181 157
259 185
185 209
336 189
220 202
296 220
222 221
310 263
232 224
221 400
279 187
335 343
251 229
298 378
248 240
381 324
275 271
398 317
280 279
460 275
314 268
413 345
327 280
391 492
307 319
496 353
369 287
428 449
343 307
464 501
350 327
513 481
357 332
583 452
375 335
370 1305
383 338
589 522
408 382
995 408
435 409
490 727
457 415
685 600
567 356
771 569
478 435
824 647
390 759
695 722
528 461
667 838
442 615
722 775
544 503
754 965
547 521
890 917
599 491
676 1436
590 596
808 1082
637 625
814 1073
648 614
1144 832
673 639
1051 978
797 597
1103 932
861 553
1284 867
889 611
975 1138
698 846
1358 1160
956 645
1240 1140
827 764
1114 1512
867 1032
1122 1565
1003 974
1592 1273
1045 995
1671 1300
946 1196
1123 1092
1109 1348
476880634 1861578657
1
sift 92
84 72
16 12
118 105
390 700
36 24
170 144
37 37
482 298
549 724
62 54
181 174
85 66
570 620
631 778
114 60
185 202
104 126
683 838
1017 987
130 130
248 191
135 147
796 882
1637 1614
164 166
251 208
87 1512
954 1017
222 221
279 210
256 217
1014 1269
250 240
275 233
298 231
1040 1358
280 277
287 283
310 245
1573 1668
314 262
327 273
336 290
307 331
357 351
401 453
385 332
375 361
468 431
383 395
407 393
436 579
435 421
478 409
513 622
457 465
506 518
583 528
528 629
544 628
705 516
590 584
637 603
667 695
611 637
599 673
495 1341
995 533
957 641
734 786
743 781
867 852
786 777
889 829
859 901
722 1233
878 1156
1045 1116
1051 994
820 1364
1123 1201
913 1195
931 1329
912 1595
1401 937
1127 1284
1398 1478
1103 1382
1193 1334
1607 1091
1253 1418
1712 1529
476880634 2014127030
1
sift 469
89 73
12 14
5 1
42 59
14 15
273 271
69 92
24 12
133 146
18 18
334 344
111 100
28 22
137 161
37 24
395 392
146 159
27 33
161 153
32 34
546 534
170 181
41 25
188 176
35 26
735 770
184 200
45 41
208 238
48 38
1131 1323
220 225
47 56
229 235
55 43
232 248
62 62
267 217
76 70
270 229
78 67
265 255
81 78
222 283
88 72
251 285
87 85
218 346
86 87
280 276
108 88
286 266
119 79
275 295
94 106
279 299
118 84
307 320
99 104
287 318
98 105
350 371
104 110
306 297
109 108
355 423
114 113
304 359
116 119
378 449
125 123
362 292
123 125
407 435
117 143
314 353
113 158
389 475
148 124
327 357
130 142
469 383
131 144
369 379
135 149
421 433
201 173
357 397
196 183
409 518
176 201
385 390
200 195
439 493
211 191
383 415
198 203
435 505
214 222
442 451
239 228
390 622
255 205
457 470
216 277
478 582
243 246
547 509
274 218
573 574
285 224
506 578
337 197
500 690
259 256
528 575
233 289
566 624
263 264
532 572
272 262
1090 403
290 258
544 589
266 315
634 610
254 341
599 618
294 308
590 666
262 361
625 649
311 287
563 752
342 270
638 669
289 331
649 685
305 306
602 737
310 319
819 580
298 340
673 682
352 284
742 700
381 267
665 725
495 219
611 883
335 329
632 777
296 378
797 726
336 358
818 676
368 323
782 899
325 374
861 692
392 325
867 965
398 336
698 848
388 355
873 1125
359 384
830 828
322 447
815 1487
376 385
826 858
319 488
1003 1275
380 402
859 863
353 466
1149 1179
401 399
929 855
482 351
1017 1462
436 375
846 1135
413 416
1134 1400
387 473
889 1082
428 422
1397 1230
555 365
956 1042
479 412
1363 1263
424 464
1108 1032
513 401
460 462
1045 1121
458 469
474 455
1123 1185
437 507
464 482
1061 1302
790 348
463 503
1353 1217
490 478
655 381
1365 1418
475 538
494 516
1334 1489
483 556
480 562
524 523
363 1004
481 597
487 594
654 450
561 504
450 674
515 579
575 521
508 609
512 643
584 544
548 628
757 487
540 665
722 528
583 619
645 585
552 658
612 602
589 631
620 605
624 606
595 636
642 616
959 457
635 640
683 620
680 630
587 713
685 635
695 655
706 653
817 598
719 687
730 688
725 695
805 644
672 756
667 760
704 730
738 702
750 712
743 723
646 814
916 604
832 656
723 746
833 668
771 720
531 1115
751 750
753 749
694 811
652 905
780 742
795 739
720 796
984 632
715 807
824 719
786 764
883 696
740 805
721 845
711 904
854 747
784 792
878 735
816 774
756 853
812 780
866 754
765 877
823 833
783 929
768 960
707 1072
831 881
767 980
890 798
741 1022
810 924
770 988
774 986
954 784
897 834
944 794
913 822
863 902
941 803
914 836
921 832
882 889
995 789
1037 793
875 933
1078 781
961 860
787 1102
850 1000
906 932
968 888
1052 840
794 1155
860 1036
853 1063
934 954
1053 867
1029 894
1047 886
869 1056
1107 842
1077 882
1144 826
967 974
947 995
987 975
931 1019
1040 957
1284 788
1074 941
1051 962
820 1246
1117 916
1026 1002
1099 939
1261 819
1121 931
973 1048
1180 896
907 1118
1129 937
1012 1045
958 1098
1571 761
877 1215
892 1204
978 1107
1036 1071
1013 1087
1151 983
1137 996
1187 971
1181 981
1161 994
1198 969
1125 1038
966 1188
1114 1057
1626 787
935 1281
1032 1165
950 1266
1215 999
1297 964
1205 1018
1059 1162
1167 1061
1073 1158
1079 1175
1259 1013
1142 1120
1189 1085
1227 1050
1126 1145
1130 1154
1166 1128
1190 1114
1115 1194
1095 1216
1038 1314
975 1412
1241 1097
940 1486
1286 1086
1279 1111
1146 1248
1200 1192
1321 1112
1085 1398
1231 1182
1318 1137
1237 1193
1234 1196
1278 1180
1140 1375
1110 1424
1283 1208
1341 1181
1290 1223
1112 1479
1233 1288
1206 1354
1270 1270
1295 1254
1249 1293
1191 1385
1238 1326
1248 1317
1625 1076
1216 1371
1245 1341
1302 1329
1441 1212
1213 1423
1410 1233
1482 1197
1381 1264
1298 1358
1402 1256
1222 1444
1327 1340
1328 1348
1430 1255
1378 1287
1377 1296
1260 1422
1399 1307
1403 1305
1281 1442
1484 1292
1458 1312
1477 1333
1493 1352
1564 1276
1512 1320
1436 1399
1423 1431
1391 1461
1429 1453
1580 1306
1529 1372
1583 1321
1597 1313
1505 1405
1536 1376
1433 1491
1590 1374
1461 1485
1573 1427
1650 1366
1496 1493
1598 1413
1572 1465
1652 1380
1561 1472
1383 1515
1672 1408
1647 1455
1593 1503
1712 1488
1723 1425
476880634 2045004962
1
sift 165
56 52
12 15
1 0
52 65
40 40
44 29
240 132
64 44
54 54
129 137
62 46
80 75
150 270
170 175
65 112
171 216
98 92
83 77
273 337
232 143
99 76
172 228
104 120
109 129
432 418
181 184
108 139
395 1318
248 190
105 201
1300 1256
220 247
144 157
1446 1418
251 269
145 171
1615 1417
314 325
166 160
1339 1607
327 319
177 209
1474 1722
343 322
196 272
350 316
215 260
385 313
221 253
375 336
247 287
369 345
363 212
357 367
239 317
362 392
282 283
383 406
335 246
407 383
264 332
442 408
322 297
457 430
288 362
390 533
293 393
435 475
311 395
566 413
308 452
665 380
374 411
528 477
394 399
506 537
371 447
478 592
337 517
599 524
347 503
590 571
424 439
827 879
392 502
867 1018
453 434
699 1530
461 432
1045 963
444 504
1108 988
429 572
1363 876
554 483
946 1297
490 595
1003 1389
1154 360
1123 1315
1229 356
1397 1117
580 549
522 623
505 684
539 652
695 536
524 721
636 600
570 768
617 719
459 1196
646 727
493 1068
624 825
537 1071
620 885
652 877
592 1130
618 1213
994 775
796 1101
808 1090
701 1422
1180 832
750 1364
984 959
896 1037
895 1060
880 1082
1306 822
937 1153
853 1373
913 1239
898 1377
1112 1123
802 1776
961 1387
959 1616
1079 1413
1118 1371
1005 1604
1348 1151
983 1659
944 1724
1035 1670
958 1839
1114 1671
1230 1446
1528 1216
1073 1798
1146 1644
1140 1689
1122 1755
1298 1578
1393 1452
1356 1576
1148 1886
1265 1704
1658 1319
1651 1384
1624 1546
1555 1624
1481 1720
1573 1690
476880634 2095558067
1
sift 58
170 139
37 43
363 322
345 292
41 41
185 180
62 62
570 515
307 334
114 50
252 175
135 141
624 557
390 494
164 163
249 194
177 192
683 674
867 854
275 179
280 261
336 250
795 819
314 253
327 254
225 755
954 855
287 306
375 315
392 288
921 994
385 390
421 356
667 596
961 1019
383 419
357 514
589 871
1040 1111
435 360
590 581
620 829
637 577
629 661
995 541
544 791
528 945
786 724
599 950
625 902
913 1113
889 1122
1123 1242
820 1473
808 1529
1427 1364
1307 1190
1122 1524
476880634 2130703568
1
sift 140
56 63
170 160
33 14
54 53
232 142
28 23
150 191
181 180
44 29
129 125
251 167
57 60
171 188
185 237
62 52
145 132
350 311
99 87
273 526
248 179
98 88
187 136
435 518
108 85
839 1623
222 243
125 71
172 174
478 516
94 118
1300 1404
220 251
104 111
322 296
566 443
105 187
327 301
207 146
394 395
637 685
177 210
314 320
282 189
670 527
482 1327
363 177
369 281
358 213
850 602
867 889
262 372
343 324
288 385
1348 766
1003 996
440 247
375 340
392 399
1079 1799
1397 1227
357 383
385 337
459 379
362 413
383 417
337 590
424 440
457 446
496 427
461 463
528 523
483 461
544 561
599 585
444 868
539 716
662 669
524 741
486 961
625 772
570 739
494 950
673 730
552 919
624 803
665 807
620 907
493 1615
846 724
652 959
683 906
825 1189
585 1163
618 1184
889 1204
681 1155
635 1288
1045 1192
796 989
726 1179
1123 1392
702 1429
750 1343
740 1365
739 1435
730 1502
712 1593
921 1193
954 1154
808 1488
883 1307
881 1367
791 1864
833 1727
1308 1014
913 1504
1119 1269
895 1632
934 1531
838 1901
958 1551
1040 1565
900 1929
937 1798
1274 1285
944 1825
910 1956
1000 1815
983 1949
1356 1349
1037 1895
997 1990
1230 1575
1193 1713
1159 1928
1393 1786
1373 1917
1606 1682
1573 1790
1343 2019
476880634 2146998783
1
sift 176
56 71
170 206
5 1
240 138
150 155
33 14
171 201
222 254
25 20
839 1454
567 600
28 28
273 485
251 234
32 34
1300 1225
44 36
275 224
54 49
57 51
279 231
62 72
77 94
287 267
80 90
108 77
304 351
109 86
99 93
350 315
87 113
114 89
327 349
113 101
105 110
343 331
94 126
118 111
314 374
120 123
117 127
385 321
116 130
129 131
375 352
145 145
135 197
362 382
180 213
172 230
383 435
216 189
177 256
421 446
247 184
221 235
390 510
214 270
255 250
457 456
239 285
244 357
528 502
288 299
310 290
506 531
293 376
311 372
478 616
399 283
322 364
665 492
372 322
308 445
599 578
337 413
392 334
638 636
394 407
444 363
889 631
413 461
459 443
867 968
453 464
380 596
846 1164
451 503
483 547
1108 953
449 607
464 621
946 1095
670 474
1710 300
1123 1479
864 414
486 693
508 684
494 734
644 566
524 703
570 649
555 710
695 610
624 674
539 828
731 611
584 757
646 709
620 752
984 523
683 767
592 919
645 856
642 897
619 917
758 731
652 923
853 685
681 1015
1228 583
706 999
959 700
701 1031
738 975
796 910
763 974
810 906
720 1119
730 1110
838 966
740 1156
712 1243
791 1086
770 1133
822 1034
808 1077
954 933
883 1035
845 1140
862 1100
921 1025
878 1104
848 1196
1082 969
843 1286
898 1167
910 1192
802 1548
961 1201
966 1271
1040 1175
881 1457
941 1351
944 1358
875 1509
958 1349
895 1487
1000 1321
1193 1091
1079 1249
1005 1389
1053 1341
934 1530
1037 1395
1112 1296
1122 1403
1047 1551
1074 1590
1121 1516
1119 1526
1146 1532
1261 1541
1459 1595
1469 1599
