517252654 579717169
1
sift 56
346 329
121 156
23 33
190 188
36 29
201 196
99 134
197 223
152 168
211 220
116 256
271 229
161 306
248 241
233 251
283 265
292 490
282 274
389 413
275 286
404 499
274 291
347 592
357 310
563 398
343 429
709 455
441 393
501 626
487 482
566 571
560 505
601 551
987 412
547 803
569 593
477 1096
677 582
817 666
651 618
489 1234
605 694
549 1179
638 763
1058 1554
661 814
1093 1647
711 787
1209 1372
883 689
1331 1642
1050 1081
1066 1090
1316 1209
1228 1942
1284 1867
517252654 936120456
1
sift 58
121 169
19 53
201 193
23 50
211 215
36 51
197 226
59 93
248 236
99 154
271 239
106 165
255 279
167 194
283 269
161 315
282 273
240 280
275 296
389 404
274 305
359 472
357 331
397 598
343 421
460 515
441 408
501 587
393 503
466 723
560 489
566 615
569 562
335 1433
605 621
577 748
677 590
547 902
722 575
549 1032
651 668
654 982
661 769
1110 726
883 679
670 1212
711 859
795 1036
636 1001
914 1081
1067 1068
1058 914
1050 1091
842 1761
1029 1533
1284 1674
1084 1558
1152 1699
517252654 1186326363
1
sift 74
415 979
121 164
36 33
290 341
190 190
99 132
122 315
129 112
300 569
201 210
138 105
274 267
184 95
275 299
151 114
1262 383
137 133
651 663
145 130
569 1069
209 113
722 805
205 162
711 1015
176 192
605 1367
189 184
1066 1211
142 260
1050 1291
161 249
182 305
281 209
322 256
329 252
375 282
240 412
368 369
479 352
540 431
453 573
614 460
737 407
750 435
566 579
846 439
858 442
656 548
502 823
778 593
549 876
447 1425
836 622
954 574
550 1174
771 761
935 640
1125 581
1043 627
875 781
1020 680
1264 620
1224 692
943 870
769 1139
1030 892
1073 867
997 934
819 1493
1031 1092
1357 916
1289 1109
1072 1466
1037 1567
517252654 1240301939
1
sift 246
2 1
16 21
26 36
28 24
36 32
33 31
43 37
49 51
50 45
67 60
346 468
88 100
59 65
108 125
82 58
333 486
135 135
71 68
156 130
66 93
508 650
141 150
75 85
149 148
76 84
195 126
95 97
190 195
116 90
198 194
99 115
211 188
138 94
197 205
151 107
208 222
129 127
201 230
137 122
228 216
214 96
229 232
142 142
224 288
152 138
248 276
161 152
255 282
145 169
253 292
131 215
271 284
220 165
239 323
205 180
299 264
184 203
275 321
209 182
274 342
176 275
283 327
191 261
364 286
193 267
336 325
254 234
297 401
244 246
337 363
240 259
343 377
233 305
351 371
285 268
357 402
292 269
391 390
289 279
362 434
322 315
373 443
353 297
432 461
330 316
505 424
312 353
487 436
288 410
441 500
378 318
497 499
349 368
448 596
401 346
560 527
318 463
569 532
464 331
496 603
314 501
520 607
426 399
605 545
408 446
653 560
388 459
513 662
431 430
564 644
544 349
533 667
452 442
658 583
477 428
629 622
449 452
637 652
366 571
608 731
489 472
635 697
421 597
651 684
424 620
676 669
539 498
677 695
473 555
722 675
481 563
711 744
654 455
758 723
501 569
713 779
528 565
757 741
590 508
1042 611
546 540
739 820
541 580
924 701
503 618
661 1000
577 585
959 759
603 599
776 1021
530 658
903 925
616 617
832 1003
535 678
1094 906
549 686
1008 957
557 679
1047 972
559 713
1098 956
771 589
987 1070
545 790
1205 930
863 556
1025 1044
695 639
1209 946
705 638
1066 1089
567 773
1050 1194
566 819
1316 1181
706 659
701 674
664 726
584 894
750 687
837 654
778 690
793 709
838 688
712 828
841 737
1082 633
754 831
795 791
694 890
862 738
730 864
935 694
736 889
876 797
850 827
1029 677
846 843
882 823
845 882
815 918
915 837
938 805
780 964
991 770
1020 766
786 981
943 867
933 872
914 910
819 988
897 928
825 1004
1022 862
1058 897
860 1107
1010 951
1030 944
904 1128
1072 954
978 1018
1248 866
968 1092
1117 960
1115 971
1336 876
1113 1009
1076 1079
1325 909
1021 1134
1142 1073
1080 1135
928 1288
1289 967
1123 1111
1179 1084
1077 1188
1288 1007
1180 1114
1160 1141
1034 1259
1087 1238
1359 1065
1354 1173
1296 1267
517252654 1474416471
1
sift 60
441 358
8 5
123 124
675 567
55 32
1109 1209
83 37
300 149
1153 1108
151 68
129 89
580 503
1257 1126
184 64
99 125
717 647
145 110
137 136
877 728
209 103
189 162
917 766
161 207
205 166
1059 973
242 172
281 174
1118 1089
320 163
280 194
322 242
329 261
414 258
368 388
570 325
479 390
540 469
729 453
587 565
566 600
657 561
778 591
489 1424
640 1054
786 867
872 840
1020 688
893 818
935 783
875 865
838 955
943 890
997 863
1114 788
953 983
1030 871
1037 1140
1122 1313
1289 1168
1269 1283
517252654 1523815439
1
sift 56
8 9
123 98
889 829
38 15
55 48
328 172
1153 1143
83 55
184 89
290 301
1257 1165
129 114
151 107
675 591
145 139
209 129
717 690
137 227
264 185
877 777
320 191
242 228
1059 1084
280 232
322 271
329 283
475 289
368 418
575 338
615 336
479 407
540 479
737 408
750 458
858 461
846 470
656 597
800 546
729 640
778 622
954 664
771 851
935 778
1043 704
838 948
1020 762
943 870
997 859
944 994
1030 959
1073 970
1118 1117
1176 1177
1357 1034
1289 1228
1336 1809
517252654 1643728630
1
sift 56
406 302
121 110
89 117
717 613
239 211
99 121
190 131
106 145
944 791
448 231
228 130
208 140
264 239
972 799
393 375
275 205
274 206
244 292
1257 832
552 371
255 267
373 232
307 345
1153 895
1205 510
441 279
391 396
575 251
1112 946
1025 649
513 351
629 399
566 433
1176 957
533 451
651 443
846 575
1269 1044
637 480
987 409
786 674
605 586
738 552
771 1014
1050 712
1140 687
1117 763
1329 632
1109 720
1249 891
1229 778
1162 961
1201 935
1072 1200
1284 1149
1122 1343
517252654 1716575903
1
sift 109
406 473
102 70
23 19
211 212
49 64
121 140
99 151
239 268
142 207
190 178
154 242
322 269
198 224
228 211
161 301
345 433
280 230
274 276
242 291
425 395
275 281
255 329
244 318
393 532
476 256
441 417
350 385
552 528
314 485
496 643
288 571
540 574
313 555
533 649
360 545
677 610
452 529
629 629
404 766
987 474
489 585
651 678
385 1029
778 768
501 801
568 807
566 700
935 1114
576 703
637 752
462 1067
1067 1047
559 830
605 827
509 920
943 1217
562 1195
711 1049
698 872
1050 1155
601 1227
722 1070
683 988
1025 1216
785 898
738 1152
729 984
1030 1219
671 1343
1229 1205
986 865
997 1426
786 1148
1162 1359
777 1198
1289 1747
932 1008
1140 1414
843 1178
896 1103
1329 1240
1000 949
805 1338
1284 2025
934 1130
1078 1026
878 1451
828 1797
911 1552
1200 1097
845 1901
904 1724
872 1963
965 1642
971 1656
1084 1470
979 1848
1091 1587
1046 1703
1053 1717
1135 1554
1107 1725
1114 1833
982 2063
1124 1881
1214 1915
1233 1993
1271 1969
1351 1986
517252654 1785851268
1
sift 60
757 386
3 2
290 340
546 250
4 1
651 504
11 18
580 559
15 20
691 557
81 112
675 575
89 111
1284 1608
87 116
717 668
100 174
112 182
877 728
145 151
137 164
889 771
116 313
161 230
1118 1022
142 336
264 201
1153 1027
242 210
223 424
1257 1090
475 241
322 311
1176 1411
329 332
368 443
479 440
575 396
648 460
540 517
311 1416
566 726
800 611
656 741
778 657
640 875
771 744
935 801
1020 755
944 846
838 1082
901 1215
1073 1025
1357 772
997 1158
1269 1103
1122 1284
1336 1140
1289 1315
1359 1574
517252654 1799436415
1
sift 172
346 362
135 102
26 37
190 157
97 82
1147 1434
211 172
95 89
198 187
99 115
228 186
129 124
299 194
105 153
248 224
115 140
225 264
145 181
271 229
161 189
255 233
184 169
253 241
222 146
275 268
205 168
239 299
220 164
283 271
254 161
274 280
240 263
364 270
233 288
309 300
292 275
297 326
1159 150
337 315
378 321
357 307
358 313
343 336
349 345
487 335
312 373
441 409
353 361
448 437
288 507
569 461
314 468
606 450
452 369
605 491
388 442
513 545
479 395
521 550
421 495
676 456
489 408
496 583
509 440
564 562
408 585
533 614
576 452
629 532
539 483
532 660
450 577
637 617
501 522
661 611
546 511
677 596
534 637
636 645
574 591
651 639
654 569
757 572
584 662
722 676
545 707
711 764
837 504
758 745
559 710
987 759
567 720
1094 729
467 896
1066 994
686 641
1205 921
566 838
1057 1061
611 793
1050 1092
701 689
1162 1412
812 629
1284 1517
549 932
1140 1485
846 622
1306 1500
858 613
620 836
872 630
793 673
876 640
778 725
897 649
838 695
754 770
774 773
932 671
771 818
753 842
694 912
935 706
933 735
882 779
866 819
795 894
735 961
841 871
1020 739
995 763
786 978
777 1017
943 866
847 985
1010 827
1116 782
1049 855
1043 870
1073 876
914 1047
1058 917
913 1104
1024 939
1078 934
1000 982
825 1324
1117 973
979 1121
1141 1018
1120 1062
1114 1077
1039 1176
1325 1004
1097 1221
1289 1075
1160 1252
1354 1066
1213 1220
1087 1411
1359 1070
1352 1120
1315 1192
1172 1396
1214 1367
1318 1274
1307 1293
1239 1414
1264 1418
1313 1384
1185 1614
517252654 1861578657
1
sift 178
508 597
102 66
25 22
123 69
239 267
26 28
121 144
36 37
328 163
432 423
49 62
190 174
89 109
290 339
393 543
97 116
211 189
137 121
580 620
987 700
99 147
198 210
184 124
717 838
1205 968
145 172
228 190
154 171
857 849
1061 1421
189 201
271 208
161 290
877 882
196 261
253 239
280 217
889 975
281 224
283 233
240 245
893 1017
242 255
275 262
264 271
1085 1269
274 273
282 280
322 250
1112 1280
244 333
343 459
292 321
1153 1359
289 344
487 361
288 495
476 311
441 421
332 434
396 381
358 585
353 521
479 396
513 484
360 549
359 595
496 553
397 516
347 676
533 613
388 658
669 377
569 629
672 387
404 634
629 583
737 374
816 367
521 702
489 533
540 510
677 584
576 528
679 482
605 673
559 606
655 519
635 640
509 741
566 695
637 692
646 639
611 716
608 854
577 777
798 660
661 829
550 1060
745 710
722 869
846 657
517 1152
711 896
690 762
601 960
738 1091
778 709
774 746
906 1069
932 684
754 815
1228 993
549 1382
799 820
1050 1201
800 821
896 837
1140 1271
786 994
805 970
935 802
642 1381
866 948
743 1132
863 967
843 1036
838 1095
974 933
943 1009
968 1010
795 1329
835 1236
998 1004
1082 958
1223 868
1020 1041
1036 1037
934 1166
971 1118
1030 1048
878 1379
872 1507
916 1418
1200 1025
997 1183
965 1293
875 1576
1053 1171
1049 1229
1091 1185
1080 1227
1045 1344
1046 1367
1101 1314
1160 1276
979 1572
1124 1362
1336 1139
1087 1522
1096 1505
1293 1238
1280 1262
1034 1629
1289 1319
1201 1484
1173 1549
1106 1621
1231 1494
1242 1473
1277 1433
1214 1563
1315 1432
1103 1654
1281 1556
1346 1498
1339 1641
1354 1634
517252654 2095558067
1
sift 93
406 339
208 179
23 25
123 109
239 233
89 110
275 253
99 141
167 166
448 371
152 155
274 254
142 185
580 515
393 489
182 173
282 281
161 250
675 557
552 418
237 213
425 356
264 238
717 674
987 494
244 358
441 360
332 429
917 780
1025 1150
575 293
487 482
353 503
877 820
360 662
533 602
452 484
893 855
404 714
629 678
489 541
889 963
385 1062
651 661
566 596
944 995
577 724
637 705
501 871
1257 1019
569 945
605 950
509 1217
1153 1110
750 841
711 982
729 955
1118 1162
517 1678
738 1389
800 889
1269 1315
601 1488
1050 1242
547 1706
786 1050
1140 1336
843 1022
671 1418
1329 1177
701 1708
1078 1031
805 1560
904 1433
911 1487
934 1453
979 1318
1043 1308
1020 1338
971 1474
1248 1173
1053 1506
1084 1460
1249 1240
1091 1498
1101 1614
1233 1426
1122 1593
1114 1644
1347 1382
1259 1601
1277 1624
1275 1747
