528510916 579717169
1
sift 275
8 19
12 16
198 177
65 60
31 29
85 110
45 28
284 215
95 103
32 44
159 156
78 72
1102 1346
96 104
81 100
156 205
99 114
1370 1606
100 119
92 148
184 220
116 131
175 196
137 112
242 241
139 128
182 193
148 134
270 229
150 153
228 223
256 202
264 250
245 251
240 275
254 256
296 263
261 280
344 255
267 276
321 274
305 272
337 286
445 237
280 381
309 303
352 291
310 318
369 311
371 290
364 324
314 325
374 379
358 306
377 365
391 312
431 394
326 378
413 360
727 236
388 482
434 342
478 393
462 327
483 412
493 330
484 416
479 350
516 425
426 432
467 505
405 476
617 443
442 451
482 497
580 404
627 582
518 502
545 593
500 518
590 708
639 426
652 507
589 454
700 697
485 598
671 506
566 490
677 929
702 428
691 546
476 727
964 772
641 509
735 539
560 628
776 946
565 679
608 694
600 624
909 873
578 670
689 618
607 626
969 970
707 571
637 689
753 541
1053 1091
606 724
704 637
651 686
1147 1081
630 711
787 601
757 577
1324 1001
595 782
851 787
819 561
1452 1217
751 633
946 726
778 609
783 621
1018 814
808 607
718 735
771 1132
695 786
774 676
1501 1015
734 760
697 796
1105 1402
765 716
764 728
1353 1201
717 797
900 622
781 721
818 737
838 723
728 855
731 876
859 748
887 731
762 856
801 815
941 705
916 776
828 841
719 1062
1084 690
723 1068
943 789
961 784
959 791
925 840
869 888
1021 799
926 863
988 828
811 1009
940 937
876 1053
745 1369
1098 861
883 1087
950 998
1083 913
1057 950
989 1139
1163 938
837 1422
826 1499
848 1438
891 1377
1111 1056
1027 1170
954 1284
1108 1079
980 1252
1010 1219
1012 1234
970 1304
877 1584
1153 1086
1047 1253
1113 1191
978 1433
1380 1005
1310 1048
1178 1157
1311 1066
938 1608
1216 1154
1443 1011
1129 1265
1051 1403
1078 1389
1230 1216
1215 1242
1128 1356
1429 1113
1127 1384
1143 1370
1391 1165
1137 1417
1335 1244
1502 1153
1470 1171
1049 1713
1280 1337
1288 1330
1171 1464
1398 1279
1613 1060
1179 1489
1279 1374
1221 1456
1100 1701
1437 1268
1079 1775
1142 1617
1192 1512
1587 1150
1506 1223
1243 1449
1256 1466
1569 1197
1417 1353
1131 1743
1372 1440
1402 1423
1595 1236
1271 1587
1268 1623
1201 1734
1509 1360
1364 1508
1207 1749
1344 1551
1386 1576
1199 1850
1376 1610
1301 1690
1406 1593
1540 1435
1304 1731
1333 1705
1465 1578
1255 1859
1480 1585
1603 1367
1270 1854
1510 1558
1258 1881
1399 1738
1441 1691
1305 1847
1608 1460
1435 1777
1548 1642
1426 1825
1438 1827
1449 1860
1457 1880
1479 1902
1395 1994
1526 1922
1345 2004
1489 1969
1553 1906
1618 1820
528510916 868876902
1
sift 69
165 178
270 163
99 77
178 166
84 92
170 181
369 250
218 174
191 255
233 211
252 238
388 310
390 318
1023 1198
385 322
627 498
304 401
1096 1450
408 430
439 466
1527 1828
608 533
671 543
656 550
580 601
720 526
574 635
588 671
624 655
704 642
719 684
1128 554
760 733
742 811
678 961
982 796
985 831
819 988
914 1031
1051 912
931 1018
866 1113
1090 944
1100 963
1049 1052
1037 1177
887 1491
1524 902
1300 989
1079 1259
1277 1109
1339 1080
1476 1026
1477 1115
1461 1126
1189 1342
1307 1244
1393 1250
1280 1381
1262 1536
1223 1710
1271 1666
1515 1414
1398 1578
1597 1395
1544 1556
1413 1778
1551 1642
1506 1758
528510916 936120456
1
sift 450
541 627
8 18
36 25
54 65
43 38
26 45
71 39
31 51
172 195
65 68
45 30
85 101
32 52
198 196
95 102
56 49
144 146
67 71
284 259
96 111
79 83
153 164
78 84
1102 1250
99 115
80 94
159 169
89 121
100 123
102 130
156 180
92 143
94 142
123 108
180 177
124 128
175 193
116 145
184 215
137 141
182 203
139 150
174 232
119 170
223 210
148 154
235 211
150 163
228 226
127 181
242 236
193 194
270 239
190 201
264 246
213 200
300 261
219 217
296 265
261 189
321 273
181 266
344 271
238 238
309 290
240 243
280 322
245 251
237 395
249 258
342 283
254 252
319 307
248 262
337 296
283 248
325 309
287 250
369 332
267 270
352 305
232 314
364 343
285 277
373 344
308 272
374 377
305 276
390 338
330 284
440 378
310 324
377 354
340 312
483 351
273 392
413 371
354 311
431 383
326 327
434 385
358 315
443 411
371 306
478 408
324 356
484 431
274 415
467 489
445 288
516 439
368 361
485 505
391 345
617 503
339 390
545 562
301 452
569 583
432 342
560 566
399 401
590 559
361 456
601 565
462 362
627 590
410 404
608 621
405 449
597 688
426 419
691 602
479 396
646 692
493 389
637 679
424 467
700 794
456 437
736 576
442 463
786 728
639 370
704 684
491 457
599 1051
482 469
720 668
480 476
1140 620
461 504
787 664
454 512
964 796
507 464
771 878
575 407
909 880
487 499
725 966
556 432
990 884
673 391
853 831
580 444
969 911
519 538
745 941
476 629
1003 1109
520 581
1002 737
662 487
1053 1068
486 709
849 861
588 536
1035 1104
589 569
946 817
564 616
1156 1084
555 676
1018 769
607 587
1147 1091
578 632
861 991
648 577
1431 954
600 611
992 1001
669 589
1324 1093
636 630
810 1371
606 674
1521 1039
652 634
968 1471
624 665
1522 1154
674 637
1501 1026
595 712
1452 1283
630 695
1353 1198
651 681
1341 1399
645 699
1343 1506
707 615
1303 1560
609 727
1295 1589
713 623
1278 1853
702 653
1589 1602
935 514
783 597
751 654
718 698
623 819
712 702
769 672
684 778
808 655
734 738
832 644
717 799
697 826
743 762
778 713
728 787
757 750
840 673
774 731
765 748
791 752
708 869
618 1021
960 648
719 863
781 798
731 855
801 801
814 803
818 815
828 791
838 784
887 749
859 776
931 721
750 903
762 889
723 946
1050 686
746 921
869 828
941 756
813 877
711 1041
837 857
764 948
951 810
959 807
900 852
780 962
812 918
833 899
926 842
947 838
916 864
766 1047
855 914
925 867
893 916
1013 854
876 969
897 968
988 888
831 1078
1009 890
886 1029
981 909
882 1053
950 958
940 1008
1093 882
929 1057
879 1156
1021 956
874 1172
1060 939
883 1201
999 1036
1027 1013
1098 942
958 1098
974 1083
891 1236
923 1206
1031 1080
1111 992
938 1205
954 1185
848 1401
1000 1148
1109 1022
933 1254
1066 1087
1010 1193
877 1454
1130 1062
976 1268
1063 1165
1113 1097
987 1285
1058 1190
1048 1214
1020 1263
1125 1111
1108 1152
1137 1118
1064 1229
1049 1276
1215 1071
1110 1189
1153 1139
1011 1358
1367 999
1313 1032
1347 1014
1143 1182
1080 1296
1105 1256
1128 1211
1051 1345
1285 1103
1100 1308
1235 1145
1163 1215
1270 1130
1129 1281
1307 1114
1127 1298
1230 1188
1216 1209
944 1701
1034 1533
1196 1272
1398 1124
1310 1174
1157 1329
1178 1299
1502 1070
1131 1393
1267 1241
1288 1221
1365 1180
1079 1538
1429 1159
1559 1075
1243 1300
1167 1384
1314 1251
1158 1414
1506 1126
1335 1244
1142 1476
1217 1376
1408 1231
1192 1418
1160 1473
1222 1397
1465 1202
1327 1311
1221 1429
1371 1297
1282 1377
1256 1402
1440 1267
1255 1412
1189 1501
1345 1361
1370 1343
1280 1434
1510 1253
1437 1332
1372 1392
1262 1494
1277 1487
1274 1491
1337 1452
1281 1520
1587 1224
1199 1665
1179 1706
1309 1511
1514 1346
1403 1467
1540 1337
1402 1492
1386 1510
1470 1431
1271 1655
1443 1485
1305 1624
1258 1720
1449 1496
1476 1465
1399 1561
1435 1526
1293 1690
1584 1359
1356 1633
1375 1617
1426 1577
1321 1711
1297 1741
1395 1632
1420 1597
1331 1763
1364 1735
1405 1704
1478 1625
1454 1692
1210 1929
1417 1746
1595 1464
1489 1681
1421 1768
1611 1439
1354 1870
1438 1793
1616 1442
1599 1529
1451 1810
1394 1890
1565 1629
1487 1783
1515 1737
1471 1875
1526 1789
1560 1758
1463 1899
1618 1837
528510916 1029832138
1
sift 121
159 149
32 40
65 61
78 73
184 202
116 110
228 195
140 95
264 208
139 116
240 289
148 123
296 227
133 188
321 230
245 225
337 253
530 183
352 242
432 281
344 292
309 312
370 313
1087 261
478 360
390 295
413 330
437 671
483 371
482 464
652 427
476 850
590 565
485 778
545 675
707 506
627 550
691 530
736 512
607 630
646 662
608 643
704 639
565 719
909 805
781 505
787 544
734 574
1053 1051
859 517
725 826
651 749
1324 871
765 600
946 658
775 634
1147 1035
718 730
1018 909
828 632
717 756
1132 1317
1012 625
712 883
1501 1079
988 688
719 1005
1009 754
916 823
1174 717
869 1046
943 944
967 1006
1153 830
950 1054
812 1285
1058 968
876 1251
1216 858
1048 1047
1010 1131
883 1400
1114 1071
1335 971
978 1393
970 1408
891 1704
1229 1098
1230 1107
1129 1228
1288 1095
1061 1473
1398 1158
1044 1634
1243 1276
1437 1163
1256 1330
1271 1351
1079 1697
1131 1568
1267 1382
1403 1271
1331 1332
1441 1263
1440 1264
1220 1617
1210 1673
1510 1336
1364 1488
1304 1631
1189 1783
1399 1555
1472 1466
1316 1653
1386 1630
1371 1641
1426 1623
1435 1647
1438 1664
1603 1576
1582 1708
528510916 1186326363
1
sift 51
8 19
32 45
159 164
78 80
488 115
116 117
235 207
148 132
296 279
352 267
337 299
507 305
431 331
390 309
434 364
442 516
478 378
608 567
617 467
859 456
483 847
619 638
627 639
707 579
701 661
691 590
545 1069
734 570
1324 926
565 840
862 589
765 586
1147 1291
682 702
735 803
719 1197
1452 1544
851 1015
916 909
966 1123
1360 853
876 1557
1047 1186
1335 946
933 1532
1012 1422
971 1602
1143 1370
1207 1336
1398 1214
1403 1573
528510916 1203176847
1
sift 85
178 170
60 39
191 233
141 136
252 253
291 111
313 392
201 155
293 499
233 211
360 507
249 224
341 272
749 903
290 352
375 310
401 299
316 414
304 449
530 296
423 385
523 335
386 497
455 715
481 718
528 691
595 580
469 834
633 658
651 681
580 750
588 770
718 788
724 805
719 813
731 843
760 852
678 1137
721 1070
876 895
874 901
830 1100
848 1081
863 1094
985 1078
1229 848
819 1390
914 1318
847 1515
925 1303
1010 1208
902 1448
1079 1155
959 1348
945 1396
1045 1257
943 1435
1051 1258
987 1362
1029 1295
1131 1204
1189 1261
1129 1413
1090 1606
1220 1324
1199 1360
1036 1788
1141 1516
1300 1296
1206 1559
1103 1896
1255 1626
1150 1827
1393 1507
1277 1696
1275 1732
1348 1640
1386 1658
1383 1688
1399 1706
1477 1619
1407 1806
1479 1710
1435 1783
1438 1818
528510916 1228518096
1
sift 178
76 130
184 173
14 14
134 80
65 50
22 26
143 112
159 208
36 20
137 128
89 61
35 28
165 158
280 193
33 33
150 157
120 59
47 36
170 163
270 274
42 44
178 168
96 81
48 40
191 195
372 299
59 42
172 210
100 90
60 52
252 290
370 307
72 54
198 230
95 103
79 69
429 287
337 354
91 85
284 285
196 183
88 100
388 329
86 115
313 334
188 194
104 95
474 347
92 121
479 486
182 232
102 109
443 365
109 107
748 977
228 225
112 114
627 637
113 122
611 1600
215 303
127 154
909 1193
161 137
834 1696
352 328
154 167
1053 1215
220 148
1096 1209
395 316
176 185
1147 1635
528 86
888 1673
390 371
193 192
267 197
1022 1518
413 380
261 221
214 267
1102 1401
467 397
249 257
233 294
1237 1497
453 429
232 320
257 353
545 477
268 340
294 304
656 496
291 318
639 181
560 582
310 339
245 447
608 587
304 361
368 374
741 606
330 425
381 382
720 707
445 325
340 450
671 817
334 468
402 418
704 870
426 403
361 555
1075 703
405 529
454 457
968 796
327 810
493 495
851 973
530 489
523 500
1002 1031
432 643
534 570
1018 1080
520 639
644 540
471 863
576 674
481 951
641 701
624 741
623 759
645 771
621 833
630 849
684 819
657 882
588 972
594 1002
695 871
708 1034
552 1622
762 991
800 957
760 1242
833 1081
766 1354
1588 710
781 1383
858 1284
920 1184
1196 895
929 1217
910 1300
975 1218
1000 1212
836 1471
859 1537
1095 1204
879 1606
1359 1004
1045 1358
1041 1433
1098 1351
1090 1491
959 1919
1197 1459
1349 1357
1099 1794
1163 1747
1608 1224
1390 1502
1137 1925
1388 1660
1482 1883
528510916 1240301939
1
sift 56
159 124
31 32
184 188
78 51
242 276
149 116
175 230
285 142
270 284
228 205
309 216
246 306
298 327
300 292
337 321
486 318
369 403
352 342
377 434
426 369
388 436
413 417
372 499
442 450
478 500
434 421
467 527
642 391
516 533
545 532
608 545
632 524
483 1070
607 569
627 695
750 540
1053 1090
1012 472
689 684
842 655
1146 1013
720 705
788 783
707 819
1147 1194
851 744
968 824
1034 677
855 897
1018 1000
999 791
1008 841
1151 839
1032 1098
1359 909
1580 1113
528510916 1358582240
1
sift 132
3 3
184 165
22 24
76 157
65 49
24 31
143 125
325 302
51 50
135 155
99 95
52 51
178 169
337 368
59 52
191 179
95 97
67 55
252 263
372 340
72 74
166 220
120 80
79 89
429 234
388 336
118 106
284 209
100 137
112 136
535 994
370 363
88 168
313 236
196 175
84 212
798 1155
474 325
137 140
620 725
182 200
109 259
1254 1936
627 717
150 178
834 806
188 203
193 207
1053 853
161 281
748 934
294 167
214 227
1147 904
228 219
1096 1203
395 313
198 252
219 270
352 387
232 300
169 597
390 374
233 381
310 307
434 373
291 360
445 341
413 417
330 547
411 462
467 437
442 442
327 721
545 443
454 460
479 479
656 473
493 555
939 347
608 532
639 499
520 640
671 572
341 1607
405 1041
689 731
523 670
469 860
720 864
1612 385
707 644
968 770
607 805
555 892
1018 1621
842 615
645 829
441 1937
630 924
684 863
695 855
708 995
578 1466
999 775
761 1029
835 991
1421 704
759 1266
1359 751
833 1186
888 1118
717 1688
722 1681
929 1216
1345 851
770 1639
1022 1145
974 1225
1095 1221
831 1800
1000 1392
1524 1022
1194 1280
1349 1300
1063 1751
1197 1610
1143 1747
1390 1489
1588 1471
1444 1721
1383 1848
528510916 1430327691
1
sift 104
134 61
159 145
65 40
137 117
89 59
88 171
184 133
95 68
150 151
120 65
109 143
270 231
99 85
172 150
100 97
92 225
278 250
182 155
198 185
228 160
193 192
325 281
267 152
219 210
215 199
214 224
337 275
294 162
445 309
339 172
310 323
372 256
245 380
391 420
352 265
304 344
370 260
395 262
493 446
388 266
247 464
478 422
413 307
479 571
426 325
385 361
516 545
330 484
1066 2372
467 333
639 390
627 547
457 404
1527 1573
545 414
405 747
909 1131
656 365
485 541
520 675
1053 982
608 489
720 606
481 1111
1146 1220
1018 512
851 759
645 768
1147 1262
519 1147
691 1006
684 824
580 994
968 753
630 939
594 1168
1359 899
623 1185
708 1010
1078 1108
761 971
651 1357
797 1027
578 1857
855 1031
718 1882
723 1924
929 1271
775 1779
974 1459
887 1685
1261 1169
920 1749
831 2409
891 2285
959 2098
1063 1849
1588 1352
1233 1709
1137 1996
1419 1598
1206 1929
1524 1493
1594 2118
528510916 1689478995
1
sift 65
178 144
84 48
166 150
868 671
233 155
191 233
291 176
171 305
1195 1102
530 192
252 201
304 367
313 407
1181 1196
505 266
386 347
360 444
408 402
439 477
748 733
515 478
574 527
580 531
588 551
624 605
760 622
817 787
985 704
859 777
819 902
931 829
914 867
987 795
925 886
1045 860
902 1020
1255 815
947 1111
1090 989
1300 827
1277 923
1109 1171
1189 1096
1280 1048
1262 1063
1484 955
1338 1054
1307 1085
1096 1352
1399 1081
1362 1119
1376 1120
1422 1114
1597 1023
1382 1223
1368 1285
1427 1271
1515 1189
1573 1126
1419 1310
1486 1283
1584 1322
1502 1510
1424 1660
1587 1460
528510916 1788219329
1
sift 95
3 3
184 175
22 26
76 70
65 54
51 52
134 67
271 351
52 55
143 110
95 92
59 62
170 168
325 294
72 77
178 161
99 98
112 125
252 266
372 328
100 133
429 279
196 174
88 193
942 937
337 381
137 127
620 673
182 197
150 173
1033 1174
388 340
109 285
748 908
228 210
166 185
627 650
172 184
395 331
193 183
1053 1273
198 195
352 393
214 222
284 201
413 420
219 265
290 249
452 437
169 537
233 372
545 451
310 290
291 348
608 530
274 570
340 446
720 732
445 325
330 524
741 742
454 428
327 905
968 748
493 550
639 444
851 900
520 642
1612 345
1018 1086
576 665
607 708
1132 1457
645 756
630 828
1391 1487
834 694
695 892
708 920
578 1469
999 764
867 861
761 1017
833 935
826 983
929 1094
888 1179
1261 914
974 1199
1045 1154
1000 1240
1066 1205
1022 1428
1095 1297
1383 1346
528510916 1799436415
1
sift 103
74 57
1 1
85 65
12 11
108 73
31 25
95 72
89 75
155 117
139 104
159 130
148 115
184 172
188 157
228 202
229 156
242 224
285 141
296 187
267 185
270 229
309 186
264 239
356 220
298 271
300 241
337 268
320 324
325 319
352 280
374 287
339 343
370 307
385 317
372 327
489 296
388 335
377 332
322 378
566 275
444 382
413 338
467 415
477 358
478 409
442 449
480 471
432 492
602 356
476 481
516 435
632 434
474 615
485 501
545 461
600 452
483 759
560 503
608 491
411 860
627 596
409 896
691 614
612 517
909 1032
607 522
720 639
642 527
1053 995
585 600
810 553
1012 408
1146 974
537 765
1018 611
618 775
1147 1092
750 647
851 764
842 643
1082 1308
707 838
787 846
979 629
922 832
1075 786
855 917
845 931
978 1140
892 965
1008 867
999 894
1009 978
1415 777
1313 932
1168 1145
1275 1138
1552 1084
1493 1224
1164 1583
1572 1264
1580 1273
1385 1546
528510916 1861578657
1
sift 62
85 72
32 21
156 111
31 37
159 144
66 54
237 242
78 62
184 189
148 147
483 700
188 174
264 192
285 193
617 543
270 208
296 210
300 239
590 778
298 233
337 262
309 283
905 650
352 273
325 331
358 290
710 1138
395 332
388 361
377 351
1589 1614
434 340
443 393
413 395
478 421
516 409
467 465
476 622
627 584
480 631
545 629
786 637
560 628
608 673
909 852
707 695
656 862
1053 1116
1012 533
691 822
1147 1201
618 1233
851 896
862 901
1018 829
981 944
1009 994
941 1364
999 1329
1282 1217
1391 1291
1313 1382
528510916 2014127030
1
sift 629
77 74
8 14
1 1
143 134
25 23
2 2
165 129
70 93
12 12
178 180
98 112
9 15
191 231
117 127
14 13
252 257
144 146
16 19
293 414
156 153
18 20
429 437
153 161
24 22
942 1020
155 160
31 24
1124 1231
195 176
32 25
1181 1323
159 181
23 33
180 200
35 34
1195 1308
184 184
40 41
225 207
36 52
230 217
44 38
223 238
46 39
237 229
47 44
235 235
51 43
242 248
45 56
250 255
52 45
255 242
60 51
278 276
53 65
280 266
65 61
270 285
72 67
343 265
68 70
298 295
69 72
296 299
84 64
325 320
78 78
319 297
82 85
321 347
83 84
337 353
80 87
350 395
91 79
342 359
92 88
372 371
104 80
374 379
89 98
387 423
94 100
420 383
96 105
417 449
99 104
464 404
95 106
488 396
88 114
435 445
101 107
443 435
100 110
440 475
112 102
431 518
109 113
474 451
113 119
472 485
120 123
478 505
129 118
484 493
132 133
517 465
124 143
483 622
141 135
516 582
139 142
548 574
118 165
551 584
123 158
625 581
146 144
660 580
148 149
601 624
154 148
661 610
168 138
627 666
166 174
617 690
181 173
655 681
163 187
672 685
201 170
597 752
190 183
690 700
196 186
687 737
185 195
710 726
203 192
590 987
206 203
773 899
215 221
786 883
213 222
852 855
233 204
927 919
228 225
909 965
241 213
964 961
239 218
1038 913
268 197
1241 776
229 243
905 1081
249 228
1082 997
263 227
1139 943
240 249
962 1211
245 247
1053 1121
273 224
997 1253
257 260
1149 1083
260 263
1120 1113
256 264
1118 1179
267 256
1146 1275
262 269
1147 1185
285 258
1208 1219
254 289
1295 1230
284 271
1306 1263
291 277
1225 1462
300 283
1431 1400
320 267
1522 1490
283 315
310 287
301 293
324 284
305 308
414 232
308 306
314 302
299 341
309 318
326 298
317 312
341 291
316 328
304 349
332 322
348 310
322 340
333 342
339 329
313 362
390 292
361 323
327 365
418 281
352 357
329 372
358 358
385 336
378 343
381 350
354 374
406 325
356 378
279 521
399 355
351 407
371 384
377 397
360 428
395 390
397 385
486 321
386 410
816 233
477 339
402 402
410 399
437 375
503 348
413 415
424 409
530 351
407 441
426 417
404 461
442 422
408 467
492 381
476 401
421 456
409 488
482 412
445 448
403 526
489 425
401 548
367 639
457 464
462 473
467 470
552 387
480 469
468 495
487 478
485 482
481 498
497 476
632 380
465 541
495 507
507 503
461 590
471 577
572 443
518 517
500 538
520 522
513 532
566 462
455 643
511 556
555 504
657 439
505 586
547 520
527 562
581 487
790 391
545 575
553 578
531 630
544 597
618 528
560 589
644 527
595 545
580 609
737 515
879 457
658 585
559 674
606 616
600 619
656 592
589 628
608 618
630 605
585 635
662 598
645 606
564 680
607 631
680 588
654 617
634 632
688 599
651 640
637 649
684 620
663 644
620 671
648 665
588 705
671 655
633 691
686 663
543 856
718 653
649 734
674 714
562 850
740 657
724 675
720 682
981 537
717 688
711 694
745 676
703 712
734 695
573 862
719 703
722 702
704 725
759 696
716 730
739 715
697 750
708 740
738 723
743 718
750 719
784 687
635 851
761 710
728 746
707 760
812 668
810 692
845 677
766 736
939 634
857 678
735 777
702 811
748 771
771 749
785 742
691 864
765 764
757 805
780 774
821 754
892 716
802 767
832 756
774 796
764 834
937 707
838 769
778 845
833 784
760 905
806 813
727 972
787 848
856 781
813 833
791 877
855 798
869 793
842 815
814 853
894 780
876 794
874 801
726 1033
853 828
804 904
891 803
828 881
850 858
1099 709
730 1072
818 909
793 938
861 865
801 960
900 846
878 889
922 826
938 819
929 832
863 924
883 921
1008 788
1012 789
819 988
1123 744
829 977
887 933
820 1002
893 932
847 986
948 866
800 1065
837 999
949 882
916 927
974 860
1077 787
952 888
985 867
957 895
1032 840
968 896
986 886
907 970
913 980
980 922
1020 903
943 969
752 1314
940 995
1010 941
827 1155
1000 957
910 1063
1027 939
1009 962
1049 931
864 1127
989 994
926 1056
998 989
1025 971
946 1036
972 1007
1075 942
1101 930
999 1019
925 1107
1079 964
987 1051
992 1042
888 1188
1081 981
1063 993
1111 954
959 1098
1117 950
960 1102
1080 996
924 1173
1051 1038
1087 1004
1018 1082
1057 1049
979 1120
951 1158
1089 1022
1268 901
1229 923
1110 1013
1002 1135
1158 983
1045 1097
941 1246
1103 1059
1415 872
988 1204
1022 1174
1142 1062
1013 1215
1100 1111
1122 1091
1131 1085
1517 875
1064 1171
1163 1084
1021 1266
1090 1176
1036 1258
1097 1169
1129 1128
1248 1035
1162 1103
1390 982
1128 1145
1171 1104
1197 1095
1048 1287
1239 1076
1201 1110
1019 1392
1220 1112
1215 1114
1184 1152
1098 1281
1069 1346
1157 1193
1106 1297
1230 1154
1440 1044
1206 1191
1031 1479
1207 1195
1096 1370
1160 1254
1178 1223
1252 1166
1300 1137
1078 1435
1109 1375
1246 1181
1233 1197
1359 1117
1510 1055
1493 1074
1283 1192
1348 1150
1186 1292
1216 1270
1277 1212
1273 1228
1224 1279
1371 1162
1189 1329
1282 1243
1214 1305
1135 1440
1299 1238
1153 1423
1307 1249
1335 1232
1255 1320
1345 1239
1240 1361
1174 1424
1280 1348
1422 1218
1327 1293
1552 1132
1337 1296
1462 1200
1385 1271
1203 1461
1314 1340
1476 1208
1159 1504
1290 1393
1275 1412
1386 1307
1448 1274
1427 1283
1389 1322
1245 1466
1393 1326
1433 1291
1416 1306
1381 1355
1222 1491
1378 1359
1347 1378
1372 1369
1399 1357
1293 1444
1398 1371
1375 1382
1414 1364
1396 1380
1343 1417
1454 1332
1391 1399
1461 1331
1426 1372
1449 1368
1439 1373
1477 1334
1457 1365
1463 1366
1364 1449
1479 1352
1518 1349
1485 1397
1498 1385
1429 1463
1520 1367
1471 1413
1494 1406
1409 1483
1438 1472
1492 1416
1478 1431
1568 1341
1514 1405
1515 1409
1537 1455
1565 1426
1534 1474
1533 1499
1616 1374
1586 1485
1595 1515
1597 1517
528510916 2045004962
1
sift 148
134 132
8 15
1 3
54 52
74 41
59 42
159 175
65 47
137 137
96 92
99 76
174 169
120 73
172 216
100 120
92 139
184 167
102 129
198 228
188 184
88 201
265 190
127 157
284 337
187 261
148 149
280 213
150 171
365 532
228 247
189 160
270 269
183 209
611 1417
342 298
196 198
337 325
193 217
834 1481
352 319
267 208
372 316
219 253
1527 1607
369 321
214 260
374 345
216 280
395 313
340 230
388 336
339 246
359 375
294 276
443 383
232 362
377 367
245 369
474 408
310 395
390 392
330 393
478 475
391 399
413 406
445 349
601 413
274 628
434 400
371 561
483 533
456 438
467 430
406 502
516 592
453 466
545 477
493 434
627 571
432 498
560 558
639 431
1082 714
487 595
608 524
481 774
909 1018
520 722
704 797
845 488
1053 963
635 626
851 879
552 750
1431 823
671 655
861 947
641 719
1295 1117
707 670
1075 859
594 850
1147 1315
645 825
788 1530
630 885
1146 1389
578 1130
1184 1308
900 731
615 1303
719 1054
708 1101
695 1199
968 832
762 1082
742 1211
1072 851
732 1696
958 1153
1090 1033
1031 1123
1106 1058
882 1482
961 1340
974 1387
925 1522
876 1724
1379 1005
875 1742
1022 1412
1036 1511
1163 1294
959 1839
1206 1374
945 1926
1108 1688
1109 1689
1143 1755
1137 1807
1307 1643
1199 1829
1197 1841
1368 1704
1391 1847
1594 1573
1348 1932
1611 1886
528510916 2095558067
1
sift 53
159 139
31 43
193 166
364 292
32 41
184 203
66 62
639 322
325 334
109 50
242 190
148 141
645 557
909 854
271 175
264 194
352 254
684 674
337 253
388 315
308 358
708 820
406 288
478 360
395 390
797 780
434 384
627 581
377 514
761 963
413 419
1147 1242
560 791
833 855
707 596
1452 1365
689 661
929 994
545 945
630 829
963 984
607 871
608 950
974 1019
828 665
711 864
1000 1111
657 1194
899 911
1390 1162
1009 1050
1018 1122
1143 1524
528510916 2130703568
1
sift 173
134 66
159 160
66 52
54 63
235 156
67 60
76 278
184 170
89 82
137 125
109 1168
92 85
165 141
270 167
99 87
150 132
242 204
96 88
264 178
120 71
186 136
372 311
95 118
296 222
88 187
172 188
483 506
968 77
342 305
188 180
198 174
478 518
261 146
337 320
182 211
323 186
516 516
196 215
369 323
187 237
446 296
601 443
228 251
388 340
213 280
284 526
597 543
215 286
443 369
267 238
391 395
590 641
300 243
664 626
368 213
479 447
530 1327
340 252
646 669
322 285
1022 1800
909 889
639 177
701 1347
294 326
1527 1811
1146 996
352 301
1306 912
330 348
1608 1970
1045 1397
304 424
1053 1192
290 467
1295 1227
395 337
1147 1392
377 383
1614 1484
390 413
406 399
413 417
434 421
408 450
456 441
467 446
453 472
668 356
656 402
487 525
552 496
545 523
706 429
621 461
471 681
560 561
481 760
671 546
520 740
608 585
588 716
519 950
645 803
594 857
720 730
630 907
704 807
845 660
684 906
595 1163
609 1177
740 920
708 989
751 974
808 880
651 1288
678 1326
769 1155
797 1087
992 863
761 1226
775 1175
658 1603
719 1351
858 1042
759 1307
833 1154
723 1435
757 1365
717 1502
849 1189
859 1222
929 1193
1106 982
1075 1026
731 1815
1004 1186
746 1864
1078 1083
789 1636
1018 1204
747 1956
1087 1146
1397 909
931 1367
812 1727
1031 1303
1379 1001
961 1445
980 1449
974 1479
876 1825
959 1551
869 1895
947 1682
1000 1565
1163 1350
958 1798
1036 1735
1132 1550
1020 1892
1193 1465
1063 1796
1206 1688
1349 1725
1367 1898
1362 1928
1422 1900
1546 1757
1390 1983
1437 2019
1620 2018
528510916 2146998783
1
sift 138
4 7
49 33
1 1
54 71
255 240
2 4
134 138
627 568
35 34
143 133
41 36
170 163
1146 1348
67 51
165 173
60 64
178 164
79 90
172 201
101 85
191 187
82 113
252 269
109 89
942 1001
112 111
1623 1563
113 130
124 127
137 131
150 145
166 158
167 237
198 230
291 189
219 235
261 205
213 270
232 299
323 222
249 285
304 336
268 413
310 372
290 434
330 376
284 485
406 334
446 364
327 710
423 489
402 596
493 464
454 544
639 420
471 564
425 707
634 523
481 768
621 547
520 704
624 566
519 734
576 680
580 684
645 674
595 758
630 752
588 828
578 919
594 890
684 767
606 897
678 792
552 1132
649 916
910 685
879 700
708 910
712 917
615 1159
722 975
748 936
718 999
760 923
761 942
719 1063
717 1110
759 1035
611 1491
746 1086
833 933
834 967
836 969
757 1156
766 1103
747 1192
742 1217
774 1119
731 1321
929 1025
831 1167
859 1294
1397 810
888 1271
920 1196
876 1358
877 1376
869 1395
891 1351
974 1201
1000 1175
874 1451
961 1274
902 1465
887 1509
959 1349
985 1341
1090 1172
931 1457
1031 1296
1193 1081
1096 1233
938 1541
1163 1184
1022 1459
986 1551
1063 1442
1049 1516
1010 1590
1197 1317
1143 1403
1108 1553
1287 1508
1307 1533
1237 1598
1342 1601
1594 1512
