561836557 751210311
1
sift 187
51 174
59 34
131 70
903 632
96 69
161 96
278 250
108 67
193 82
1117 973
121 72
171 115
304 255
175 134
235 140
1472 902
256 245
273 128
556 451
219 157
286 122
1412 1342
336 199
233 186
707 737
276 178
246 183
1464 1408
349 212
249 246
989 935
310 218
581 173
407 209
395 197
387 227
426 214
423 293
355 298
513 231
449 281
457 308
447 320
527 334
405 377
619 389
542 335
586 318
435 461
656 437
596 360
608 371
507 442
727 417
609 394
634 423
679 467
628 520
702 405
641 453
729 517
667 543
1040 369
773 475
767 587
803 508
840 530
828 541
718 630
696 622
945 515
957 500
804 600
983 524
865 553
976 536
722 675
850 644
845 621
1101 512
791 678
1156 567
811 663
924 686
532 1227
709 894
886 610
1023 713
927 617
1222 645
874 657
1422 689
875 662
1091 940
774 739
1491 777
843 707
1582 837
932 661
1549 913
818 766
1520 928
855 735
1562 919
1124 599
1362 1037
942 722
1532 976
935 753
1629 942
1029 718
1353 1085
990 742
1540 1005
1005 740
1711 911
1100 717
1785 1319
1134 708
1607 971
1146 712
883 884
1249 1219
1108 756
1316 680
1612 1064
1034 791
1166 747
1499 1237
1305 703
1030 813
1824 1012
1189 752
1094 804
1803 1056
978 978
1123 854
1795 1209
1395 767
1307 785
1783 1325
1328 801
1349 793
1706 1436
1380 788
1135 947
1066 1030
1245 898
1172 986
1169 991
1516 810
1430 841
1196 998
1183 1017
969 1372
1274 946
1270 955
1089 1185
1398 907
1529 889
1251 1074
1427 975
1536 953
1467 990
1458 1018
1561 979
1382 1093
1385 1106
1216 1306
1609 1026
1347 1184
1518 1121
1691 1045
1703 1068
1769 1048
1556 1218
1579 1211
1744 1138
1437 1403
1424 1481
1623 1281
1621 1335
1761 1236
1768 1289
1628 1465
1720 1359
1791 1352
561836557 856798745
1
sift 229
1815 1825
161 65
115 39
1249 1180
239 78
80 53
273 82
131 76
179 115
146 104
344 110
138 132
310 133
204 117
355 138
286 103
395 130
205 136
586 243
246 147
596 241
235 178
570 286
245 224
608 304
244 240
702 291
257 263
634 363
148 959
1040 266
433 211
773 365
369 373
840 376
375 379
865 482
343 436
1015 500
376 422
1491 550
449 342
1690 621
542 306
1380 641
452 377
1549 795
477 387
1673 755
436 448
1352 895
435 458
969 1442
585 372
1607 856
561 398
1659 877
519 411
1711 876
541 406
1499 1034
500 444
1803 930
507 474
1795 963
523 463
1783 1127
393 813
1535 2014
557 509
609 469
551 627
479 772
612 566
669 571
511 909
777 564
1371 423
692 695
869 554
804 631
886 570
785 675
718 751
815 666
845 659
902 614
795 714
791 731
664 931
873 644
843 700
837 712
774 802
818 757
855 718
800 834
811 829
861 784
816 867
1029 648
898 756
851 819
932 727
945 721
931 738
927 781
1124 667
875 887
732 1208
942 824
985 796
1146 690
1046 789
752 1304
935 925
990 889
770 1432
1160 835
1005 957
1079 924
1282 826
1193 893
929 1278
1059 1077
1202 939
1100 1061
1071 1161
1208 970
1201 992
1245 994
1057 1316
1126 1186
915 1680
1084 1312
1185 1151
1329 1006
1570 894
1171 1216
1215 1142
1403 1004
1209 1174
1190 1223
1196 1270
1108 1446
1497 999
1200 1329
1307 1235
1253 1333
1369 1204
1086 1687
1251 1364
1433 1154
1395 1203
1140 1583
964 2238
1110 1689
1372 1257
1470 1202
1203 1550
1398 1343
1087 1987
1172 1739
1358 1396
1481 1279
1363 1451
1332 1483
1420 1434
1430 1455
1447 1436
1349 1542
1216 1820
1261 1743
1175 2015
1524 1429
1239 1852
1270 1803
1581 1425
1691 1325
1609 1402
1274 1830
1221 2001
1277 1861
1340 1728
1360 1688
1427 1640
1677 1393
1611 1468
1241 2041
1421 1703
1578 1537
1533 1589
1536 1614
1809 1335
1648 1510
1341 1893
1316 2106
1424 1884
1623 1622
1825 1392
1414 2008
1385 2057
1444 1986
1770 1545
1592 1802
1449 2042
1514 1936
1817 1526
1705 1731
1567 1950
1744 1746
1561 2065
1723 1792
1622 1976
1703 1844
1552 2145
1717 1926
1615 2252
1682 2157
1791 2003
1556 2464
1761 2105
1373 2605
1704 2323
1747 2408
1756 2459
1808 2385
1709 2587
1822 2449
561836557 868876902
1
sift 129
159 73
21 28
365 213
407 384
35 30
367 162
40 32
655 437
55 54
276 217
80 47
619 514
82 107
349 229
237 91
716 614
182 143
398 300
190 133
803 570
129 327
545 380
205 252
696 634
243 206
634 362
280 191
667 689
254 211
608 473
409 161
965 517
245 244
472 740
246 273
850 707
268 260
641 667
305 393
1156 569
452 319
925 664
375 379
976 651
424 422
1317 753
785 313
1091 1159
490 413
1249 891
542 408
1362 960
590 374
1422 952
478 458
1222 1119
600 466
1220 1190
559 515
1597 1036
396 901
1674 1015
849 508
1785 1370
685 613
1499 1157
919 561
845 635
1711 1066
811 657
721 806
1352 1760
875 679
1125 578
1803 1562
807 769
908 671
854 755
718 902
664 1002
1051 645
927 739
795 882
934 798
1049 757
768 1024
654 1593
800 1092
1134 792
883 987
1305 733
877 1151
1190 842
1308 839
1436 823
1196 945
1282 912
1200 980
978 1282
1061 1158
1135 1104
1150 1117
1274 1008
1430 949
1058 1332
1172 1195
1592 944
1427 1018
1395 1148
1556 1108
1536 1123
1447 1165
1420 1200
1458 1171
1791 1034
1449 1229
1628 1152
1118 1790
1303 1474
1576 1225
1669 1168
1404 1464
1106 1846
1642 1252
1677 1250
1621 1534
1581 1653
1720 1726
1768 1771
561836557 1076394345
1
sift 504
5 8
7 9
8 7
95 95
33 42
15 13
136 100
52 49
20 14
263 284
54 54
21 16
278 332
59 64
28 22
304 349
58 56
44 19
382 377
77 103
32 34
556 481
117 77
35 31
788 996
96 97
36 32
1256 1200
107 113
31 38
1109 1595
109 110
40 37
1435 1227
103 126
46 36
142 102
45 47
121 124
56 55
141 142
70 52
156 151
66 61
159 148
72 62
161 153
69 70
163 160
74 69
183 162
78 67
147 218
84 71
171 194
82 74
196 254
81 76
215 205
106 78
239 196
80 94
219 250
86 93
256 209
93 90
262 242
92 92
269 239
100 104
261 253
126 88
274 241
94 122
251 289
104 118
273 306
128 99
223 373
110 138
276 312
137 111
308 287
138 117
312 307
122 135
310 331
112 152
344 314
133 133
297 392
140 128
319 361
132 139
364 318
158 123
317 382
150 127
336 370
146 145
351 355
169 134
352 416
177 129
363 410
216 109
322 476
144 173
407 360
151 161
337 474
160 158
374 425
153 168
387 430
201 140
423 402
181 172
395 443
190 175
384 452
197 178
404 434
172 210
340 563
186 226
368 514
228 190
402 448
202 236
398 469
207 225
415 456
211 217
417 463
210 221
439 455
260 179
531 419
189 286
430 519
222 245
446 503
243 230
440 510
220 263
462 516
275 202
480 505
271 222
484 506
268 233
370 729
279 219
472 530
249 248
457 590
204 356
533 517
246 257
527 526
257 258
464 588
270 274
471 589
293 261
487 591
294 301
513 571
259 340
545 576
392 207
492 669
289 319
564 600
327 264
509 668
314 311
570 619
286 372
586 637
280 411
642 608
408 300
628 663
376 335
601 710
346 375
608 705
394 330
641 694
378 337
619 742
307 437
672 675
350 381
634 751
371 362
709 673
377 359
677 724
373 380
713 684
335 429
655 795
365 397
696 761
390 376
716 738
332 486
757 718
393 400
667 834
403 396
729 770
414 399
630 957
412 414
702 814
375 522
712 810
409 482
823 741
405 499
689 940
424 459
727 907
422 479
803 865
482 421
779 917
419 497
764 942
572 383
840 876
450 485
724 1096
449 501
826 893
479 465
828 934
558 432
789 1001
503 467
802 989
481 496
769 1051
517 450
850 960
524 458
773 1126
532 488
860 954
485 529
820 1060
453 596
878 974
542 515
924 908
551 521
865 1007
519 542
952 886
550 534
901 1013
452 646
808 1222
590 504
896 1055
571 535
983 992
561 546
906 1112
477 655
928 1090
552 579
957 1121
523 599
969 1065
575 549
965 1124
565 577
976 1149
543 609
987 1237
697 483
984 1183
621 543
832 1688
579 616
1020 1245
557 704
1040 1231
585 640
936 1447
594 632
1023 1272
614 612
1220 1085
685 547
1056 1313
615 662
1098 1326
631 674
1101 1381
637 692
1091 1411
664 666
1212 1269
682 670
1333 1179
639 745
1092 1569
785 605
1487 1135
693 702
1102 1603
690 716
1222 1384
917 552
1249 1375
732 697
1281 1397
692 733
1289 1386
721 717
1164 1620
752 693
1291 1483
725 723
1323 1521
660 871
1317 1664
726 775
1352 1632
743 771
1309 1701
776 750
1457 1599
770 764
1422 1665
857 690
1558 1698
799 763
1681 1680
797 780
793 783
695 904
1013 610
836 756
806 787
841 762
775 826
824 792
766 847
855 786
683 1042
774 883
814 841
804 878
883 805
768 961
795 949
844 874
794 972
772 1020
809 948
848 894
843 914
777 1027
755 1106
915 852
818 1034
894 897
858 970
811 1064
903 926
954 899
935 931
796 1185
807 1167
949 918
854 1068
909 965
1163 772
861 1074
851 1115
869 1086
944 975
942 1028
897 1103
1128 849
870 1160
874 1159
1004 968
988 1000
1031 959
900 1134
1005 984
932 1109
977 1049
908 1169
1034 1012
1016 1024
922 1151
990 1092
863 1339
879 1304
1009 1116
974 1163
1113 1006
1094 1032
1205 930
1296 882
856 1501
1086 1089
1087 1101
923 1332
1002 1204
1055 1147
1057 1166
1182 1029
1029 1201
1148 1070
1166 1066
1111 1128
1089 1145
1090 1146
1059 1210
1123 1165
1033 1267
929 1493
1065 1250
1117 1208
1169 1155
966 1473
1345 998
985 1460
1008 1417
1138 1225
1076 1333
1181 1211
1174 1238
1093 1377
1061 1465
1439 1069
1525 1047
1235 1244
1276 1213
1298 1197
1079 1542
1248 1262
1303 1215
1251 1270
1257 1268
1126 1506
1268 1264
1228 1351
1214 1370
1338 1246
1150 1559
1207 1428
1312 1328
1239 1436
1175 1600
1206 1520
1240 1458
1384 1277
1171 1611
1208 1535
1252 1453
1210 1547
1241 1503
1144 1676
1264 1475
1282 1494
1516 1317
1835 1048
1316 1540
1396 1430
1464 1394
1617 1292
1437 1470
1358 1577
1339 1607
1404 1560
1387 1589
1436 1526
1440 1530
1413 1574
1701 1323
1639 1406
1509 1555
1382 1693
1514 1614
1750 1408
1583 1598
1420 1713
1560 1672
1367 1720
1771 1594
1831 1421
1670 1692
1834 1591
561836557 1203176847
1
sift 393
788 524
109 67
2 2
799 558
96 86
8 8
997 1252
127 106
11 10
1240 785
159 100
17 14
989 1320
156 94
21 18
1117 997
175 122
35 27
1211 1161
161 128
40 34
1351 1130
171 139
53 28
1603 1006
178 132
60 44
1440 1392
219 146
80 54
1789 1657
229 121
84 53
1464 1411
291 197
146 89
338 108
137 92
367 184
119 110
310 268
113 130
349 245
152 103
395 271
138 126
417 315
236 96
398 284
179 147
495 277
190 149
440 317
204 154
510 306
200 176
439 350
188 202
407 397
293 142
431 448
197 191
527 504
283 168
596 372
243 194
619 554
148 469
513 412
254 211
709 479
245 220
545 407
234 238
628 617
249 232
570 442
268 209
696 563
280 200
634 423
246 241
713 594
294 207
641 487
244 278
802 586
257 302
586 555
258 361
730 644
433 221
608 542
411 247
667 717
325 309
502 884
581 203
828 611
305 405
702 585
375 331
803 619
346 369
765 655
372 349
850 689
421 342
1486 498
350 425
965 654
449 344
716 1035
409 384
924 859
424 388
865 797
477 363
957 890
376 523
896 774
436 438
1665 683
452 431
1102 720
482 414
1657 723
590 373
1023 766
371 649
1060 1079
414 568
1040 775
503 457
1220 1077
463 511
1015 881
542 435
1156 1175
524 447
840 1211
565 446
1091 1428
558 449
1267 746
560 481
1222 1276
490 549
1101 886
559 515
1442 1144
592 463
1317 929
523 557
1422 1207
479 630
1690 1049
557 560
1644 1095
601 534
1352 1308
621 536
1306 1542
550 628
1558 1279
419 967
1362 1481
546 682
1473 1379
588 641
1532 1358
796 497
1562 1412
771 519
1540 1555
551 787
1499 1616
750 553
1602 1490
685 614
1457 1674
660 653
1801 1445
612 745
1659 1511
691 631
1629 1683
695 635
1711 1580
729 623
1783 1536
853 556
1781 1547
722 652
1707 1791
637 782
1803 1908
768 650
1795 1973
682 737
708 718
791 657
755 692
777 679
869 622
664 837
794 698
614 1036
849 656
797 714
945 603
837 699
721 819
811 779
718 927
917 693
744 900
894 728
758 883
875 747
780 865
876 751
726 1019
654 1224
845 835
757 1011
858 840
793 984
725 1122
1177 645
854 876
871 851
863 868
994 753
818 977
683 1257
776 1067
800 1034
851 932
927 822
898 855
843 985
883 913
897 917
1049 781
886 946
752 1240
1436 627
1585 613
844 1105
978 871
939 935
1094 784
774 1247
984 899
966 922
1003 877
1001 894
855 1134
1051 866
1166 789
931 1052
969 999
1125 858
1146 857
985 1058
932 1139
929 1156
1238 818
836 1486
1108 981
1100 993
935 1220
1047 1086
1079 1041
1029 1107
990 1178
949 1267
1305 852
1209 945
1236 925
1043 1164
1193 988
842 1755
1059 1152
1183 1007
1168 1042
1017 1217
964 1332
944 1424
1584 812
1071 1199
1150 1190
974 1497
915 1722
1160 1197
1213 1132
1034 1440
1089 1323
1201 1233
1571 991
1069 1514
1308 1154
1200 1268
1065 1605
1087 1551
1086 1576
954 1956
1394 1162
1282 1258
1221 1335
1196 1405
1181 1457
1155 1525
1433 1187
1133 1618
1316 1277
1253 1352
1470 1173
1144 1630
1349 1265
1312 1300
1359 1263
1380 1251
1137 1686
1392 1269
1171 1652
1111 1822
1276 1448
1596 1177
1245 1517
1519 1225
1360 1348
1570 1204
1425 1294
1421 1297
1174 1740
1449 1350
1458 1346
1419 1422
1834 1038
1560 1303
1341 1574
1561 1333
1807 1160
1340 1607
1403 1523
1533 1409
1430 1545
1496 1472
1264 1838
1544 1446
1369 1672
1329 1737
1514 1487
1542 1464
1303 1816
1363 1811
1652 1452
1536 1623
1411 1828
1572 1632
1592 1606
1318 1952
1576 1644
1677 1507
1332 1941
1581 1656
1725 1466
1413 1864
1663 1567
1556 1739
1600 1688
1633 1677
1385 1966
1398 1957
1583 1769
1611 1757
1660 1697
1545 1886
1621 1848
1717 1750
1754 1753
1606 1928
1676 1881
1761 1789
1687 1895
1768 1827
1778 1824
1682 1934
1764 1869
1691 1967
1759 1912
561836557 1228518096
1
sift 101
1451 967
109 76
80 51
159 98
66 77
175 142
91 138
319 194
151 97
276 372
179 171
310 347
190 187
348 299
200 250
374 307
234 226
345 349
245 261
417 329
280 260
495 371
254 294
398 483
305 247
402 480
372 304
533 434
424 403
724 407
558 361
634 475
490 421
619 541
542 478
527 704
498 535
713 531
544 539
709 625
590 487
703 839
1088 319
802 786
479 650
850 775
771 427
803 1001
557 677
924 1161
523 792
1457 940
1436 420
1102 1011
758 682
1249 1116
722 780
1442 973
664 917
1317 1227
695 943
1156 1468
902 716
1352 1505
708 951
1602 1799
884 815
984 727
785 1073
794 1138
718 1316
908 972
851 1133
752 1418
793 1415
1234 811
909 1353
836 1705
1049 1189
985 1350
966 1413
931 1854
1059 1453
1064 1445
1140 1372
1305 1242
1458 1110
1556 1087
1086 1930
1349 1384
1213 1669
1200 1949
1310 1769
1430 1780
1360 1919
1615 1716
1636 1729
1536 1936
1720 1718
1725 1901
1721 1965
561836557 1305823326
1
sift 137
1480 1506
162 93
131 57
903 466
423 386
171 99
142 126
254 137
767 587
727 339
205 191
276 158
243 155
1166 832
677 399
246 193
368 187
426 186
1240 846
619 500
349 215
310 249
452 268
1117 1049
803 477
578 247
586 320
365 344
667 583
375 376
596 356
409 348
696 692
376 413
634 331
405 431
850 650
542 353
608 377
435 474
983 551
478 432
563 401
708 350
1156 531
558 507
641 434
597 492
709 882
702 408
840 666
729 480
1222 679
612 577
1657 470
842 489
1422 750
869 464
1249 785
791 519
1091 1045
722 647
1492 873
1051 494
1362 1018
664 757
1674 884
695 744
1532 1022
718 726
1711 925
875 591
1785 1019
873 601
1499 1061
927 569
682 779
1306 1570
917 616
532 1630
1784 1119
851 714
721 870
1352 1638
1146 586
843 844
1534 1658
1029 749
1100 710
855 899
732 1203
768 1122
752 1260
942 914
1305 707
1094 792
1248 758
1554 691
1797 627
1106 888
978 1069
1349 774
1034 1088
1245 860
1304 839
1196 954
1135 1082
944 1557
969 1465
1172 1142
1430 959
1363 1068
1447 1041
1561 1013
1427 1078
1615 1010
1536 1072
1340 1329
1513 1182
1303 1483
1251 1668
1385 1490
1611 1314
1404 1568
1717 1262
1754 1249
1761 1267
1505 1524
1628 1405
1663 1384
1680 1420
1583 1637
1621 1625
1768 1455
1751 1491
1756 1500
1687 1670
561836557 1358582240
1
sift 92
1451 1065
319 203
41 58
367 217
55 39
1632 1544
359 238
80 61
372 244
179 172
300 406
234 180
348 340
200 231
374 363
245 245
345 501
254 381
495 374
305 391
492 387
375 334
388 511
424 354
709 494
339 558
596 608
479 420
713 522
436 463
712 717
542 458
969 813
590 468
865 941
503 607
924 1012
498 700
1102 858
664 528
906 1246
611 591
1442 1032
544 785
1521 1059
683 927
1015 1938
776 824
1267 1481
718 1022
1309 1484
818 891
1317 1733
837 887
1629 1526
695 1158
785 976
800 1046
836 984
725 1249
963 851
898 931
794 1227
853 1119
985 937
981 1051
1089 996
1049 1056
1079 1078
1064 1113
1144 1044
974 1270
1065 1244
1086 1306
909 1742
966 1695
1110 1390
1216 1370
1427 1303
1471 1319
1720 1205
1360 1477
1404 1520
1579 1381
1345 1638
1430 1580
1514 1549
1771 1443
1756 1498
1395 1932
1641 1717
1600 1848
561836557 1430327691
1
sift 67
1451 862
359 167
41 55
405 219
372 162
80 50
348 256
85 107
1248 1034
374 260
112 235
345 360
200 226
1581 2341
424 325
234 189
533 312
375 268
585 598
490 341
865 1150
558 344
1089 980
479 579
1442 759
542 529
1102 989
590 597
1317 1110
611 586
969 1268
609 604
1249 1308
669 617
1352 1346
544 914
1520 1621
758 676
1602 1763
664 965
708 1111
1049 731
785 1223
718 1493
818 1276
794 1475
1079 1166
1067 1191
836 1850
1392 964
1341 1050
1179 1433
1064 1628
1193 1454
974 2067
1213 1490
1245 1724
1702 1326
1308 1677
1181 2075
1460 1623
1720 1443
1404 1863
1201 2404
1360 2098
1544 1934
1721 1987
561836557 1689478995
1
sift 115
159 67
40 26
460 355
84 45
161 106
82 88
709 423
175 96
276 162
138 138
802 453
129 250
367 134
205 189
696 521
237 168
349 194
243 166
803 504
254 155
310 269
280 149
667 563
409 132
398 225
246 198
965 473
268 206
545 322
447 145
850 569
305 384
634 298
737 266
976 589
542 333
608 399
558 367
925 729
559 417
641 479
520 431
1156 659
657 362
1317 600
590 481
1222 790
600 477
1757 590
869 440
1422 767
685 539
840 1182
970 445
1091 1077
842 509
1362 865
845 527
1532 912
551 859
1562 802
797 583
1457 1021
908 551
1711 913
1125 501
1306 1390
927 566
1674 1038
795 667
1754 1168
750 714
1499 1163
1020 584
1785 1260
683 860
1352 1527
1051 621
800 808
874 770
919 750
843 869
883 822
793 1024
1305 622
935 800
768 1154
1307 674
1210 759
1100 846
1237 810
1369 762
1523 764
1458 784
1470 788
1427 829
978 1344
969 1391
974 1431
1276 1020
1360 979
1316 1017
1556 928
1303 1092
1536 997
1106 1540
1004 1731
1703 956
1761 945
1467 1192
1704 1120
1669 1221
1545 1371
1676 1526
1766 1550
561836557 1788219329
1
sift 96
1246 1015
219 175
55 43
319 208
80 66
1451 1011
367 213
179 166
359 240
200 234
1632 1342
300 385
245 269
276 426
386 251
348 328
412 367
417 340
424 360
345 472
479 443
492 393
498 680
388 587
544 757
471 527
639 621
570 515
600 792
642 451
732 749
634 496
692 800
596 598
695 822
619 687
836 790
563 886
800 857
713 620
818 840
709 640
708 1016
667 689
843 821
712 650
725 985
850 723
837 894
865 990
793 962
906 966
945 881
976 968
1064 794
1442 900
908 925
1102 1208
853 1077
1091 1423
981 898
1352 1230
1089 884
1786 1463
1049 929
1675 1567
1079 936
1002 1032
1058 973
1065 1003
974 1144
1055 1064
1059 1062
1086 1110
1579 851
1071 1365
1181 1197
1421 1021
1108 1355
1305 1109
1213 1307
1298 1227
1136 1522
1720 1036
1410 1233
1345 1361
1404 1373
1307 1521
1514 1458
1413 1550
1626 1450
1768 1308
1721 1408
1525 1612
1736 1577
1483 1648
561836557 2014127030
1
sift 60
287 172
1597 1187
84 63
315 231
66 85
437 332
104 89
137 111
294 242
406 280
477 316
482 328
558 349
481 515
565 483
796 410
771 427
708 498
737 586
734 595
902 559
960 643
970 639
879 702
884 729
693 970
908 705
909 735
683 1097
856 830
776 1037
1137 753
1701 608
1255 873
1436 782
1430 823
1305 905
1282 1038
1418 1014
1447 1010
1360 1098
1621 1028
1536 1099
1570 1085
1560 1107
1316 1289
1434 1198
1542 1143
1576 1149
1358 1328
1628 1139
1592 1176
1703 1169
1835 1027
1768 1216
1677 1326
1761 1259
1556 1478
1704 1383
1732 1447
561836557 2019709110
1
sift 89
162 85
80 66
727 274
229 148
563 286
246 168
1040 279
375 385
803 345
376 401
957 324
436 369
641 417
542 365
840 379
523 388
1685 291
557 425
1491 566
590 479
1532 865
597 587
969 1094
551 747
1559 943
729 483
1785 955
837 513
1711 995
718 738
1500 1446
805 667
1607 1200
795 681
1795 1374
664 925
1046 533
695 884
873 682
800 799
855 769
1029 645
908 768
794 1240
942 912
1570 573
1084 817
1369 666
1497 635
1100 950
1200 849
990 1256
1201 957
1308 922
1470 831
1261 1036
1146 1357
1395 1084
1542 982
1691 996
1642 1028
1427 1192
1421 1236
1529 1143
1467 1273
1172 1800
1420 1342
1155 1921
1817 1072
1340 1599
1277 1782
1360 1645
1449 1518
1504 1475
1615 1370
1770 1247
1536 1552
1567 1536
1270 2013
1447 1716
1556 1598
1648 1516
1424 1913
1571 1750
1663 1648
1623 1754
1761 1752
1768 2034
1791 2090
561836557 2045004962
1
sift 64
1632 1551
1726 26
80 56
142 99
367 172
179 194
374 322
190 187
1180 1052
713 530
372 276
276 513
375 292
1306 1461
709 673
305 669
533 432
558 366
667 744
490 409
840 593
479 546
850 842
609 550
924 848
611 572
976 841
1133 422
1176 772
668 623
1442 879
708 774
1102 1011
695 983
1156 1786
794 1103
1317 1146
894 955
1503 1599
718 1619
1352 1416
1150 970
1674 1651
1049 1100
1089 1051
1754 1565
966 1291
943 1385
969 1508
1058 1463
1158 1360
991 1791
1085 1577
1076 1766
1308 1362
1213 1540
1200 1615
1179 1758
1201 1890
1720 1317
1360 1839
1652 1678
1621 1892
1736 1806
561836557 2124113243
1
sift 54
563 190
238 114
641 337
246 137
1491 343
375 327
376 345
542 310
523 364
551 524
842 394
597 601
695 603
718 672
664 891
1029 513
843 638
1046 515
774 735
931 607
816 753
861 770
855 816
1282 539
942 775
908 836
1358 586
1497 588
990 979
1201 853
1059 1085
1481 796
1677 772
1433 892
1251 1228
1304 1204
1140 1494
1261 1268
1470 1072
1642 1018
1467 1202
1395 1319
1704 1148
1058 2311
1214 1775
1770 1190
1744 1312
1421 1624
1427 1661
1340 1843
1536 1594
1648 1519
1449 1824
1687 2194
561836557 2146998783
1
sift 94
1451 834
159 116
35 29
84 63
80 58
175 151
190 182
619 692
205 292
367 233
305 213
709 613
254 249
349 316
280 237
667 852
245 273
398 470
433 185
802 848
372 323
545 486
558 336
850 1022
447 438
634 483
424 460
976 1045
490 416
608 783
772 341
924 1135
602 431
865 1111
542 608
1156 1593
479 755
1101 1234
523 702
517 859
1317 1055
758 658
708 768
902 638
837 771
776 851
664 1069
811 889
939 762
919 807
1044 778
879 975
718 1380
884 996
794 1287
1125 788
1001 901
966 971
842 1222
909 1104
927 1121
1049 981
816 1484
1134 920
1079 1011
985 1186
1059 1082
1275 928
1305 923
969 1436
1089 1275
1043 1462
1150 1254
1047 1468
1200 1176
1555 1026
1261 1283
1556 1054
1201 1391
1425 1155
1238 1390
1458 1228
1360 1349
1470 1337
1430 1444
1427 1457
1460 1463
1585 1406
1628 1456
1561 1529
1544 1591
1725 1455
1576 1609
1652 1607
