579717169 936120456
1
sift 654
30 32
19 18
2 3
39 46
21 40
6 5
52 65
36 48
7 8
137 134
60 68
13 23
167 182
63 100
18 24
171 195
68 118
28 30
177 196
103 102
32 49
387 425
104 111
42 41
672 522
110 101
41 51
882 548
114 115
44 52
1030 1142
119 123
50 60
1187 1312
124 147
53 59
1346 1250
132 162
54 63
1246 1444
152 164
67 72
1606 1343
156 169
72 84
162 177
80 89
205 180
83 92
196 193
96 97
192 202
99 94
209 190
92 103
220 215
105 125
223 226
126 109
233 233
120 133
228 240
127 122
266 214
155 110
241 236
106 161
249 245
131 145
252 261
128 150
275 243
148 143
263 265
133 155
265 269
143 152
274 273
139 167
286 296
149 160
283 282
160 159
291 305
153 163
303 290
189 168
356 285
176 175
308 329
164 189
310 331
182 178
323 326
185 184
324 343
217 170
315 358
210 173
395 299
187 209
381 322
204 201
365 354
207 218
342 385
257 181
346 382
201 235
360 371
206 247
369 378
240 208
379 377
214 238
371 387
242 221
412 351
232 244
353 413
251 251
394 383
256 252
420 380
279 242
393 408
245 274
320 558
237 288
416 431
244 287
429 421
285 262
425 439
276 270
443 503
272 276
467 484
234 333
497 469
301 260
358 774
282 278
505 489
290 306
452 567
292 310
486 648
368 263
598 505
297 317
512 596
313 292
539 574
306 315
593 562
307 314
582 590
294 355
555 626
340 303
628 566
318 324
566 634
401 281
573 657
337 323
682 565
312 345
708 559
334 325
601 664
351 320
618 668
327 362
646 651
378 327
694 621
367 337
637 684
362 346
615 724
336 372
688 680
364 360
565 881
330 389
1035 546
349 379
696 795
339 393
726 817
350 396
772 796
321 432
814 769
397 367
890 678
434 330
560 1134
354 412
852 802
372 407
787 859
426 370
700 951
384 410
894 808
355 475
640 1144
413 404
944 837
444 390
873 880
410 420
847 954
404 444
606 1575
432 419
970 911
418 438
899 984
431 428
903 1050
423 434
1132 878
478 401
1015 1026
528 384
1131 928
445 447
1021 1035
476 449
1000 1092
451 463
1098 1002
437 493
867 1293
465 464
1023 1084
484 465
1129 1005
500 460
1152 993
492 480
1181 981
462 517
1175 986
611 415
1090 1067
518 468
1080 1090
535 472
931 1380
454 569
1398 952
532 487
1369 941
587 457
1201 1198
496 532
1345 1109
513 519
1217 1283
503 538
1618 1163
594 473
1402 1256
605 474
1663 1161
517 531
1879 1135
658 467
1314 1556
570 511
1720 1270
612 508
1390 1601
522 571
1732 1554
695 485
1551 1505
519 598
1693 1785
525 592
1924 1588
616 542
1866 1675
597 556
1871 1708
537 609
1773 1811
591 577
1927 1695
595 589
1909 1883
571 615
794 500
544 672
547 673
626 587
621 597
572 640
624 611
623 612
631 604
607 655
617 653
633 654
648 636
670 632
679 617
669 641
609 713
917 504
853 534
577 750
727 629
531 840
701 670
686 681
724 674
620 767
638 741
710 694
691 715
675 730
735 698
707 718
671 768
684 752
705 756
716 748
622 852
731 749
819 676
782 712
760 738
740 763
723 784
721 798
754 759
748 776
775 754
737 815
750 805
777 785
792 772
781 779
778 816
791 807
797 799
798 809
744 846
812 803
815 801
796 826
644 973
829 793
773 844
897 727
841 791
795 843
854 786
730 900
836 818
1022 690
957 739
804 891
863 842
888 828
770 948
839 868
660 1157
719 1056
826 885
1044 742
828 888
857 874
1158 710
875 856
805 933
799 956
745 1080
856 889
972 827
1043 797
769 1086
919 862
940 853
809 1020
861 942
1159 766
802 1085
923 890
920 901
975 882
908 925
1155 824
1149 832
1062 863
976 915
927 960
1008 918
900 1031
1017 920
937 1008
1051 908
998 958
953 1009
985 977
907 1075
1014 976
968 1033
978 1032
971 1036
1068 946
1083 935
1053 969
1047 994
1056 992
1040 1025
1180 917
1092 983
1078 1004
1075 1010
1006 1095
1100 997
1007 1102
1054 1059
865 1335
930 1210
949 1190
938 1215
913 1265
1205 962
1162 1019
1170 1013
1052 1133
1247 961
1076 1117
1303 934
1093 1111
1228 1003
1153 1070
1177 1054
1048 1174
1176 1064
1306 950
1085 1138
1079 1152
1249 1027
1122 1146
1196 1076
1112 1160
1190 1096
918 1410
1087 1201
1242 1071
1289 1044
1206 1110
1386 978
1318 1029
1362 1007
1267 1098
1223 1126
1154 1209
1637 906
1150 1224
1650 909
1115 1266
1279 1124
1215 1180
1219 1193
1258 1178
1011 1485
1287 1164
1165 1288
1157 1299
1284 1185
1254 1214
1224 1247
1549 1021
1244 1244
1241 1259
1151 1372
1179 1339
1417 1118
1200 1318
1313 1208
1291 1240
1123 1438
1302 1237
1264 1280
1370 1182
1334 1213
1330 1221
1210 1353
1356 1211
1340 1231
1322 1252
1171 1431
1213 1363
1268 1332
1377 1236
1520 1150
1072 1662
1414 1235
1443 1216
1193 1490
1504 1197
1316 1355
1384 1298
1236 1464
1426 1273
1462 1257
1263 1480
1578 1202
1449 1300
1608 1205
1403 1345
1413 1340
1434 1336
1560 1251
1558 1253
1511 1287
1457 1329
1096 1850
1309 1475
1337 1434
1491 1306
1383 1406
1401 1390
1354 1457
1440 1392
1438 1401
1328 1514
1870 1151
1466 1402
1227 1727
1360 1515
1570 1338
1456 1429
1513 1385
1453 1435
1572 1352
1232 1761
1537 1383
1447 1459
1713 1276
1512 1418
1423 1492
1705 1303
1437 1498
1538 1408
1483 1455
1406 1537
1701 1308
1596 1405
1673 1369
1546 1486
1584 1454
1793 1320
1752 1354
1418 1635
1505 1547
1353 1746
1442 1626
1324 1797
1778 1346
1617 1476
1509 1570
1517 1568
1455 1640
1576 1510
1743 1393
1729 1404
1747 1397
1600 1524
1581 1542
1611 1525
1419 1726
1702 1449
1514 1636
1510 1638
1619 1546
1557 1610
1501 1690
1489 1706
1610 1618
1508 1735
1859 1412
1587 1655
1471 1821
1684 1594
1737 1562
1700 1591
1777 1526
1451 1885
1714 1584
1775 1538
1763 1553
1607 1730
1594 1754
1860 1496
1459 1902
1709 1656
1696 1682
1559 1835
1916 1483
1802 1576
1795 1581
1790 1597
1771 1616
1825 1577
1530 1894
1588 1877
2003 1360
1725 1744
1846 1623
1730 1759
1741 1760
1768 1731
1993 1436
1951 1548
1850 1665
1710 1844
1893 1653
1739 1833
1659 1905
1976 1550
1782 1799
1881 1720
1806 1796
1799 1807
1827 1793
1820 1837
1840 1813
1950 1702
1962 1686
1969 1681
1937 1725
1864 1817
1940 1750
1984 1670
1938 1756
1861 1862
1921 1790
1994 1632
1920 1838
1931 1839
1958 1818
1988 1752
1999 1781
579717169 1029832138
1
sift 547
57 45
4 4
13 8
56 49
10 7
32 27
254 186
19 22
40 37
288 212
45 51
41 39
338 270
60 61
44 40
464 430
68 46
58 52
672 526
65 54
51 74
651 568
145 79
71 64
665 578
104 103
78 66
1261 803
103 112
72 73
1187 931
125 111
80 65
110 128
81 68
1678 1403
132 108
74 80
119 120
96 70
152 136
108 77
162 127
101 90
156 149
106 89
188 175
100 107
180 181
142 83
196 184
131 110
223 195
128 116
191 241
133 122
220 202
126 145
233 203
149 133
227 237
155 126
249 209
150 134
241 223
163 159
252 220
168 169
265 217
208 144
263 227
202 150
274 230
184 171
291 242
204 163
286 253
207 167
275 289
182 198
358 228
210 215
283 298
230 205
315 258
232 207
308 269
251 225
302 292
246 235
266 358
273 221
309 288
240 267
303 312
276 234
346 266
234 296
310 313
322 200
323 348
306 238
360 330
292 264
324 395
242 362
371 349
279 323
356 377
297 287
379 351
285 317
394 342
259 372
365 382
299 314
393 360
318 280
261 837
339 256
412 371
301 322
381 394
290 339
407 401
327 276
389 408
382 281
486 353
364 305
480 359
334 329
443 396
337 345
416 458
357 326
429 453
328 350
565 365
351 336
507 427
325 363
497 464
399 306
491 471
316 405
560 469
370 384
566 467
398 354
482 618
575 257
539 513
410 366
505 598
367 423
550 530
409 378
640 492
437 356
573 547
400 417
582 550
422 390
601 544
418 397
584 585
431 388
618 587
652 294
604 617
489 352
485 860
462 376
646 609
465 380
593 675
413 435
708 565
629 321
636 638
428 425
628 659
421 454
696 612
440 457
590 768
532 386
726 658
481 431
598 778
441 474
767 682
484 452
867 603
514 433
771 709
478 476
1021 535
553 418
694 784
500 475
958 581
519 445
688 827
537 438
931 689
490 500
899 725
423 633
699 1002
544 449
683 1041
494 508
720 1014
492 525
873 805
587 442
852 851
503 555
814 909
496 575
903 819
461 693
894 853
589 497
1131 774
571 506
1000 870
591 519
890 1110
535 573
1023 992
570 560
970 1062
639 539
1015 1079
965 420
993 1063
674 523
1080 1036
721 505
1090 1050
513 747
1201 958
695 527
929 1303
562 653
1129 1133
595 628
1297 1025
748 517
1181 1156
671 577
1390 1092
626 630
1497 1132
662 593
1323 1342
633 624
1175 1614
616 652
1209 1606
705 561
1345 1596
722 549
1551 1474
690 586
1643 1591
716 600
1837 1410
675 634
1960 1528
750 582
1871 1677
760 574
1848 1701
624 702
1732 1791
769 564
1866 1738
634 704
1953 1775
766 597
1996 1804
744 616
784 583
837 536
622 744
707 663
795 588
623 758
572 807
679 719
613 791
764 669
842 589
693 738
670 759
686 749
754 696
658 781
735 730
841 632
775 711
809 679
773 722
815 687
778 728
798 714
828 688
757 765
792 748
797 756
826 726
733 818
925 644
893 685
727 850
916 683
756 842
996 649
900 724
810 813
933 736
740 997
1070 681
926 760
861 810
907 773
1234 625
1144 666
806 907
783 953
789 944
831 864
781 972
918 779
819 903
938 780
968 775
803 979
1238 672
859 920
836 988
913 859
978 822
857 995
889 942
919 937
875 1024
967 923
1326 734
1085 831
949 968
888 1046
1054 915
1078 885
1083 891
1063 922
960 1031
1154 858
947 1059
935 1077
1042 966
1165 881
998 1054
1061 993
1051 1015
1041 1021
1179 901
1062 1005
868 1258
1151 947
864 1308
1147 973
1628 762
1237 912
1189 961
939 1213
1127 1020
1206 963
1043 1127
1150 1044
1244 971
1292 936
1267 965
1226 999
1039 1180
1434 856
1168 1082
1190 1071
1215 1033
1419 895
1068 1215
1008 1285
1136 1143
1057 1226
1254 1047
1232 1074
1195 1100
1116 1189
1114 1195
1315 1019
1161 1137
1053 1251
1228 1086
1309 1032
1510 908
1395 976
1462 949
1196 1157
1219 1131
1002 1438
1176 1210
1289 1105
1115 1265
1213 1167
1211 1173
1330 1095
1287 1141
1268 1163
1279 1158
1442 1056
1639 952
1445 1066
1647 962
1087 1400
1264 1227
1256 1243
1448 1109
1263 1273
1280 1261
1160 1433
1597 1072
1393 1184
1371 1208
1441 1153
1310 1257
1515 1113
1458 1165
1188 1464
1322 1287
1296 1338
1076 1681
1301 1343
1412 1236
1380 1270
1324 1339
1340 1323
1386 1288
1465 1245
1304 1408
1384 1325
1478 1244
1449 1276
1670 1196
1417 1364
1466 1330
1356 1472
1433 1393
1611 1260
1335 1512
1853 1126
1557 1316
1504 1370
1558 1336
1334 1570
1358 1550
1581 1346
1614 1320
1691 1263
1403 1505
1587 1351
1607 1341
1366 1577
1422 1499
1789 1252
1508 1488
1461 1533
1633 1383
1590 1422
1570 1444
1585 1445
1755 1299
1456 1618
1377 1704
1813 1293
1793 1345
1406 1699
1622 1500
1450 1682
1596 1534
1513 1628
1673 1484
1887 1311
1735 1439
1541 1632
1576 1630
1438 1771
1684 1553
1470 1764
1904 1396
2013 1148
1737 1554
1743 1568
1589 1716
1806 1524
1770 1564
1731 1631
1818 1539
1768 1599
1908 1491
1938 1455
1767 1638
1739 1670
1761 1651
1724 1687
1627 1777
1778 1642
1869 1559
1777 1647
1714 1710
1825 1623
1799 1648
1730 1724
1802 1662
1775 1697
1827 1664
1873 1640
1905 1612
1916 1624
1682 1793
1754 1762
1766 1759
1840 1695
1790 1747
1821 1731
1772 1786
1982 1594
1979 1626
1941 1688
1930 1709
1919 1758
1900 1788
1988 1723
1993 1748
579717169 1150832366
1
sift 52
335 1538
156 229
0 0
397 458
426 309
41 39
1000 1064
44 51
1398 1460
1297 1074
133 152
1855 1029
332 277
1583 1194
328 396
1643 1428
476 380
465 453
777 436
591 568
766 610
571 776
716 681
744 676
750 683
710 768
679 905
857 717
795 837
627 1253
599 1383
798 935
861 855
790 1092
1179 753
923 1123
950 1141
963 1149
1075 1046
1214 951
1092 1177
1160 1289
1614 944
1032 1529
1115 1400
1300 1192
1445 1109
1163 1523
1289 1472
1279 1604
1780 1240
1793 1725
579717169 1186326363
1
sift 218
4 5
33 21
19 19
44 45
36 27
72 80
60 91
111 103
64 82
131 117
79 94
103 140
132 100
133 131
152 146
104 144
156 164
149 138
188 190
163 224
196 210
321 198
220 250
192 226
265 212
306 249
233 242
317 247
241 278
339 245
252 287
292 321
263 279
283 362
291 267
359 285
261 326
382 286
286 299
337 384
329 268
328 412
308 296
465 305
302 376
377 428
303 400
486 330
365 333
544 351
342 364
421 496
393 378
484 474
371 414
407 625
443 467
451 516
416 568
497 468
356 850
514 543
560 448
503 624
412 847
605 491
546 590
513 674
491 764
571 579
582 639
777 476
646 606
784 479
618 663
769 488
539 803
728 515
640 684
570 646
696 661
616 642
628 807
716 586
771 719
766 564
593 1069
760 570
787 1015
596 718
694 1367
705 633
874 999
754 634
847 1081
547 866
1000 927
744 673
852 1287
675 760
1021 978
626 824
1069 1038
633 808
894 1254
572 955
1201 947
775 699
903 1393
634 860
1080 1292
655 879
1297 1142
795 708
1218 1545
679 840
1643 1452
828 685
670 930
798 780
735 921
587 1225
797 809
756 903
598 1359
861 790
707 1076
900 755
796 945
792 994
857 858
968 773
978 771
1085 722
741 1340
889 1037
831 1155
950 965
781 1290
668 1676
1061 899
923 1051
996 997
876 1150
1083 935
1179 876
871 1274
1303 848
1190 958
1292 881
1244 946
947 1251
914 1371
1471 846
864 1589
1160 1095
1041 1219
1062 1197
960 1378
1214 1056
1462 886
935 1438
939 1457
1442 925
1047 1297
1445 953
1115 1246
1330 1060
1310 1102
1008 1527
1333 1107
1253 1186
1668 963
1161 1319
1300 1181
1053 1557
1279 1214
1709 988
1020 1682
1458 1131
1557 1104
1234 1422
1291 1387
1170 1598
1813 1041
1302 1447
1243 1531
1370 1370
1221 1606
1289 1521
1315 1472
1446 1338
1304 1603
1508 1403
1340 1604
1406 1522
1776 1213
1380 1576
1546 1454
1393 1640
1493 1539
1749 1336
1908 1221
1810 1303
1812 1298
1509 1611
1818 1317
1581 1560
1685 1465
1793 1542
1854 1497
1988 1366
1696 1690
1767 1648
1772 1661
1548 1733
1938 1645
1993 1657
579717169 1228518096
1
sift 87
137 125
60 50
1 3
112 128
103 103
148 121
171 210
119 90
140 138
153 157
188 194
185 100
862 1003
220 173
164 221
350 486
192 233
257 154
845 1103
223 225
187 271
664 1405
228 273
276 197
887 1953
291 328
433 172
1010 1616
286 354
237 325
1346 1401
310 307
307 320
360 380
318 339
491 512
410 294
593 477
330 495
582 637
397 489
618 707
459 539
637 870
476 529
814 1080
441 653
1996 1909
509 701
516 810
711 849
562 1102
634 1120
686 1092
654 1176
794 964
781 1046
577 1698
856 991
826 1178
967 1072
731 1768
1040 1074
960 1196
797 1601
860 1516
1022 1239
1075 1183
791 1919
981 1388
972 1538
889 1767
1017 1523
1004 1599
938 1747
1051 1542
1252 1291
1068 1570
1460 1224
1053 1852
1110 1856
1222 1648
1438 1761
1856 1365
1491 1836
1417 1925
1726 1808
579717169 1430327691
1
sift 116
30 27
60 40
7 6
39 36
188 135
9 16
137 113
252 191
24 115
54 45
291 265
53 49
174 119
286 275
75 71
112 117
360 307
83 105
171 150
429 312
106 158
153 151
593 414
182 144
177 185
618 606
148 225
164 237
814 512
185 171
625 1153
1849 1877
195 181
245 219
645 598
248 255
1246 1115
1991 2151
243 287
237 309
262 319
319 321
312 420
318 323
334 342
330 446
299 441
364 369
280 650
437 452
350 571
455 542
331 686
484 476
698 1199
349 719
410 586
664 1672
528 471
431 604
1255 889
500 521
442 855
930 2056
476 747
494 722
1055 2268
504 890
611 821
1373 1839
503 1147
695 740
1420 2146
713 732
516 1381
1582 2372
517 1377
711 939
1858 2204
607 1273
704 1173
616 1432
686 1357
809 1202
826 1193
967 1000
959 1009
731 1685
775 1597
914 1474
770 2210
791 2098
859 1827
940 1644
1028 1590
933 1905
1078 1578
972 1909
889 2388
998 2156
1068 1924
1354 1448
947 2417
1110 2023
1538 1433
1288 1723
1079 2243
1057 2326
1051 2338
1362 1885
1352 1913
1499 1773
1417 1996
1802 1752
1688 2311
1736 2349
579717169 1474416471
1
sift 91
36 12
44 33
397 354
64 59
131 106
205 181
133 126
196 208
190 127
308 265
328 337
393 358
465 325
443 408
534 382
582 665
777 367
899 475
502 588
696 626
784 412
640 713
769 437
1000 798
451 840
1297 938
571 600
894 1475
639 548
1080 1435
716 512
1996 1539
770 491
675 556
766 504
750 563
744 620
572 880
857 625
795 692
861 645
735 844
907 648
798 775
679 987
707 962
741 1018
705 1094
792 921
790 964
1085 714
923 867
806 1106
962 954
1244 764
1234 797
1083 915
950 1074
1075 996
1374 765
1667 697
947 1266
1330 912
1115 1139
1400 974
1300 1071
1613 885
1062 1346
1376 1076
953 1670
1401 1081
1259 1217
1445 1096
1161 1361
1289 1219
1366 1144
1087 1659
1221 1515
1279 1531
1547 1250
1780 1146
1370 1648
1751 1292
1417 1629
1406 1649
1908 1225
1546 1573
1831 1330
1776 1403
1684 1686
1963 1532
579717169 1523815439
1
sift 139
4 5
0 1
10 11
44 50
36 30
72 91
79 46
131 136
64 74
133 153
156 190
168 286
205 214
306 235
196 236
359 252
287 257
382 261
329 255
328 325
308 275
325 377
261 402
465 323
371 266
451 763
342 335
591 532
303 457
769 467
393 349
784 474
443 429
571 600
618 495
570 608
584 642
621 571
582 657
716 543
640 606
766 527
696 654
750 583
1021 512
744 607
593 1614
547 852
1000 792
572 924
1069 814
775 692
970 1023
795 669
1297 824
670 843
874 1376
828 671
894 1395
857 656
1080 1386
797 716
1643 1334
679 897
1855 1320
735 822
1997 1552
798 805
707 965
587 1200
907 688
756 909
861 740
1056 627
792 933
693 1133
1085 678
950 802
923 850
876 987
741 1389
889 1076
781 1317
1179 832
831 1276
947 1129
963 1289
1330 949
1374 946
1611 849
1458 942
1300 1065
1115 1210
1445 962
1041 1308
1160 1178
1613 894
941 1525
1401 1011
1008 1454
1376 1080
1572 966
1279 1156
960 1625
1062 1441
1161 1299
1641 1003
1007 1669
1057 1575
1289 1313
1366 1252
1053 1741
1315 1318
1221 1483
1094 1718
1047 1788
1243 1505
1087 1770
1818 1108
1938 1064
1370 1523
1305 1673
1508 1466
1380 1591
1422 1556
1908 1192
1509 1529
1780 1301
1504 1636
1854 1388
1592 1640
1743 1650
1751 1665
1761 1666
1916 1549
1625 1790
1756 1742
1840 1740
1993 1584
579717169 1716575903
1
sift 81
20 35
33 19
220 212
44 38
61 56
72 64
228 200
104 116
103 124
128 114
241 191
119 113
156 140
133 152
249 204
188 178
192 190
204 258
412 474
196 197
263 224
306 301
443 532
252 248
291 276
499 766
582 610
286 281
275 339
592 627
604 671
303 332
310 330
535 736
646 647
395 283
342 363
571 700
708 695
365 419
360 429
624 703
944 722
371 407
393 417
628 762
873 911
482 365
618 678
626 801
1090 1048
593 806
694 827
1234 585
1080 1154
787 1049
814 1074
562 1944
1035 1291
635 1778
867 1971
705 1531
1924 1825
965 939
1583 1333
795 1269
756 1685
1693 1966
824 1540
1092 1054
1848 1870
928 1332
978 1518
1871 2024
876 2001
1433 1330
1301 1542
1313 1592
1356 1611
1413 1867
1755 1964
579717169 1785851268
1
sift 67
14 16
0 0
36 21
41 52
156 234
44 61
329 279
133 174
308 318
285 263
371 304
256 313
393 418
237 363
426 303
478 211
443 475
325 393
618 504
328 412
584 777
476 429
696 719
716 550
1000 921
571 726
1298 922
766 581
1583 1110
675 650
1643 1286
750 644
1867 1608
744 674
1996 1598
795 656
710 724
572 951
599 1125
1085 642
798 929
861 828
790 986
1179 710
741 1268
923 919
950 924
1083 878
1075 956
1667 720
1613 752
947 1239
1300 1020
1115 1205
1092 1277
1161 1235
1401 1055
1445 1051
1160 1324
1289 1301
1547 1169
1597 1156
1366 1352
1279 1548
1780 1151
1755 1363
1793 1588
579717169 1799436415
1
sift 93
651 657
61 40
108 50
103 72
90 101
665 692
188 157
106 116
196 209
133 114
263 187
126 127
228 228
182 254
252 221
276 185
249 240
210 294
265 271
251 288
286 268
232 359
291 280
246 385
323 279
259 398
310 307
355 282
360 338
357 297
482 335
334 370
393 409
340 368
425 435
299 475
593 461
351 413
694 491
437 342
582 596
1237 231
618 639
398 466
646 625
410 454
814 611
431 420
600 844
377 535
787 764
463 402
688 1348
399 668
944 1006
553 424
1090 994
865 354
1693 1597
500 558
1433 1140
484 604
1848 1522
620 478
1871 1518
442 778
496 740
494 795
492 875
571 838
623 815
764 754
745 969
692 1103
634 1231
893 853
616 1519
927 908
916 941
884 1029
719 1447
967 1082
1238 1001
985 1395
1028 1327
1133 1213
1288 1178
1184 1313
1309 1167
1510 1365
1765 1386
1976 1285
1802 1581
579717169 1861578657
1
sift 78
61 54
41 37
708 778
72 62
119 126
128 130
133 148
156 144
176 166
188 174
196 202
218 160
220 189
228 207
206 220
249 191
263 210
269 252
252 221
265 233
306 290
274 280
275 287
490 321
286 262
291 273
432 468
303 283
395 240
592 362
342 340
365 351
489 535
360 395
371 400
499 634
393 421
425 409
535 595
482 361
429 459
624 528
505 465
467 518
628 628
582 584
593 629
571 695
646 603
694 673
769 580
727 622
688 780
719 662
633 855
944 666
716 777
1234 533
814 829
803 765
787 896
873 852
997 781
705 1364
1090 1115
1167 1060
971 1329
1402 937
978 1382
1075 1195
1080 1202
1165 1126
965 1440
1301 1050
1092 1284
1329 1451
1551 1224
1671 1584
579717169 1906096636
1
sift 71
36 28
44 50
397 468
119 88
133 153
261 381
332 384
308 303
476 415
393 408
426 340
443 465
465 453
584 711
451 640
582 789
777 429
640 756
619 584
696 731
570 660
1000 911
716 598
1297 1077
571 749
1996 1711
675 658
1855 1823
572 818
744 673
710 778
626 1067
795 815
679 994
735 930
798 833
707 978
861 831
790 1130
950 979
923 1036
1083 927
947 1263
1376 958
1115 1204
1400 989
1010 1387
1300 1100
1053 1440
1062 1467
1463 1070
960 1726
1614 1025
1161 1423
1092 1568
1443 1183
1401 1239
1938 981
1780 1092
1279 1498
1221 1587
1548 1359
1267 1746
1360 1686
1749 1333
1854 1414
1793 1615
1993 1507
1761 1792
1840 1779
1916 1771
579717169 2014127030
1
sift 156
19 14
44 25
241 248
60 61
103 106
72 78
228 286
104 105
114 104
128 142
265 295
119 110
156 181
133 150
274 347
204 183
220 184
202 264
394 518
223 225
233 239
251 247
425 582
275 249
252 283
276 256
412 622
256 289
263 299
272 308
582 666
286 353
303 318
325 302
873 965
291 357
379 379
292 373
365 397
360 415
478 355
492 366
505 470
451 422
382 563
491 513
622 425
503 516
467 578
727 401
454 628
604 509
598 482
532 598
506 655
819 504
593 575
694 618
624 619
626 631
618 682
724 616
686 640
647 670
571 760
688 648
540 778
735 653
637 725
600 849
760 695
617 811
787 857
609 845
797 688
1132 749
561 988
675 795
814 1082
796 750
783 792
911 1242
854 745
731 933
1090 1122
776 927
1068 701
1080 1186
1062 703
888 793
841 881
789 969
815 960
1053 794
1156 808
840 1107
937 995
1234 789
799 1266
857 1165
949 1048
1176 894
975 1071
1107 974
1377 803
1170 939
861 1281
1139 994
1219 941
1258 937
1115 1045
1127 1144
1623 901
1242 1114
1016 1386
1265 1128
1403 1038
1713 931
1154 1270
1086 1423
1244 1232
1291 1203
1752 973
1356 1145
1775 964
1558 1055
1464 1104
1112 1464
1254 1287
1637 1094
1743 1085
1502 1198
1701 1111
1734 1110
1316 1443
1440 1369
1389 1435
1576 1307
1418 1453
1236 1515
1508 1449
1610 1383
1419 1503
1737 1358
1599 1493
1825 1372
1864 1351
1778 1405
1860 1368
1880 1365
1902 1352
1891 1399
1747 1491
1827 1472
2004 1239
1995 1380
579717169 2045004962
1
sift 182
34 26
1732 1668
9 16
30 27
54 54
39 37
53 58
52 52
74 64
137 132
70 68
112 137
81 79
181 142
75 103
174 192
80 91
171 216
83 93
177 228
96 107
167 259
92 114
194 270
107 104
254 290
105 128
387 418
126 130
352 480
148 139
455 547
143 147
468 604
150 158
843 1318
141 179
1148 1418
153 171
1187 1461
164 163
1130 1639
182 156
1246 1471
199 160
1480 1851
185 201
210 174
222 188
212 278
242 226
214 287
246 238
230 264
232 305
237 296
248 324
341 251
307 362
299 401
318 395
312 399
340 374
334 417
330 434
333 449
364 447
399 410
349 507
367 499
383 485
426 431
391 519
396 549
422 506
397 556
410 572
477 502
431 550
437 557
528 517
484 578
475 600
462 623
441 745
500 644
492 735
508 707
509 719
504 753
611 628
534 724
616 726
623 785
695 775
543 967
531 1000
733 754
1092 568
698 853
635 926
664 903
659 907
631 954
572 1053
516 1310
710 886
755 977
670 1130
577 1362
745 1123
877 904
660 1347
809 1041
884 927
794 1081
788 1102
865 972
826 1037
824 1071
729 1302
781 1213
856 1082
784 1340
731 1531
831 1231
1278 831
775 1423
930 1131
967 1090
985 1151
1062 1054
1306 897
839 1521
938 1294
1022 1196
859 1499
791 1839
928 1379
1075 1239
1004 1372
1315 1057
1267 1153
972 1549
1143 1293
1078 1383
998 1670
1057 1532
1104 1494
959 1813
1060 1600
947 1852
1352 1282
1632 1109
1053 1724
1079 1688
1243 1437
1133 1636
1552 1192
1287 1446
1184 1610
1237 1624
1213 1665
1319 1646
1363 1657
1370 1755
1492 1641
1483 1720
1537 1675
1417 1807
1779 1456
1702 1546
1510 1754
1420 1840
1538 1758
1737 1578
1828 1576
1825 1603
1636 1801
1802 1699
1850 1829
2000 1635
579717169 2095558067
1
sift 66
61 62
33 25
324 292
41 43
104 113
44 41
1621 297
133 140
156 139
168 155
869 388
176 163
196 180
332 182
873 854
192 192
228 175
306 250
736 1200
220 203
241 190
328 452
1924 1608
265 179
250 194
433 606
233 274
286 253
499 714
274 281
291 254
571 596
303 306
342 384
535 910
371 354
360 419
592 806
365 514
482 482
628 791
582 581
646 577
716 724
618 661
593 945
626 871
710 828
688 903
1234 541
694 950
787 982
551 1488
639 1517
944 895
705 1473
814 1122
1402 823
795 1190
1075 1113
1080 1243
978 1504
1583 1013
1217 1365
1179 1656
1370 1524
579717169 2130703568
1
sift 170
30 30
61 52
7 7
39 39
228 226
25 12
137 107
114 87
53 47
54 53
335 154
62 48
177 174
103 118
74 49
112 125
288 268
70 80
171 188
119 111
80 81
153 132
425 516
92 102
167 205
156 160
148 85
194 191
589 694
126 112
254 263
188 180
150 119
238 296
646 685
143 196
338 423
192 210
210 137
312 395
642 791
214 149
468 550
220 170
185 187
330 388
665 792
187 235
651 867
196 237
246 157
350 447
696 1347
249 179
955 1100
223 251
242 256
351 455
764 1282
252 243
1678 927
291 301
276 238
985 766
1088 1319
426 177
1130 1623
286 320
248 335
1420 1499
275 350
310 324
422 219
1460 1970
307 385
342 421
334 433
360 417
429 463
333 458
349 490
506 546
794 309
327 820
593 523
484 574
500 564
694 585
431 711
616 510
618 730
1022 379
462 691
637 807
528 590
492 750
688 771
496 755
504 735
600 1636
803 524
503 950
814 1204
607 880
611 899
1090 1191
613 960
516 1281
1080 1393
544 1155
542 1174
710 908
572 1322
577 1365
675 1175
686 1288
756 1185
748 1222
884 934
782 1163
781 1184
806 1147
745 1303
836 1179
775 1429
940 1088
897 1177
784 1445
754 1578
824 1358
797 1502
791 1551
914 1257
805 1505
792 1593
885 1341
859 1510
1315 1010
1039 1306
967 1488
1062 1351
876 1815
972 1591
1068 1435
888 1895
1057 1503
1632 1035
1075 1504
900 1950
957 1827
1008 1727
975 1925
1018 1864
1092 1713
1053 1825
1060 1835
1299 1476
1112 1888
1169 1771
1287 1575
1212 1710
1286 1667
1267 1798
1290 1922
1828 1349
1516 1603
1268 2019
1396 1964
1687 1990
2009 1620
579717169 2146998783
1
sift 73
177 230
114 93
112 131
103 126
156 206
214 184
188 204
220 174
187 243
192 256
228 233
280 205
252 254
291 349
238 364
222 509
286 374
349 455
310 331
360 435
492 575
425 616
593 502
503 734
637 492
582 615
516 710
694 578
814 631
572 718
562 886
688 952
634 830
544 1015
701 801
782 758
670 919
561 1133
724 897
577 1156
692 1002
735 999
729 1026
675 1118
775 1032
754 1208
797 1110
745 1296
748 1294
792 1243
784 1274
731 1509
791 1349
889 1105
1017 1085
875 1320
1062 1063
888 1395
1177 1140
1252 1070
1255 1088
972 1439
1053 1358
1056 1530
1079 1553
1060 1595
1235 1438
1377 1351
1219 1590
1309 1505
1584 1376
1608 1541
1713 1516
