580816557 742308222
1
sift 396
12 11
23 24
1 1
29 36
49 46
21 34
59 75
41 44
26 29
107 100
79 70
47 65
121 88
84 57
64 52
156 147
91 63
57 61
170 119
111 93
63 67
178 172
114 94
69 78
213 190
140 133
73 89
215 198
233 224
93 87
272 211
304 202
92 108
302 223
286 273
101 96
329 294
351 278
108 104
335 302
377 291
117 107
501 434
298 335
128 105
458 370
416 316
125 112
732 656
373 363
106 142
884 869
412 362
124 122
737 834
459 350
130 120
913 862
496 380
137 116
937 872
500 431
88 233
1352 849
595 382
139 132
1544 1417
642 412
143 138
997 1440
561 468
146 134
1407 1576
529 484
142 141
715 413
149 162
1708 1371
543 507
161 149
600 492
157 171
513 619
167 159
727 588
171 156
521 620
235 131
851 525
188 160
638 543
223 152
711 641
210 157
733 584
208 164
1199 460
220 166
663 647
238 168
967 564
199 205
590 712
218 188
992 568
240 179
801 732
219 203
672 1003
236 186
648 1096
234 249
658 1443
293 192
1118 818
251 237
1349 741
183 331
1093 941
266 246
1113 1039
274 256
1052 1019
306 243
1812 1111
301 245
1137 1035
282 254
1829 1307
226 378
1678 889
342 255
295 288
1105 1428
358 266
338 292
1566 1260
371 271
366 323
1806 1571
360 337
406 315
399 325
397 339
378 356
375 358
391 357
411 352
448 354
477 341
495 344
421 384
367 462
394 425
443 391
645 334
525 373
535 381
564 376
1144 307
560 466
539 487
608 440
849 372
581 490
554 538
683 454
551 562
686 457
661 486
662 481
651 495
607 531
654 513
636 528
869 423
567 612
677 520
679 539
678 555
643 601
693 589
757 519
709 581
681 623
768 551
780 547
794 593
751 634
698 687
853 598
835 631
736 685
1006 586
974 596
765 689
840 665
797 683
762 721
796 694
978 630
816 693
804 703
918 657
772 757
1015 643
690 965
1003 654
854 728
885 709
844 746
771 809
903 713
820 788
864 754
1014 675
867 775
1058 668
823 840
1310 600
802 858
931 747
1202 639
910 763
888 790
916 771
964 743
826 883
963 745
1030 711
879 830
1063 696
1043 710
950 785
936 826
1005 772
1298 652
939 839
995 797
1102 739
1284 659
909 903
1053 804
1091 802
1025 861
1007 884
1041 846
959 928
1110 821
1115 857
1069 901
1148 860
1077 915
1120 893
1104 905
1140 878
1129 891
1131 894
1088 919
1178 866
1089 938
986 1047
1107 956
1065 992
999 1062
1145 955
1017 1053
1211 898
1275 850
1321 819
1290 881
1417 822
1277 914
1150 1041
1183 1000
987 1196
1085 1090
1191 1002
1244 974
1256 982
1196 1042
1296 959
1194 1056
1160 1099
1168 1089
1216 1050
1241 1020
1246 1017
1192 1081
1383 957
1286 1027
1204 1116
1283 1044
1446 964
1235 1104
1823 786
1031 1403
1498 970
1370 1026
1271 1102
1511 969
1420 1028
1276 1138
1326 1109
1598 984
1229 1264
1380 1105
1324 1146
1245 1253
1302 1162
1381 1122
1278 1208
1242 1257
1547 1048
1363 1155
1612 1043
1299 1261
1826 933
1609 1049
1300 1279
1389 1174
1405 1169
1533 1107
1641 1059
1362 1249
1231 1438
1353 1265
1613 1078
1410 1225
1437 1193
1243 1427
1520 1147
1266 1409
1488 1191
1451 1230
1426 1254
1651 1092
1623 1119
1427 1271
1465 1251
1887 961
1632 1130
1421 1305
1528 1209
1470 1281
1525 1246
1559 1212
1483 1332
1590 1218
1462 1368
1654 1166
1704 1141
1608 1228
1281 1538
1588 1275
1640 1243
1517 1392
1531 1402
1673 1302
1814 1161
1637 1358
1574 1401
1684 1337
1694 1327
1624 1386
1676 1361
1551 1458
1549 1474
1779 1287
1653 1416
1656 1432
1691 1413
1516 1550
1562 1527
1630 1494
1497 1578
1727 1420
1666 1478
1871 1274
1658 1500
1553 1566
1750 1450
1660 1516
1643 1528
1828 1411
1464 1636
1836 1451
1700 1547
1697 1582
1730 1561
1710 1569
1780 1548
1706 1619
1866 1544
1816 1612
1880 1595
580816557 789706637
1
sift 192
121 81
21 10
32 29
1074 622
215 143
63 59
325 204
140 145
73 55
298 227
69 68
272 319
286 244
86 67
329 251
96 100
343 255
300 701
101 101
373 427
108 111
558 619
374 763
123 97
459 594
124 114
913 719
521 582
119 132
432 1000
130 139
750 472
125 172
658 788
143 150
574 672
146 149
1113 807
155 140
663 858
142 164
157 148
149 161
161 183
196 179
194 189
188 231
219 217
261 196
247 239
240 277
251 246
236 317
266 256
321 216
274 279
281 272
295 257
282 283
277 290
312 265
305 323
358 268
338 303
278 387
357 287
318 345
378 282
276 488
347 415
354 395
398 325
493 261
1011 201
408 389
371 585
423 459
421 490
393 577
483 436
420 529
379 661
443 504
560 366
438 523
466 500
406 673
492 491
463 559
448 612
764 324
425 674
470 567
567 439
653 379
478 599
484 616
519 549
556 519
495 695
532 602
589 578
621 564
530 738
697 530
564 712
593 679
635 631
614 658
601 682
656 626
634 683
535 927
645 723
581 821
588 820
762 572
775 566
668 785
768 656
679 818
740 720
651 910
680 883
676 955
678 960
608 1138
809 705
700 893
1850 405
930 664
709 953
726 855
681 1049
881 706
743 844
661 1132
842 751
871 739
870 747
696 1123
746 942
829 812
716 1059
699 1148
780 916
826 879
772 958
802 925
799 971
823 946
892 837
765 1050
866 901
787 1038
926 848
1097 757
805 1103
952 868
827 1097
845 1153
1001 907
1156 791
889 1104
1017 938
897 1111
1116 845
918 1102
999 1031
1269 755
944 1129
989 1088
990 1095
917 1183
1083 995
1107 1015
1157 975
1005 1159
950 1206
1234 894
1043 1168
1182 1210
1298 1094
1190 1211
1449 1007
1278 1158
1465 1040
1353 1128
1383 1161
1888 1010
1519 1231
1781 1223
580816557 856798745
1
sift 73
277 221
382 520
371 266
253 396
261 387
494 538
581 365
354 283
393 298
539 543
795 349
280 457
634 492
698 1079
677 481
548 563
591 808
1183 1826
885 755
1136 561
511 1304
1211 795
1153 688
1072 735
1131 856
951 840
974 838
1244 1021
1053 821
758 1120
1088 1412
862 1023
822 1077
1640 1028
1444 708
1253 858
1588 1246
870 1214
1027 1046
1700 2461
1343 875
1294 915
1037 1131
1135 1056
894 1390
1315 1116
1515 1093
1767 993
1690 1029
1455 1181
1412 1262
1610 1185
1254 1550
1403 1489
1122 1936
1873 1118
1651 1319
1238 1703
1103 2086
1611 1391
1571 1435
1383 1634
1696 1533
1654 1728
1826 1560
1804 1600
1413 2105
1770 1710
1450 2122
1798 1781
1650 1987
1332 2464
1498 2291
580816557 962831950
1
sift 319
140 176
32 29
569 949
56 72
574 722
69 70
750 957
73 74
663 907
86 67
94 86
116 99
104 103
96 116
101 115
108 124
119 121
123 119
124 139
137 126
125 148
130 172
293 84
146 183
155 165
136 205
157 184
184 158
195 150
161 215
208 188
194 200
196 242
197 245
188 281
234 231
219 264
327 182
240 262
261 217
253 234
260 226
400 173
251 293
236 344
238 372
321 270
235 415
294 289
305 285
281 299
282 306
277 342
338 286
301 311
312 318
295 335
358 284
306 334
318 351
339 339
357 312
328 379
354 360
382 324
428 297
378 355
359 395
493 301
387 389
413 373
347 522
411 377
276 827
390 412
398 416
423 399
391 457
404 445
408 453
415 469
1814 228
421 499
483 435
463 492
371 706
583 386
863 314
520 447
439 571
560 413
487 513
443 597
425 629
477 557
478 583
420 727
535 514
460 636
532 551
448 755
495 627
556 556
836 392
554 577
764 417
631 520
551 599
645 528
567 589
519 661
653 524
385 1342
635 539
667 530
564 621
571 620
718 507
588 613
614 607
621 615
609 643
589 675
634 635
652 630
647 638
702 649
593 829
601 812
680 714
608 846
775 609
1182 481
581 931
676 781
611 879
690 772
723 701
870 600
756 680
698 798
762 678
809 647
651 894
700 833
709 823
869 646
679 900
661 939
678 929
716 865
930 654
768 790
842 741
739 852
787 792
1538 502
722 889
811 778
771 824
829 776
794 810
740 882
926 719
958 713
881 788
668 1169
681 1139
897 803
799 893
844 884
696 1202
773 944
699 1204
687 1271
802 950
845 925
765 1022
915 871
928 866
803 985
1028 789
826 976
813 983
933 869
1038 815
757 1150
746 1227
918 941
823 1066
1029 873
1070 856
805 1140
946 946
871 1036
1017 902
932 973
1189 794
743 1325
896 1025
797 1195
864 1075
862 1117
1323 740
1005 954
1156 868
989 986
909 1081
834 1249
1116 914
889 1148
866 1211
892 1178
880 1236
1298 826
868 1270
1098 970
1048 1014
1043 1020
1107 1000
854 1366
1157 963
916 1246
906 1272
999 1126
1014 1112
858 1372
1179 961
1001 1170
964 1231
950 1263
1110 1056
1109 1062
1308 899
912 1351
1095 1080
944 1313
1091 1118
990 1280
939 1365
1007 1278
1008 1277
952 1353
1072 1187
1025 1285
1042 1254
1096 1207
1133 1177
1151 1168
1225 1073
1122 1258
1125 1253
1183 1161
1153 1224
1145 1245
1210 1146
1088 1343
1234 1137
1351 1018
1176 1244
1041 1432
1331 1060
959 1499
1345 1063
1069 1441
1104 1419
1077 1452
1277 1165
1141 1400
1455 1085
1401 1142
1348 1218
1164 1470
1168 1465
1332 1260
1383 1212
1204 1446
1444 1192
1550 1108
1382 1266
1534 1143
1449 1239
1262 1411
1521 1183
1231 1463
1420 1305
1433 1308
1488 1267
1543 1235
1296 1453
1263 1475
1520 1292
1461 1348
1368 1396
1413 1389
1283 1497
1518 1385
1436 1456
1555 1378
1519 1408
1487 1443
1685 1309
1417 1479
1846 1172
1612 1403
1743 1321
1720 1370
1862 1273
1740 1393
1730 1410
1835 1341
1750 1417
1735 1450
1756 1433
1696 1478
1820 1412
1847 1440
1823 1466
1772 1490
580816557 1064082008
1
sift 160
41 37
68 36
96 128
73 60
140 151
63 69
191 270
69 75
298 244
104 61
310 295
101 116
457 441
108 129
374 649
123 111
459 630
117 132
432 1207
124 127
543 901
130 155
663 926
143 172
1113 1193
146 169
879 813
149 167
157 156
772 967
155 162
142 181
161 207
196 198
208 196
219 236
188 284
261 209
251 272
236 331
321 227
278 267
293 258
277 318
312 279
296 309
339 266
358 289
357 292
338 326
359 335
328 439
347 409
378 334
366 384
354 442
408 424
437 457
371 626
393 562
567 373
443 496
404 603
420 611
467 517
439 637
448 623
653 400
426 687
495 535
463 612
532 494
556 488
519 543
484 638
478 744
589 514
572 605
571 644
614 589
635 585
621 640
601 697
634 672
656 662
762 556
581 825
652 746
1028 472
525 1105
775 588
735 689
609 909
728 710
768 666
651 851
740 745
871 656
680 935
627 1056
588 1183
700 944
681 1006
678 1012
881 721
930 723
970 705
826 831
829 846
802 889
823 885
915 798
870 888
746 1130
799 1025
892 908
766 1116
1084 775
866 976
1156 743
827 1037
990 847
805 1071
853 1016
897 970
856 1038
1017 870
999 892
1001 942
1030 917
1096 880
889 1090
1116 873
1157 931
1269 818
1107 987
1178 980
1234 923
1083 1086
939 1231
1091 1127
1122 1152
1190 1145
1150 1194
1278 1119
1255 1197
1357 1146
1450 1085
1436 1095
1383 1148
1519 1072
1569 1100
1554 1132
1310 1240
1815 1024
1575 1200
1609 1219
1765 1223
1858 1175
1885 1178
580816557 1347700863
1
sift 78
325 288
49 95
101 147
157 174
137 112
343 378
298 270
117 162
146 197
124 148
575 642
310 326
130 185
155 191
125 213
374 556
196 208
219 260
247 294
569 743
251 313
772 991
236 419
1113 1160
277 343
802 974
366 398
354 468
879 980
443 538
492 480
404 678
448 658
532 551
631 486
556 602
572 601
523 833
1028 410
566 776
635 702
564 884
571 913
634 878
871 599
581 1030
810 693
588 1081
740 797
829 770
901 765
680 1151
823 867
870 839
892 824
700 1154
716 1086
681 1217
882 869
1001 783
1156 739
826 1020
746 1164
827 1149
803 1186
805 1192
894 1080
1190 857
1083 987
1179 924
990 1129
1095 1140
1122 1247
1356 1052
1383 1115
1518 1075
1494 1091
1348 1232
580816557 1689478995
1
sift 52
432 513
146 204
727 767
143 224
545 904
261 241
1792 176
638 802
371 525
604 527
531 593
608 547
560 679
554 703
678 645
894 571
849 590
644 1293
802 1034
1131 892
909 1092
763 1358
771 1322
1383 861
1115 1084
1332 928
879 1462
1413 945
1164 1218
889 1667
999 1470
1025 1429
1178 1268
1145 1360
1102 1426
1128 1409
1786 1032
1148 1676
1528 1213
1266 1531
1449 1363
1271 1612
1469 1397
1302 1622
1535 1405
1462 1544
1470 1581
1588 1485
1482 1642
1779 1430
1621 1635
1676 1632
580816557 1745211470
1
sift 360
1753 1502
49 62
22 17
69 79
26 21
79 125
60 57
91 107
78 58
111 113
73 65
151 98
64 76
115 143
86 72
140 139
77 101
221 260
93 90
157 154
104 77
255 223
94 93
161 172
95 95
298 268
113 88
208 175
106 91
286 300
101 102
300 286
108 111
373 448
117 117
371 416
123 110
377 569
119 119
374 587
124 124
412 584
130 134
474 491
146 142
521 804
149 153
574 742
155 146
561 809
184 141
658 767
167 161
663 858
168 165
638 940
171 173
733 1230
234 150
772 903
183 202
753 1178
188 205
802 911
218 187
727 1397
196 221
885 1106
240 191
1399 775
200 238
1052 1373
219 217
1396 986
210 258
1148 1271
258 192
1105 1464
247 227
1194 1318
236 252
1137 1452
253 234
1119 1474
251 248
1568 1096
276 232
1128 1457
266 255
261 257
1243 1350
295 244
282 253
1266 1345
277 274
311 263
1216 1482
254 323
306 275
1302 1494
201 573
321 269
301 321
357 298
318 341
359 324
337 349
633 210
360 343
386 310
398 309
378 327
328 397
366 352
384 347
447 307
338 465
408 355
397 371
520 312
375 444
420 393
421 426
448 404
443 419
393 502
413 462
511 376
493 399
404 539
466 450
423 509
438 519
426 546
495 457
463 506
477 482
567 396
483 533
478 553
560 445
556 489
764 365
530 531
653 435
593 497
535 574
589 515
532 580
571 559
670 487
697 472
625 534
564 606
601 586
579 615
581 630
617 594
591 680
690 589
634 668
683 613
548 874
611 731
636 711
781 549
679 654
714 618
588 849
678 712
651 756
652 755
681 732
728 638
735 637
639 820
661 802
726 665
723 674
811 597
699 791
740 700
842 614
676 844
700 815
701 825
768 688
680 885
687 886
837 671
762 747
751 779
778 752
840 713
696 947
841 751
823 783
871 727
797 807
979 642
709 960
1034 624
892 728
747 884
645 1176
716 979
780 868
912 759
945 757
830 879
765 942
952 781
809 910
1028 721
1205 621
901 838
805 932
928 833
803 965
743 1101
893 896
881 934
870 945
1085 772
787 1041
826 1017
799 1052
990 864
807 1065
813 1061
950 908
845 1040
832 1071
867 1028
854 1043
869 1037
827 1108
1151 818
889 1029
880 1054
858 1129
903 1053
931 1038
788 1311
999 980
951 1022
758 1431
1107 916
910 1111
939 1092
1029 987
1058 961
916 1145
949 1088
1353 800
1033 1023
942 1169
932 1191
944 1189
897 1297
971 1181
1001 1116
980 1179
964 1199
1116 1005
986 1193
956 1222
821 1498
1017 1160
918 1331
906 1360
1007 1186
959 1250
1043 1118
1025 1184
989 1247
974 1277
963 1316
1023 1214
1099 1147
1150 1079
1096 1171
1014 1278
1015 1284
1178 1073
1006 1330
1157 1110
1063 1235
1145 1149
1083 1232
1070 1259
1122 1205
1077 1267
1060 1288
1005 1416
1177 1153
1088 1274
1068 1306
1136 1225
1104 1304
1091 1369
1065 1409
1089 1378
1268 1084
1168 1254
1055 1438
1101 1392
1131 1355
1450 984
1095 1419
1072 1443
1234 1182
1359 1034
1155 1336
1140 1391
1163 1349
1172 1338
1609 944
1201 1298
1326 1136
1397 1115
1192 1423
1316 1207
1153 1485
1196 1434
1182 1458
1191 1447
1242 1381
1211 1450
1176 1492
1516 1126
1255 1411
1582 1067
1299 1395
1287 1420
1519 1190
1413 1289
1383 1320
1332 1387
1125 1521
1394 1351
1380 1396
1543 1226
1275 1495
1417 1393
1550 1256
1437 1410
1592 1295
1888 1021
1554 1400
1650 1313
1518 1481
1370 1517
1575 1470
1695 1435
1826 1326
1881 1334
1885 1328
1730 1504
1913 1520
580816557 1811936640
1
sift 294
121 107
140 100
1 1
73 35
93 60
213 207
543 483
60 49
69 50
94 62
325 265
663 550
104 39
96 68
113 58
330 324
638 576
101 69
117 77
125 109
272 418
733 1123
108 81
123 85
119 137
501 475
1137 964
124 83
130 99
137 120
558 764
1523 1520
143 98
146 102
167 127
1402 1212
157 95
149 108
188 173
155 116
210 169
183 203
219 159
247 154
194 202
208 189
236 175
276 166
197 222
251 216
257 200
306 197
312 212
282 211
293 252
371 312
277 269
261 327
581 341
359 254
318 292
593 397
398 238
386 263
525 646
328 343
357 301
677 627
384 278
391 270
772 605
301 400
520 246
802 658
378 321
366 354
765 697
490 268
358 367
805 709
354 382
397 385
1640 469
431 363
421 374
879 741
495 379
393 546
939 737
423 545
426 632
917 762
483 548
464 606
867 834
589 447
699 401
903 820
556 507
690 422
949 807
478 650
697 427
964 953
1463 309
484 695
1025 925
764 425
611 587
886 1110
693 530
532 700
1077 994
866 452
811 501
1148 920
736 558
631 660
1266 822
651 675
751 582
1131 935
683 656
596 739
1058 1017
797 575
1182 442
1155 971
740 634
634 744
1089 1030
840 579
661 730
1088 1033
952 531
983 523
1104 1027
591 828
636 789
1065 1085
990 537
892 620
1194 962
826 666
871 662
1242 896
641 924
759 736
1243 931
778 718
1086 603
1302 1006
609 1067
696 974
1216 1103
553 1493
645 1111
1235 1079
700 985
726 881
1192 1191
743 862
809 800
1362 1056
517 1880
680 1077
1247 1187
830 829
716 1097
1297 1131
950 779
807 957
1300 1140
1097 745
841 960
1271 1200
931 874
1107 775
1276 1226
746 1209
853 1025
1283 1266
901 982
845 1117
1324 1236
912 1020
963 970
1423 1190
794 1230
787 1248
1464 1219
827 1228
1001 976
1410 1306
788 1263
799 1257
1469 1270
836 1224
803 1264
1563 1245
813 1259
1083 943
1389 1447
1177 878
780 1423
1529 1325
869 1295
932 1215
1470 1564
989 1175
1553 768
1621 1403
1359 836
1122 1101
1643 1376
1150 1081
1005 1289
1656 1417
910 1508
1178 1122
1427 1718
1017 1301
956 1427
1660 1505
1095 1251
1316 1014
1588 1728
1650 839
906 1635
1691 1609
1168 1217
1888 743
1700 1779
1029 1420
1145 1298
1630 1871
1103 1391
919 1757
1871 1597
981 1629
1381 1099
1780 1921
1101 1480
974 1751
1176 1354
1063 1557
1450 1084
1133 1453
1056 1591
1099 1568
1072 1621
1023 1736
1010 1837
1281 1320
1033 1832
1334 1279
1788 992
1726 1038
1380 1275
1326 1321
1234 1498
1053 1894
1157 1758
1298 1473
1885 997
1264 1602
1296 1545
1255 1628
1364 1486
1516 1368
1518 1390
1436 1519
1348 1643
1489 1593
1383 1731
1277 1879
1610 1501
1569 1575
1619 1541
1332 1900
1618 1630
1636 1606
1596 1675
1426 1884
1627 1795
1810 1615
1696 1781
1668 1844
1611 1895
1662 1856
1710 1845
1846 1833
1858 1861
1820 1917
580816557 1865606473
1
sift 209
646 780
543 523
60 43
69 50
94 65
891 946
663 635
101 78
96 85
113 87
1568 929
108 93
117 91
125 108
1523 1707
124 100
130 109
119 142
143 118
146 115
137 126
149 114
155 123
257 82
196 139
219 158
188 197
247 161
210 232
276 188
236 200
251 201
282 194
306 191
312 192
277 266
261 322
581 433
347 279
318 314
593 439
357 308
391 280
677 614
520 225
378 335
802 648
354 416
421 376
772 682
495 397
450 504
765 736
423 593
438 571
805 757
404 719
483 553
879 741
601 492
556 585
939 764
532 734
484 891
917 800
697 572
636 650
867 856
728 547
823 505
1025 1010
631 672
751 567
1266 823
535 870
699 636
1397 792
656 697
647 723
1077 1081
614 785
564 921
1194 968
651 768
652 776
1148 1032
866 587
871 582
1242 934
826 652
762 710
1124 1088
588 1120
892 687
1131 1101
809 747
661 1027
1104 1154
609 1181
775 786
1302 927
716 999
830 861
1243 993
645 1357
990 752
1089 1197
743 1075
700 1257
1216 1191
950 835
687 1384
1271 1126
1056 821
869 1025
1353 1089
853 1073
881 1050
1192 1325
901 1008
1097 865
1247 1340
912 1040
915 1057
1469 1137
803 1245
1001 977
1276 1333
951 1063
870 1202
1464 1201
827 1346
833 1358
1423 1226
813 1378
780 1496
1324 1406
845 1452
1079 1103
1563 1236
746 1713
1017 1206
1411 1397
1150 1067
799 1619
1529 1440
1336 877
854 1532
1570 1455
1157 1093
808 1656
1389 1637
1116 1198
1082 1373
1640 1398
1178 1265
1029 1482
1621 1447
1095 1417
919 1726
1574 1541
1081 1468
1519 1000
1660 1488
1016 1595
1695 951
1427 1741
1043 1570
1072 1554
1673 1556
956 1753
1103 1524
1691 1788
1234 1295
1101 1569
1871 1598
1033 1728
1401 1230
1091 1693
1840 979
1501 1215
1449 1304
1334 1435
1421 1391
1265 1593
1134 1851
1380 1509
1581 1337
1518 1425
1255 1770
1788 1258
1444 1609
1649 1426
1610 1522
1348 1778
1650 1510
1516 1659
1277 1872
1417 1782
1474 1806
1893 1420
1696 1734
1618 1804
1831 1608
1750 1700
1754 1699
1765 1755
1730 1791
1858 1716
580816557 2019709110
1
sift 98
101 104
539 576
161 138
188 168
277 240
698 1085
903 853
251 281
354 314
844 973
522 405
581 423
1149 1094
571 460
530 489
864 1593
634 468
591 597
1244 1082
639 587
608 670
1089 1303
609 689
661 728
1302 1259
651 766
1063 646
1216 1515
758 819
951 742
1389 2101
977 759
822 850
1153 686
862 835
804 942
870 885
1053 783
1135 797
1072 833
1253 796
974 1034
910 1103
964 1111
930 1179
1296 842
1294 845
917 1215
1333 848
1290 906
830 1636
1641 879
1455 1010
857 1907
1025 1526
928 1742
1238 1236
1088 1513
859 2050
1254 1290
1315 1238
1581 1065
1104 1604
1434 1199
1578 1102
945 1994
1479 1211
1770 1066
1353 1414
1380 1398
1008 2071
1646 1223
1611 1245
1651 1234
1412 1433
1640 1297
1403 1519
1767 1230
1332 1598
1704 1301
1498 1597
1817 1326
1696 1428
1413 1752
1873 1329
1545 1697
1283 2052
1654 1599
1600 1683
1843 1472
1688 1694
1515 1905
1527 1939
1570 1895
1804 1657
1798 1675
1670 1898
1794 1828
580816557 2124113243
1
sift 113
140 98
69 74
795 366
101 75
125 165
1678 563
146 102
124 126
188 137
161 105
219 195
354 290
251 198
371 191
397 351
443 271
581 389
421 505
378 616
849 337
522 478
678 391
681 442
591 493
757 394
643 691
634 482
661 558
917 595
639 601
601 652
804 669
760 768
621 1078
1131 684
1063 678
974 737
964 799
567 1607
1120 765
1148 776
817 1053
822 1085
1244 733
1202 750
910 961
1089 851
826 1136
1302 760
1088 953
1027 1033
1025 1022
1216 861
735 1620
1195 962
1007 1325
1296 888
829 1544
1008 1330
1135 1155
1253 1011
1196 1146
1444 887
912 1521
1640 866
972 1489
775 2101
1324 1141
1085 1501
1588 1007
1192 1395
915 1788
928 1774
1276 1264
1290 1314
1066 1593
1271 1334
932 2081
1590 1096
1283 1369
1403 1322
1389 1303
1574 1199
1571 1201
1150 1655
1779 1120
1238 1624
1410 1420
1656 1289
896 2447
1570 1362
1700 1417
1380 1517
1189 1822
1841 1804
1156 1952
1651 1376
1780 2097
1696 1377
1455 1562
1727 2381
1326 1816
1822 1435
1182 2321
1489 1766
1804 1487
1494 1960
1577 1844
1578 1932
1381 2268
1817 1714
1428 2457
1875 2465
