670484749 856798745
1
sift 66
239 181
334 221
397 282
428 298
598 326
578 351
620 360
563 431
594 433
769 408
634 456
1103 370
671 468
877 464
860 476
852 502
764 530
1007 498
454 1174
850 561
1060 524
892 578
974 576
871 638
845 769
1178 618
1328 628
1255 688
1164 735
790 1008
1519 677
1082 862
1362 707
797 1118
1498 725
1428 778
1480 820
1246 915
1566 807
1576 840
1099 1077
1601 866
1683 853
1325 986
1070 1318
1310 1156
1229 1283
1352 1217
1445 1181
1530 1144
1207 1444
1726 1052
1532 1186
959 2291
1509 1350
1087 1927
1514 1371
1655 1269
1257 1703
1688 1447
1734 1435
1703 1533
1456 1992
1224 2459
1453 2153
1756 2362
670484749 1115818466
1
sift 78
112 93
192 114
382 185
240 134
278 136
296 171
772 433
326 184
400 203
586 249
1443 609
410 239
890 323
563 315
537 347
1292 568
529 386
634 320
1414 532
535 393
602 377
1476 582
594 384
658 373
1716 715
686 362
687 361
1652 769
534 494
671 406
1621 801
779 364
782 369
1704 814
840 358
667 437
702 461
787 448
553 823
829 445
892 462
822 514
869 540
912 516
974 520
918 562
747 757
979 599
831 824
1050 633
1011 660
1082 622
1028 684
1140 616
868 1004
1572 559
1422 635
1431 662
1174 840
1053 1013
1722 607
1650 640
1463 751
1670 661
1441 852
1348 932
1702 737
1566 848
1479 921
1266 1137
1291 1153
1631 983
1585 1018
1748 871
1726 931
1620 1037
1654 1100
1744 1051
670484749 1150832366
1
sift 139
142 127
4 7
19 18
6 8
26 28
117 154
42 60
28 39
73 53
45 51
189 168
109 109
58 69
169 112
76 72
242 254
124 165
151 148
172 219
131 160
251 296
173 234
163 151
188 229
192 187
306 318
211 243
179 223
240 284
210 222
437 420
278 321
217 221
358 412
230 250
473 460
293 343
255 228
372 409
244 253
487 537
300 562
258 342
382 465
314 286
498 685
433 1030
291 352
608 731
303 347
756 632
614 732
295 362
579 823
445 396
736 724
565 1022
431 553
835 736
370 1040
999 601
714 1065
1001 453
735 1156
378 1518
1003 1102
916 843
554 681
772 1074
587 662
934 1228
1073 795
723 557
826 1151
548 776
1013 1363
775 1345
552 846
891 1374
583 789
1326 1121
987 1448
613 986
1544 1737
843 716
1033 1463
1642 1488
661 990
747 874
1181 1417
1276 604
726 981
654 1191
1279 622
757 944
1086 688
1104 700
689 1196
814 984
937 857
1190 715
1025 837
867 1104
1151 808
839 1168
939 1122
952 1112
812 1386
1289 840
1596 775
1557 806
1379 884
1063 1217
1185 1123
1016 1311
1475 967
1735 838
1338 1068
1142 1266
1040 1477
1285 1173
1669 972
1048 1560
1385 1167
1219 1370
1091 1664
1513 1247
1196 1562
1187 1650
1256 1634
1374 1632
1656 1401
1470 1593
1336 1707
1518 1596
1323 1744
1623 1535
1639 1570
1582 1683
670484749 1186326363
1
sift 54
34 43
7 8
2 1
128 228
26 21
85 93
226 190
45 45
211 212
92 70
261 150
299 290
90 112
358 378
96 104
251 256
410 387
163 132
382 558
255 249
306 252
614 589
236 272
625 606
284 260
437 325
929 505
445 412
1727 443
378 550
487 431
681 948
548 579
714 926
554 586
737 547
735 1113
1276 417
772 1142
583 796
866 901
890 1149
817 1238
1294 1601
999 874
1003 934
867 1255
932 1213
1033 1272
882 1569
1181 1111
1243 1441
1314 1356
1102 1715
670484749 1474416471
1
sift 115
34 45
7 7
2 0
73 35
26 16
51 32
131 113
45 33
76 44
58 40
85 70
124 134
90 89
211 196
86 110
126 109
226 191
165 116
240 235
117 133
142 136
280 257
163 125
250 290
189 137
219 167
297 244
217 168
299 254
229 162
251 242
278 306
210 212
358 358
245 217
306 261
300 525
255 207
399 363
230 239
437 355
382 413
236 274
449 404
284 281
473 375
579 599
303 278
614 590
295 335
376 481
625 596
212 824
758 539
378 329
487 469
681 803
445 337
751 743
554 512
498 592
714 799
1001 378
835 724
1051 381
736 562
608 1207
548 600
772 938
583 624
756 578
891 1256
587 612
893 1628
552 689
1088 767
1754 978
1276 403
1545 1188
747 685
1003 863
1294 1419
1086 602
1293 1538
937 744
944 1300
1321 1549
839 820
1381 1566
1025 692
1326 955
814 1060
1151 834
1013 1259
867 1148
1063 995
1033 1247
1035 1120
1596 809
1181 1167
1142 1111
1016 1272
895 1572
964 1440
1092 1344
1049 1439
1187 1624
1518 1346
1322 1547
1554 1325
1656 1262
1336 1569
1669 1511
1639 1645
1736 1720
670484749 1523815439
1
sift 117
51 48
7 11
2 0
21 13
23 20
189 165
73 47
26 24
76 53
45 50
142 227
109 83
58 89
131 127
90 114
251 271
124 167
86 139
125 169
165 138
306 283
211 226
163 152
179 233
265 202
437 358
226 215
210 248
260 229
245 245
473 393
240 265
255 235
280 270
230 285
487 479
297 266
236 286
299 304
284 274
498 623
410 299
250 324
358 349
303 290
756 576
300 517
395 278
382 446
258 575
737 596
565 634
445 325
614 586
378 374
1088 775
625 598
384 377
681 831
554 543
1003 859
714 793
548 600
772 824
552 645
866 1053
633 1196
587 601
890 976
1001 430
898 1353
608 1620
583 652
1727 878
551 845
1326 948
1067 1395
839 541
1545 1189
668 847
944 1345
1381 1312
1086 613
1293 1552
661 1034
1033 1263
1025 669
1276 585
1181 1230
937 762
947 931
814 1149
1151 832
952 1049
1106 899
882 1216
1275 879
1023 1113
1596 791
1035 1197
1142 1145
1016 1403
1307 1110
1197 1393
1190 1449
1101 1694
1639 1157
1392 1495
1518 1441
1656 1354
1336 1661
1554 1512
1470 1679
1322 1795
1563 1618
1574 1740
1736 1630
670484749 1636735110
1
sift 267
247 392
80 52
23 23
300 216
382 270
20 24
207 131
79 67
919 387
400 305
87 86
278 212
104 81
1642 1247
412 304
93 96
677 291
121 99
1073 313
122 103
629 604
118 127
772 552
170 110
890 517
179 129
904 514
159 157
928 631
192 155
735 770
245 207
714 921
212 257
1268 651
255 218
1443 717
218 282
1292 966
303 206
1414 1037
232 269
1329 1165
296 232
1294 1343
267 272
1476 1209
374 226
1652 1249
284 319
233 419
1716 1253
338 344
340 346
1621 1406
395 331
367 364
1704 1746
390 362
356 398
365 406
397 376
389 390
460 343
355 470
428 435
409 443
445 439
617 384
586 407
508 448
624 409
519 452
483 549
743 386
578 446
520 527
560 480
685 432
562 511
554 519
592 501
576 529
529 600
563 556
620 489
589 523
584 533
621 495
566 571
535 620
688 463
598 568
605 567
733 450
602 585
610 574
682 508
634 590
687 542
686 597
693 628
601 747
658 675
665 673
1307 417
597 772
616 755
843 518
663 713
671 705
948 492
779 616
940 538
626 865
836 609
945 564
667 825
907 644
534 1288
859 687
845 725
760 790
1063 607
896 704
704 935
822 758
787 800
803 798
860 764
829 784
709 991
747 904
548 1690
823 811
937 736
871 780
852 796
1196 636
1298 594
892 842
842 932
877 905
946 818
1179 703
807 1023
994 822
912 916
1190 710
818 1068
954 903
924 973
1227 718
918 997
989 936
769 1211
927 1059
980 1000
1050 949
938 1098
1099 923
921 1117
1342 757
975 1088
1178 895
1218 869
1104 1014
923 1228
1335 836
1301 875
1152 1026
990 1216
1060 1134
1140 1069
796 1693
1518 815
1257 964
1070 1162
1299 944
1272 985
1228 1021
1317 945
1082 1189
1289 999
1031 1282
1142 1155
1134 1173
1028 1342
1423 960
1199 1125
1542 922
1208 1133
1259 1094
1007 1434
1265 1097
1122 1245
964 1565
1549 946
1535 969
1525 993
1387 1073
1344 1111
1538 1015
1563 1029
1263 1207
1215 1321
1310 1222
1206 1353
1169 1429
1155 1459
1053 1758
1171 1482
1485 1160
1444 1193
1722 1052
1502 1178
1379 1338
1422 1318
1686 1129
1347 1382
1224 1572
1560 1212
1306 1463
1519 1287
1656 1194
1305 1552
1650 1200
1266 1650
1269 1652
1547 1302
1536 1337
1213 1797
1220 1760
1315 1614
1431 1468
1670 1259
1420 1525
1618 1323
1348 1659
1291 1752
1463 1519
1725 1267
1490 1540
1466 1585
1574 1470
1482 1602
1440 1683
1497 1649
1395 1770
1596 1498
1537 1616
1362 1830
1434 1786
1510 1749
1639 1568
1609 1662
1551 1722
1631 1669
1576 1718
1731 1501
1676 1636
1726 1767
1588 1912
1703 1855
1748 1846
1758 1777
1744 1902
670484749 1643728630
1
sift 60
208 200
102 105
78 48
286 211
193 106
459 621
211 140
163 121
343 272
294 153
866 1038
248 177
258 285
1066 649
346 222
944 1100
358 279
445 316
772 1073
369 320
300 467
456 351
1762 1085
557 322
776 481
643 308
548 433
826 645
518 499
679 446
1294 749
695 440
1008 388
1329 977
693 478
823 516
1398 964
583 669
747 571
1292 1070
1010 522
867 717
1691 1183
954 677
1416 603
1621 1341
1339 770
1288 839
1716 1535
1475 814
1086 1000
1297 884
1395 850
1337 924
1735 864
1698 978
1542 1185
1227 1428
1650 1148
1721 1604
670484749 1716575903
1
sift 96
85 95
248 257
163 151
117 125
189 132
142 246
286 268
217 228
219 193
281 247
242 241
358 417
255 301
251 269
384 337
306 315
775 1074
257 726
437 438
392 377
473 424
826 1582
389 545
487 574
660 456
498 767
922 1436
605 494
944 1320
519 571
1003 1426
1066 1216
663 513
1033 1492
548 700
1013 1614
1377 1379
592 677
1181 1746
586 741
1294 1627
667 635
1398 2007
795 583
635 765
584 858
844 587
591 923
787 704
688 855
621 1031
1002 731
1032 727
803 873
918 808
767 931
829 883
1208 739
823 1026
871 989
746 1223
661 1623
1010 1038
983 1100
1417 821
814 1445
980 1178
1103 1103
834 1612
1025 1269
937 1480
1236 1099
1454 1016
1481 1028
1085 1396
1257 1260
1086 1531
1288 1321
1605 1116
1243 1470
1142 1724
1616 1204
1644 1199
1063 2046
1422 1447
1431 1468
1264 1848
1318 1758
1491 1560
1570 1511
1553 1634
1554 1733
1637 1656
1572 1828
1736 1729
1749 1810
670484749 1785851268
1
sift 139
126 146
42 78
19 19
73 65
23 25
117 181
109 122
26 33
125 179
28 52
142 164
131 178
45 61
170 188
58 70
229 221
172 227
151 153
173 250
163 175
251 311
211 258
192 196
248 271
179 239
306 332
240 285
143 349
297 304
210 235
898 210
278 323
217 236
280 333
255 230
357 403
293 345
244 266
291 446
258 301
437 453
358 418
371 226
382 470
250 341
376 546
410 560
236 424
444 953
295 375
473 465
614 670
303 415
608 695
445 412
487 517
579 787
431 514
565 862
551 455
498 658
714 920
905 422
773 922
554 550
564 894
735 1192
583 619
775 1193
723 522
999 591
891 1213
587 648
826 1312
378 1505
737 742
956 1296
613 638
893 1454
548 726
944 1141
987 1419
552 861
1294 1286
1276 474
934 1229
1293 1597
668 709
1544 1501
661 772
1003 1158
843 715
654 1044
1013 1283
1086 656
1025 745
1033 1265
937 834
947 855
1501 990
1190 705
814 1056
1326 1082
1104 793
1151 782
1181 1313
902 1018
952 989
867 1114
839 1155
1338 775
932 1165
1379 814
1557 765
1063 1085
1016 1175
1023 1172
1142 1159
964 1544
1735 890
1091 1359
1167 1267
1669 966
1048 1493
1385 1167
1135 1480
1196 1395
1513 1156
1187 1475
1336 1465
1353 1473
1656 1237
1518 1364
1470 1424
1322 1550
1639 1436
1563 1557
1554 1595
1650 1609
670484749 1861578657
1
sift 66
51 47
216 280
163 147
261 163
781 1270
61 90
85 85
358 421
183 218
813 353
142 121
138 214
775 829
384 316
241 155
251 250
714 1411
389 549
306 282
357 372
456 484
437 390
473 371
519 495
487 510
737 466
344 1262
342 1458
711 742
477 811
635 575
1003 1183
548 695
667 578
1033 1279
663 602
688 611
1013 1304
592 751
584 787
1501 930
591 800
490 1087
1326 1095
622 946
829 713
1181 1320
613 1177
823 847
746 1205
1103 837
937 1041
747 1512
1257 997
1289 989
1431 964
1087 1380
1297 1178
1318 1264
1463 1185
1637 1118
1224 1447
1444 1281
1272 1515
1264 1572
1539 1662
670484749 1906096636
1
sift 139
51 43
42 58
19 12
73 45
23 18
126 140
109 110
26 22
76 57
28 36
142 136
131 148
45 50
170 185
58 54
117 165
211 243
118 101
179 220
86 137
189 178
248 254
151 142
240 274
163 154
229 229
297 285
154 170
250 325
183 268
251 295
280 297
210 231
278 321
217 226
898 184
293 320
222 236
358 408
255 237
306 319
300 570
245 251
382 471
230 269
357 387
410 566
236 372
449 614
284 315
437 433
433 886
295 365
609 629
303 354
473 457
775 560
1536 222
614 717
390 456
487 550
579 822
431 520
751 671
551 531
498 695
608 857
554 598
565 972
619 592
866 1164
714 910
1001 453
826 845
587 656
1003 1203
735 1002
548 749
575 1529
723 554
944 1321
835 901
552 793
772 1077
1276 466
934 1380
891 1267
583 829
956 1310
747 705
1013 1376
1544 1435
1235 549
1293 1712
843 760
1033 1389
873 780
1670 1804
689 1089
1326 1184
1086 722
757 1025
1181 1418
1025 815
937 917
947 913
1106 803
814 1085
839 1081
1151 850
1190 839
867 1158
1063 1141
932 1405
796 1679
964 1373
1016 1295
1596 899
1142 1207
1385 1065
1243 1245
1219 1288
1279 1462
1513 1262
1669 1195
1197 1703
1656 1289
1484 1490
1396 1563
1518 1467
1336 1670
1470 1633
1322 1811
1579 1741
1574 1779
1639 1748
1650 1788
1709 1752
1582 1818
670484749 2095558067
1
sift 111
423 340
102 146
3 5
286 233
45 41
211 179
163 141
300 425
236 155
248 223
294 167
343 388
255 250
358 360
258 644
781 943
392 363
414 356
643 271
922 1072
369 415
826 903
445 452
1066 1150
456 443
775 1122
520 416
379 789
557 442
660 394
605 430
602 438
562 484
578 545
548 596
658 535
554 724
688 565
490 901
592 713
635 665
667 614
587 754
611 786
663 737
1031 492
621 904
641 921
842 682
787 779
803 832
829 810
689 1044
918 781
613 1302
747 1024
872 880
822 962
730 1133
823 1031
1113 814
1563 664
1122 827
1208 778
834 1157
980 1022
1010 989
1069 955
1103 971
1037 1086
801 1480
1174 1007
1417 863
874 1398
1025 1190
937 1338
814 1629
1259 1088
1481 988
1288 1120
1289 1152
1086 1473
1050 1571
996 1694
1142 1433
1229 1285
1406 1180
1263 1317
1605 1092
1412 1223
1617 1124
1379 1286
1702 1091
1243 1460
1318 1410
1431 1391
1491 1340
1480 1384
1493 1401
1620 1306
1585 1429
1618 1432
1454 1598
1498 1570
1637 1474
1644 1538
1572 1614
1418 1747
1536 1707
1736 1599
1725 1714
