742308222 789706637
1
sift 82
198 143
23 15
34 10
211 319
67 59
294 251
182 136
78 68
432 329
77 106
545 543
259 195
95 102
680 472
104 111
1039 807
115 99
620 582
122 114
1443 788
120 139
507 928
112 172
133 145
134 149
149 183
171 148
160 231
203 217
186 317
237 246
246 256
256 279
266 268
288 257
292 303
277 492
345 426
389 373
466 366
354 612
399 557
376 712
612 439
515 549
1175 298
528 630
551 656
490 821
440 1138
495 910
603 690
560 768
486 1132
721 572
547 916
520 1066
555 960
533 1028
581 953
599 1061
624 1128
652 1094
697 923
657 1102
688 1051
751 927
757 958
702 1103
830 853
710 1168
883 879
840 946
772 1159
770 1183
1161 772
1053 938
1021 1041
957 1161
1062 1031
1251 1040
1208 1158
742308222 962831950
1
sift 157
35 32
125 90
54 56
172 162
147 132
67 61
190 179
182 168
78 70
210 323
204 238
95 114
294 288
259 232
104 124
432 456
304 294
116 126
485 408
253 305
139 109
569 799
321 298
112 148
779 692
383 427
107 159
1576 994
389 394
122 139
614 668
192 84
620 490
120 172
535 997
133 176
1443 707
134 183
1039 974
164 188
923 1128
149 215
171 184
1428 998
160 281
173 272
1019 1506
203 264
238 226
242 222
186 344
237 293
266 284
243 334
270 295
290 282
289 291
292 286
288 335
277 521
338 369
341 557
381 514
466 413
425 511
399 579
376 621
354 755
391 597
487 576
538 577
524 623
440 846
576 592
562 599
515 661
507 695
558 700
536 769
495 894
560 751
551 790
486 939
490 931
581 823
593 810
654 667
555 929
553 996
520 1090
721 678
519 1150
652 826
584 995
599 942
687 798
646 909
657 941
809 824
746 884
688 1021
888 831
710 1020
675 1112
757 945
772 954
702 1140
856 914
754 1075
799 1031
867 961
883 976
821 1056
743 1231
695 1368
801 1119
824 1082
791 1149
826 1097
840 1066
770 1247
728 1366
1053 902
903 1081
914 1165
861 1285
884 1278
838 1364
786 1466
944 1223
957 1212
844 1382
955 1245
1000 1161
885 1379
877 1400
846 1432
919 1343
1062 1126
822 1479
983 1304
905 1419
915 1452
1028 1305
994 1367
1043 1403
927 1500
1147 1292
1191 1267
1116 1446
1044 1497
1270 1355
1193 1455
1049 1508
1455 1357
1450 1417
1560 1409
742308222 1689478995
1
sift 51
715 294
133 194
362 504
171 207
588 767
265 329
1591 511
292 402
843 1646
271 525
1521 1419
358 593
1244 311
466 679
365 976
520 636
418 793
508 906
647 840
659 1028
894 892
757 1039
957 861
799 989
858 1034
1574 724
856 1085
722 1358
709 1392
739 1426
891 1155
809 1322
893 1218
830 1436
930 1292
861 1429
877 1410
954 1361
1541 925
859 1675
1301 1152
1062 1470
1103 1527
1348 1271
1275 1485
1162 1622
1281 1581
1216 1680
1368 1544
1409 1531
1361 1632
742308222 1745211470
1
sift 162
35 36
23 22
34 15
46 62
29 21
100 87
63 107
52 76
78 79
95 103
88 106
216 235
104 111
133 139
107 117
147 137
291 569
122 124
149 172
120 134
172 168
363 448
134 142
171 154
160 205
190 195
362 584
164 175
194 213
203 217
210 316
390 808
186 252
294 296
205 239
432 418
492 622
237 248
399 511
246 255
485 476
468 809
243 275
515 491
288 244
869 609
535 715
245 321
419 1097
317 345
588 1397
339 371
620 804
265 737
1443 767
354 404
579 940
328 466
344 457
646 856
341 482
358 444
756 904
384 426
381 574
709 1106
376 606
466 445
858 911
436 535
612 396
859 1272
454 613
426 736
890 1457
443 672
490 630
1056 1318
495 756
539 654
1035 1452
486 802
520 712
1162 1494
528 711
551 688
1409 1345
547 868
536 899
1427 1350
553 905
624 800
1428 1464
634 779
560 937
581 960
721 747
683 807
1120 524
596 1277
668 961
688 943
840 783
702 932
810 820
643 1284
785 908
713 1029
728 1043
710 1118
657 1331
674 1279
775 1028
696 1235
763 1111
743 1199
770 1144
956 916
983 926
883 1017
838 1091
745 1316
866 1073
782 1309
861 1184
1049 944
842 1215
884 1186
772 1416
801 1368
1229 861
1062 980
822 1393
954 1150
844 1346
915 1267
927 1249
905 1304
1041 1079
919 1274
894 1355
933 1326
957 1320
1053 1160
937 1377
850 1495
898 1450
1047 1193
1109 1136
992 1409
1089 1254
1002 1447
1080 1424
1105 1396
1159 1294
1026 1517
1193 1410
1257 1381
1261 1395
1550 1126
1560 1505
1527 1522
742308222 1811936640
1
sift 116
29 16
78 50
85 76
67 68
96 69
112 109
107 77
104 81
160 173
122 83
120 99
243 197
133 100
134 102
270 372
171 95
157 169
344 379
203 159
186 175
384 374
194 189
237 216
454 656
277 349
399 394
589 530
490 341
515 329
495 675
507 483
520 543
603 555
579 576
555 624
486 730
647 550
757 605
634 582
676 563
688 698
528 789
702 709
858 658
635 865
713 763
770 762
883 666
593 1230
830 741
785 779
838 738
668 1017
547 1423
743 953
859 921
745 970
861 925
893 904
599 1790
652 1473
894 935
710 1294
877 995
915 994
867 1121
905 1027
919 1033
772 1289
937 1029
633 1904
842 1340
1057 961
993 1086
1041 1081
1410 821
1257 896
955 1298
1050 1103
1162 1006
1122 1099
1160 1065
1081 1191
1089 1217
1044 1266
1427 931
1053 1301
1138 1226
1146 1236
1105 1275
804 1894
1279 1140
844 1825
1109 1321
1225 1306
1193 1518
1242 1325
1243 1363
1457 1410
1227 1398
1173 1448
1550 1368
1281 1564
1301 1554
1254 1884
1432 1417
1429 1429
1519 1616
1271 1718
1636 1219
1569 1845
1600 1469
1486 1730
1547 1779
1494 1871
1548 1921
742308222 1865606473
1
sift 75
85 83
104 93
112 108
107 91
122 100
115 127
120 109
134 115
160 197
203 158
186 200
192 195
243 191
237 201
266 362
277 391
515 312
344 397
270 773
400 459
352 481
490 433
558 398
1465 310
507 523
520 614
528 650
495 768
757 682
486 1027
561 1003
702 757
883 652
858 648
713 778
533 1563
830 741
838 765
658 1726
893 892
861 1010
802 1693
859 1031
877 1080
1474 1552
894 1101
1057 967
1450 1700
890 1217
1162 927
1550 1659
938 1197
1257 934
1560 1790
1050 1191
1152 1135
1016 1338
1265 1089
1427 993
1081 1325
1146 1406
1226 1397
1242 1440
1209 1463
1219 1487
1227 1591
1173 1636
1301 1558
1273 1599
1281 1612
1429 1457
1401 1541
1271 1741
1423 1704
1412 1787
742308222 2019709110
1
sift 99
46 33
96 104
727 677
133 129
108 194
904 801
149 138
271 279
122 184
1136 955
160 168
399 590
237 281
1307 1228
277 266
713 853
334 351
1304 1834
345 353
929 755
317 403
339 437
859 1094
489 424
384 564
974 1082
637 407
440 670
754 1593
486 728
495 766
937 1302
639 680
696 646
1273 1163
589 911
634 912
1162 1259
814 719
596 1034
1050 1515
842 729
668 868
1173 2102
803 782
603 1193
681 939
735 882
703 942
665 1075
909 858
959 842
881 906
960 860
763 1103
924 933
765 1135
770 1215
747 1256
1059 879
823 1220
994 1116
1001 1127
1123 1114
861 1526
883 1479
1092 1234
919 1513
905 1604
784 1966
970 1597
1141 1301
1159 1274
1134 1333
1105 1398
940 1772
1017 1609
1243 1297
1188 1339
1242 1314
1344 1263
1265 1414
884 2119
1352 1353
1166 1599
1090 1753
1266 1559
1089 1913
1044 2052
1102 2056
1512 1530
1396 1838
1534 1626
1225 2066
1553 1807
1402 2109
1551 1886
1515 2013
1555 1942
742308222 2124113243
1
sift 121
105 72
1479 639
96 88
85 99
104 95
133 98
112 165
134 102
122 126
166 117
149 105
186 122
160 137
203 195
237 198
246 284
271 191
277 197
317 320
265 240
373 234
339 351
344 353
346 370
672 310
343 428
400 361
384 485
418 344
464 337
519 394
489 390
520 388
486 558
515 404
507 434
414 923
583 399
624 438
596 737
681 427
579 571
589 801
817 492
714 581
639 750
770 595
889 563
634 775
696 678
703 669
603 1027
776 727
743 799
819 695
894 684
879 742
665 914
737 847
859 777
747 979
892 764
974 733
763 961
948 787
938 851
612 1607
909 929
861 1022
649 1494
959 888
1162 760
760 1140
919 953
1050 861
925 1076
883 1136
1057 962
987 1064
1129 901
1103 936
784 1405
1243 866
1273 859
881 1314
884 1325
1042 1146
841 1416
1242 973
1146 1141
1092 1376
1218 1096
1044 1369
1141 1315
1287 1120
1047 1398
1124 1462
1138 1264
1102 1334
1357 1258
1080 1394
1173 1304
1105 1517
993 1593
1401 1199
1041 1655
1225 1420
1432 1289
1109 1816
1089 1955
1412 1531
956 2376
1547 1417
1486 1612
1396 1698
1447 1647
1524 1804
1122 2268
1534 1676
1513 1899
1512 2026
