751210311 856798745
1
sift 529
11 11
21 20
29 29
12 16
26 27
54 50
34 30
41 35
39 38
221 169
49 43
44 37
46 33
274 204
106 51
43 44
48 42
320 252
95 64
56 52
114 48
341 271
115 66
71 61
74 63
307 331
128 82
76 76
86 79
355 281
135 77
89 74
110 69
384 307
125 88
109 87
118 83
378 336
137 90
107 93
113 104
413 367
143 120
126 99
122 103
401 452
154 115
138 108
145 107
506 437
172 110
158 126
163 121
612 516
166 123
152 131
139 149
634 625
197 130
171 139
181 132
771 626
218 133
164 159
183 147
732 730
235 154
173 156
185 158
613 1210
215 175
180 168
175 180
808 767
256 160
182 182
192 187
924 753
257 164
189 209
249 174
987 910
247 190
217 211
203 232
1219 1180
242 217
244 210
277 185
1204 1291
285 200
233 216
259 212
1394 1290
278 208
252 228
301 201
1362 1358
318 243
258 229
254 235
1163 1611
360 241
241 259
265 238
1442 1516
354 260
272 240
289 225
1639 1461
319 300
296 245
263 312
1641 1529
369 266
275 305
300 292
374 285
316 274
281 342
370 303
372 275
335 306
404 290
424 249
329 323
348 341
385 293
311 387
386 316
324 386
377 313
414 311
359 346
337 380
422 364
345 373
339 405
449 349
407 348
352 412
350 488
387 393
367 422
475 365
396 400
392 413
470 402
444 371
448 374
530 376
344 483
395 423
512 394
450 391
336 534
552 375
476 396
394 469
482 414
382 507
463 421
503 418
433 471
430 478
478 521
434 477
442 474
559 460
461 458
462 506
521 504
465 501
523 450
553 482
486 499
452 541
516 539
439 560
477 518
608 473
427 598
440 564
605 480
518 487
525 497
603 486
581 445
429 635
623 481
480 566
561 515
602 513
510 568
469 627
597 522
570 523
636 484
665 500
538 569
533 571
693 528
479 691
669 490
619 590
627 544
592 583
696 555
527 680
467 816
676 584
610 570
515 721
695 621
443 1007
548 710
776 549
600 631
585 655
698 664
351 2325
562 714
819 585
545 776
599 667
788 641
415 1409
620 660
844 683
672 605
641 640
933 676
564 786
657 645
888 709
691 665
595 825
943 755
617 781
630 751
911 876
718 648
569 907
971 856
681 696
637 764
939 877
660 726
712 690
982 869
678 731
720 684
1080 830
707 700
664 797
893 1058
700 739
663 829
1064 903
690 784
648 864
1084 895
744 694
715 754
1056 930
643 893
735 718
1088 988
662 887
711 799
1104 978
722 824
639 966
1102 980
766 757
738 803
1030 1078
861 657
775 801
908 1294
800 771
624 1214
1153 1000
742 889
706 985
1209 963
725 990
670 1119
1136 1031
753 925
740 957
1160 1021
885 758
717 1061
1170 1017
831 851
804 883
1199 1001
790 923
781 940
1161 1028
836 891
1226 636
1287 955
731 1174
903 886
1374 928
752 1225
769 1178
1172 1072
673 1583
767 1203
1237 1034
746 1292
873 949
1334 995
835 1039
765 1323
1183 1122
799 1193
787 1221
1332 1037
898 994
785 1235
1272 1097
789 1272
860 1083
1340 1063
756 1446
865 1082
1047 1406
856 1123
876 1142
1203 1200
680 2106
796 1390
1290 1115
795 1411
920 1114
1220 1190
828 1342
929 1132
1242 1179
985 1059
882 1228
1337 1102
793 1542
830 1418
1325 1127
937 1219
879 1355
1327 1130
839 1456
863 1436
1322 1137
907 1343
755 2032
1240 1215
798 1711
1015 1188
1267 1239
1011 1227
998 1270
1483 1084
921 1410
1009 1261
1398 1153
905 1478
944 1433
1356 1230
859 1646
1045 1325
1361 1246
910 1588
897 1642
1351 1255
1158 1172
1020 1408
1275 1345
1026 1402
961 1535
1463 1198
1074 1364
953 1614
1516 1170
874 1869
1296 1134
1370 1299
877 1879
1113 1353
1450 1251
1059 1466
975 1640
1407 1274
1046 1514
977 1679
1433 1263
936 1809
1013 1630
1535 1192
955 1803
946 1830
1317 1372
965 1795
1063 1554
1333 1363
1052 1586
1008 1695
1500 1334
1446 1148
797 2572
1372 1442
1135 1469
1051 1661
1651 1213
1100 1568
1468 1195
1572 1330
1040 1740
1288 1359
1474 1412
1036 1760
1028 1806
1592 1324
1069 1662
1043 1761
1497 1414
1404 1285
1076 1688
1545 1440
988 1951
1117 1609
1552 1505
1115 1634
979 2065
1434 1625
1184 1558
1016 1983
1628 1441
1068 1844
1228 1551
1577 1539
1075 1880
1138 1746
1612 1506
1092 1927
1061 2029
1624 1484
1202 1689
1078 2001
1614 1576
1152 1802
1133 1856
1484 1842
1280 1623
1097 1982
1646 1616
1082 2050
1193 1774
1647 1621
1568 1405
1106 2057
1490 2077
1343 1644
1119 2055
1671 1789
1246 1838
1181 1950
1539 2241
1188 1969
1304 1777
1653 2352
1222 1929
1178 2040
1269 1886
1109 2286
1232 2015
1331 1859
1086 2438
1179 2171
1451 1753
1368 1867
1236 2105
1310 1984
1207 2188
1477 1758
1336 1976
1262 2142
1352 2003
1198 2350
1253 2227
1221 2328
1301 2156
1200 2390
1472 1891
1481 1884
1619 1673
1512 1853
1145 2562
1386 2124
1090 2603
1218 2464
1299 2414
1503 2161
1256 2565
1555 2097
1350 2458
1548 2178
1385 2449
1488 2326
1478 2355
1371 2513
1392 2480
1377 2533
1530 2338
1428 2466
1469 2445
1443 2493
1491 2423
1406 2535
1601 2226
1493 2429
1609 2250
1607 2389
1574 2457
1519 2558
1543 2548
1581 2525
1645 2557
751210311 868876902
1
sift 189
224 163
49 42
206 197
125 98
472 498
115 117
292 441
134 111
950 942
137 154
762 614
157 131
927 996
170 145
671 976
156 177
1095 1016
181 175
914 1131
182 206
1137 1460
177 218
1353 1502
192 269
1613 1333
240 308
1669 1386
218 341
288 283
1634 1837
278 328
311 290
285 369
435 301
384 366
355 407
376 383
422 361
363 433
334 527
370 472
360 497
439 439
429 451
545 413
452 487
405 555
410 566
476 531
491 545
513 536
624 458
503 559
541 526
453 667
612 581
621 635
603 670
608 683
636 659
746 578
647 653
663 657
617 739
662 679
606 762
826 568
643 758
697 701
581 869
712 714
694 753
703 733
731 692
732 699
796 644
676 793
708 792
769 709
630 902
691 907
752 843
717 925
784 828
753 886
786 839
885 803
795 878
799 885
922 811
794 956
818 951
840 948
865 934
787 1080
789 1109
905 953
944 988
998 945
876 1076
946 1008
911 1066
897 1093
975 1018
863 1165
1027 1009
1008 1031
1219 891
947 1104
1032 1024
1188 915
953 1123
1152 944
1002 1088
1100 993
1198 943
1039 1090
1059 1073
1076 1065
1079 1091
1018 1171
1115 1078
1145 1061
1051 1155
1086 1136
1162 1086
1063 1197
1084 1205
1077 1209
1106 1173
1082 1216
982 1371
1352 1034
1218 1108
1092 1227
980 1433
879 1685
1154 1192
1237 1157
1299 1139
1016 1480
1236 1177
1061 1465
1013 1638
1362 1175
1088 1478
1056 1562
1040 1601
1465 1152
1067 1551
1275 1303
1195 1407
1103 1595
1547 1184
1151 1539
1069 1715
1055 1762
1202 1486
1194 1542
1394 1343
1295 1457
1317 1446
1220 1544
1334 1447
1333 1458
1133 1719
1315 1510
1335 1534
1209 1749
1267 1673
1581 1354
1385 1552
1430 1550
1272 1756
1455 1565
1289 1771
1491 1585
1543 1521
1174 1843
1529 1618
1605 1543
1584 1608
1619 1557
1603 1629
1399 1808
1480 1804
1608 1688
1541 1777
1633 1759
751210311 1076394345
1
sift 76
632 926
69 97
115 194
137 229
183 257
973 1208
199 370
157 250
177 313
335 515
1408 1394
209 360
218 331
197 443
915 464
227 430
230 570
320 502
587 848
308 590
288 667
318 637
600 878
389 742
376 618
371 705
743 719
417 907
422 752
453 694
735 786
508 865
404 813
458 843
707 914
543 834
517 770
530 876
663 1064
622 761
475 1126
524 992
739 883
500 1121
503 1090
732 825
660 1110
685 909
725 958
645 1384
681 1080
689 1665
657 1159
713 1272
722 1028
940 1411
747 1066
1463 917
766 1034
894 1537
718 1201
1372 1065
790 1011
804 1032
1085 1633
715 1276
828 1105
854 1165
809 1318
991 1155
756 1695
865 1528
1074 1270
1158 1218
1457 1290
1193 1675
751210311 1203176847
1
sift 289
81 62
56 65
69 86
75 101
223 184
103 80
115 139
99 87
212 245
77 115
134 122
113 89
209 397
91 109
157 146
109 114
262 325
95 127
169 157
129 103
505 512
143 102
221 196
145 131
454 594
107 218
201 256
168 123
455 696
137 159
197 271
154 147
520 617
156 154
218 268
128 216
508 619
164 206
288 305
173 203
543 717
182 194
319 317
190 213
500 890
183 241
334 504
216 198
659 644
217 221
541 611
378 148
644 689
192 318
602 671
246 232
1049 510
180 432
608 816
233 348
573 1182
272 278
606 942
241 355
685 860
297 280
671 928
230 413
721 856
281 344
696 950
253 516
625 1175
311 363
645 1276
479 265
689 1207
298 467
762 1035
343 384
783 990
360 372
824 936
335 435
782 1230
435 349
837 1210
318 555
728 1932
374 444
818 1377
398 411
927 1329
363 475
777 1646
355 531
1107 1115
422 424
819 1401
367 523
950 1370
384 524
987 1144
370 541
976 1358
461 426
914 1398
453 487
940 1428
404 584
919 1412
476 492
951 1442
410 616
963 1389
369 775
894 1600
440 679
1060 1319
513 570
1005 1555
581 502
1053 1403
545 549
1037 1481
515 603
1024 1569
488 631
1095 1520
495 628
880 1944
489 642
1244 1366
457 718
1252 1378
491 651
1279 1385
517 623
1065 1744
624 545
1099 1678
469 787
1325 1536
561 731
1518 1383
527 793
1104 1905
636 625
1274 1693
585 706
1353 1542
548 782
1616 1322
553 797
1437 1712
559 780
1417 1907
675 652
1209 1973
678 657
612 755
1407 1977
484 1151
603 802
1669 1975
640 754
580 855
662 747
617 822
621 835
663 779
607 866
646 799
673 794
681 792
610 946
713 766
687 809
630 927
648 893
635 948
665 881
706 840
703 852
643 988
712 857
720 842
693 930
746 858
707 985
885 729
804 784
695 1049
717 993
731 945
661 1139
676 1142
756 981
718 1107
766 977
826 853
767 995
807 889
752 1051
974 761
735 1134
722 1203
729 1215
730 1224
738 1248
753 1220
651 1755
786 1154
828 1176
793 1265
732 1583
795 1281
859 1163
1017 1007
799 1386
1090 969
970 1165
1303 885
775 1738
812 1497
876 1342
946 1253
1464 865
841 1545
1300 975
982 1279
910 1408
920 1391
995 1286
944 1390
957 1373
979 1333
1372 999
1008 1318
1018 1346
939 1511
980 1432
905 1635
998 1405
1490 1002
897 1701
989 1468
1084 1308
953 1623
1078 1335
913 1746
1076 1348
1038 1463
1027 1502
1059 1559
1185 1323
1020 1698
907 1957
1116 1472
1070 1614
1051 1686
1082 1752
1193 1514
1152 1606
1133 1684
1056 1908
1162 1705
1237 1616
1044 1968
1198 1726
1067 1946
1429 1446
1088 1959
1061 1988
1218 1739
1188 1844
1106 1966
1154 1895
1261 1753
1236 1789
1289 1827
1295 1845
1335 1848
1233 1964
1457 1768
1317 1936
1601 1634
1545 1773
1595 1981
751210311 1305823326
1
sift 549
102 82
33 32
2 3
111 80
67 67
11 13
264 226
61 71
12 14
303 243
81 65
17 18
326 323
174 143
21 22
529 375
250 177
24 21
547 372
223 188
26 27
632 466
222 218
39 31
973 1049
212 215
34 36
587 587
255 205
29 41
1409 1620
262 245
41 44
747 832
267 296
43 48
308 335
54 45
361 386
46 55
417 339
49 49
390 406
44 62
436 424
70 57
428 440
63 70
454 457
110 59
493 478
75 76
472 470
78 83
508 477
100 85
524 551
103 86
567 531
105 88
543 583
95 93
578 617
113 89
704 529
115 99
625 595
114 113
565 702
107 124
654 575
150 94
659 598
128 119
644 650
134 121
622 692
138 120
645 679
106 167
685 683
137 127
689 750
144 122
783 685
157 129
758 732
126 160
938 618
156 133
899 751
135 163
741 840
170 134
721 1038
165 142
837 765
133 223
871 806
168 169
949 797
177 157
894 882
182 155
927 933
171 183
940 1045
179 173
1024 898
180 180
976 1022
186 174
1005 956
154 236
951 1084
188 181
1095 885
183 193
1058 978
181 201
1037 1018
172 232
1132 953
192 198
1319 1019
197 192
1124 1290
242 161
1072 1269
214 186
1415 1394
203 210
1466 1044
201 219
1437 1503
254 172
1526 1071
221 203
1506 1478
217 222
1390 1276
238 212
279 199
1357 1684
240 229
205 262
1534 1721
218 249
246 238
1613 1647
256 231
235 254
249 246
233 266
244 284
281 253
274 259
278 273
288 264
253 297
251 301
282 283
260 304
265 302
296 286
277 311
311 280
290 306
285 322
393 267
318 320
337 299
341 313
354 334
355 336
335 353
336 352
343 348
334 369
358 351
384 328
360 356
352 367
374 343
435 305
386 349
363 379
369 374
370 378
488 293
424 329
422 332
359 397
385 385
397 383
378 392
362 418
434 365
367 413
457 350
377 431
476 355
404 407
410 420
396 461
429 427
450 425
445 438
494 394
430 463
453 434
433 484
452 446
444 472
415 509
477 436
516 410
518 417
561 400
458 502
475 497
382 682
501 485
517 480
491 504
462 528
541 495
513 508
470 560
624 432
484 549
507 534
533 516
525 523
480 577
351 1064
403 782
527 553
498 604
634 486
463 719
530 666
553 669
532 698
606 574
612 568
617 569
678 519
755 493
695 525
619 594
585 651
603 623
621 622
681 566
641 605
662 591
657 600
656 603
883 465
636 632
627 657
665 608
693 588
643 646
581 739
712 586
663 648
647 662
684 624
675 647
698 626
853 507
676 658
726 609
630 726
687 676
554 869
671 713
720 661
732 639
691 717
909 522
703 707
706 716
717 710
731 696
937 547
826 606
718 749
661 796
746 722
690 778
771 701
753 747
673 847
707 844
802 741
784 760
836 724
672 965
752 801
825 743
850 725
759 827
793 774
722 914
767 833
735 899
789 795
1034 681
804 792
776 873
775 879
834 783
730 994
740 972
817 811
885 766
818 826
798 866
754 1005
858 805
738 1051
819 867
964 769
803 924
795 979
901 830
919 816
844 895
873 876
827 948
898 860
865 903
1090 763
922 853
839 957
835 983
880 909
879 940
910 911
911 925
800 1123
830 1062
897 977
882 1004
863 1041
1013 872
921 981
939 970
1038 865
812 1150
1060 854
1091 839
985 943
944 987
1019 908
1219 785
893 1059
892 1063
888 1074
998 954
1163 820
1036 941
982 999
1017 968
979 1013
1048 950
1249 810
1077 922
821 1295
953 1072
930 1096
1027 1001
947 1082
1135 891
1035 1006
1009 1033
856 1246
978 1069
975 1078
1020 1055
924 1169
1016 1079
1059 1034
1004 1087
946 1165
1490 794
1113 996
1316 868
1204 931
1076 1040
986 1142
972 1156
1079 1056
1032 1122
1350 900
1228 986
1033 1177
1040 1168
1152 1048
1100 1125
1115 1117
1158 1086
1056 1222
1088 1174
1081 1196
1082 1198
1102 1152
958 1412
1105 1164
1064 1236
1237 1061
1018 1331
1054 1281
1188 1102
907 1606
1097 1219
1207 1107
1119 1184
1184 1131
988 1418
1084 1263
1509 966
1092 1261
1193 1137
1161 1191
1202 1161
1198 1187
1114 1294
977 1597
1174 1238
1172 1284
1265 1208
1052 1513
1170 1307
1026 1601
1159 1323
1051 1535
1133 1368
1195 1298
1093 1452
1275 1234
1236 1267
1117 1409
1261 1249
952 1780
1295 1226
1262 1258
1067 1552
1298 1242
1106 1490
1257 1299
1331 1240
1253 1308
1220 1336
1240 1334
1186 1396
1315 1277
1402 1220
1334 1293
1074 1668
1209 1436
1218 1426
1070 1695
1450 1250
1182 1522
1075 1733
1317 1377
1215 1494
1323 1381
1199 1562
1333 1398
1110 1703
1373 1363
1289 1455
1330 1415
1203 1598
1394 1373
1250 1540
1154 1670
1362 1411
1267 1526
1332 1450
1272 1538
1138 1737
1427 1389
1574 1282
1307 1546
1372 1465
1288 1582
1497 1372
1356 1510
1465 1405
1343 1568
1389 1501
1341 1579
1351 1573
1353 1570
1271 1655
1469 1439
1387 1547
1401 1507
1374 1576
1286 1651
1448 1488
1407 1560
1335 1625
1493 1466
1377 1604
1495 1479
1491 1496
1451 1545
1480 1515
1424 1585
1290 1726
1434 1591
1337 1689
1468 1596
1519 1537
1665 1315
1514 1567
1633 1400
1541 1530
1385 1698
1360 1735
1536 1574
1459 1631
1432 1660
1647 1438
1641 1473
1659 1470
1578 1619
1614 1594
1606 1608
1583 1641
1605 1622
1425 1787
1524 1753
1603 1667
1543 1750
1552 1740
1475 1799
1661 1663
1648 1724
1664 1669
1652 1723
1669 1710
751210311 1689478995
1
sift 254
223 134
39 31
1415 1651
262 242
49 35
472 427
51 110
508 504
103 63
543 563
99 65
622 521
91 89
644 569
143 75
625 659
115 97
578 868
109 118
685 729
134 96
645 790
107 136
689 767
137 122
758 708
157 115
782 689
169 119
837 756
173 133
803 1091
156 147
950 840
181 138
1035 812
177 163
1005 836
182 166
1037 865
221 146
927 958
183 198
951 993
192 213
1024 866
343 132
940 1077
320 145
894 1478
180 308
914 1254
218 269
1437 1069
240 256
1110 1132
256 249
1319 1260
288 228
1261 1168
287 234
1616 1728
278 265
1353 1390
311 241
285 303
435 238
261 492
360 311
335 333
355 341
384 320
374 328
422 297
370 400
358 416
334 450
352 431
429 380
369 471
494 363
404 457
377 507
476 452
453 479
410 544
491 478
624 408
541 458
561 443
743 391
475 548
634 438
351 960
612 510
527 594
608 526
621 527
695 505
603 567
617 566
470 769
746 501
485 752
562 667
605 613
643 580
681 547
708 536
607 621
581 694
978 468
684 626
703 622
676 658
712 635
623 728
796 571
732 632
826 570
769 638
687 724
720 713
657 770
784 662
661 803
691 772
785 674
834 680
1146 554
707 869
717 846
719 855
753 800
680 1017
794 830
1490 568
672 1151
818 826
867 794
789 923
722 1138
884 822
1163 720
787 1055
998 791
1018 784
975 829
1028 799
911 913
1047 783
898 936
944 902
1039 820
1059 814
963 904
735 1395
1002 887
754 1438
953 997
1115 861
1054 946
1133 872
1082 935
853 1220
873 1224
1076 979
1188 885
812 1431
879 1244
1100 974
982 1100
1251 886
1144 962
1079 1032
1218 928
1236 945
1084 1065
1152 989
1048 1111
989 1191
893 1407
1016 1178
1032 1154
897 1466
1038 1172
1013 1270
1065 1177
1185 1070
1179 1075
1299 1003
1295 1025
1004 1370
1040 1289
1088 1233
1120 1210
1056 1334
972 1525
1103 1247
1265 1104
1547 992
1275 1128
1240 1152
1237 1163
1195 1241
1639 976
957 1727
1317 1212
1172 1368
1069 1594
1220 1326
1529 1119
1333 1255
1186 1434
1452 1187
1330 1303
1334 1306
1138 1606
1248 1448
1209 1496
1267 1429
1581 1171
1160 1634
1372 1391
1517 1271
1203 1616
1199 1641
1385 1418
1425 1381
1387 1435
1407 1392
1360 1486
1684 1061
1272 1611
1182 1717
1427 1432
1424 1457
1491 1383
1633 1240
1262 1673
1583 1341
1608 1304
1286 1679
1500 1445
1426 1524
1345 1702
1524 1626
1554 1632
1522 1699
1625 1577
1574 1666
1603 1622
1680 1389
1610 1704
751210311 2019709110
1
sift 291
270 217
199 124
15 15
355 287
134 119
41 38
632 661
417 274
78 70
493 344
169 125
95 85
973 973
436 330
128 79
506 337
197 138
136 80
1254 810
500 324
137 120
634 430
256 159
172 105
524 318
171 111
732 523
334 263
183 168
508 345
188 162
771 677
369 279
192 158
591 406
189 193
747 1085
360 290
235 153
659 574
248 165
1163 725
374 348
249 191
820 588
348 185
1394 1585
404 350
266 246
894 583
300 262
1641 1909
530 379
318 266
837 658
338 256
602 627
296 303
899 629
329 319
695 537
370 342
976 865
335 365
776 567
386 373
927 979
363 392
819 589
359 412
1005 948
367 401
818 676
392 386
1024 1022
397 405
880 625
463 377
1526 755
460 399
962 701
458 407
1319 955
453 417
1003 853
433 449
1201 1061
429 473
983 943
475 423
1021 1596
499 408
1170 1029
452 452
1627 972
519 438
1252 964
503 444
1616 1580
498 467
1159 1081
491 502
517 483
1064 1257
494 503
533 484
1105 1209
480 564
513 565
1174 1163
755 415
636 495
1199 1266
664 492
556 654
1450 1094
562 681
548 745
1351 1174
676 541
720 524
1209 1374
600 668
585 704
1172 1444
554 807
657 683
1340 1302
630 738
718 645
1237 1445
663 739
470 1498
1272 1481
691 714
681 744
1374 1405
624 885
627 899
1448 1392
731 740
759 695
1287 1669
753 741
661 887
1564 1467
735 769
662 910
1614 1920
775 728
648 947
789 762
706 928
722 912
784 781
717 950
672 1115
740 911
752 932
903 731
690 1177
985 697
673 1299
738 1146
898 813
678 1427
767 1084
712 1357
930 837
835 960
848 939
790 1075
893 907
885 929
921 890
778 1256
913 927
769 1332
839 1100
911 995
971 967
1051 877
939 1012
889 1143
827 1316
795 1432
892 1193
812 1415
1113 905
905 1212
858 1311
936 1168
975 1192
1012 1227
1126 1046
1348 883
989 1274
1089 1161
1016 1295
1102 1140
1097 1155
1040 1267
863 1716
998 1364
944 1491
1069 1268
953 1552
1026 1397
1030 1414
948 1600
1061 1365
1017 1528
1327 1111
1059 1459
1048 1489
1161 1297
1386 1122
1182 1313
1162 1333
1100 1453
986 1800
1434 1125
959 1929
1220 1336
1063 1664
1076 1645
955 2013
1082 1727
1138 1595
1046 1869
1181 1536
1077 1838
1193 1557
1373 1359
1052 1933
1275 1457
1256 1486
1360 1416
1269 1521
1389 1401
1218 1598
1202 1666
1333 1478
1207 1696
1460 1386
1240 1654
1219 1676
1092 1991
1368 1502
1330 1624
1387 1540
1236 1752
1106 2022
1232 1772
1067 2121
1651 1283
1298 1697
1280 1753
1474 1513
1396 1612
1371 1662
1574 1450
1610 1413
1119 2139
1317 1858
1478 1635
1379 1768
1427 1711
1499 1630
1255 1963
1186 2114
1493 1733
1628 1526
1289 2034
1484 1778
1624 1571
1503 1815
1481 1913
1352 2090
1519 1884
1592 1780
1569 1881
1606 1818
1619 1824
1425 2155
1659 1875
1633 2025
1617 2107
1649 2098
1580 2175
1667 2166
751210311 2045004962
1
sift 59
454 530
26 54
138 137
134 143
48 77
472 571
122 158
158 228
1416 170
179 253
543 744
154 425
277 337
334 592
185 398
644 842
407 296
797 1929
541 696
372 399
685 849
335 487
608 988
337 572
894 673
556 568
603 1505
457 774
1095 1710
533 622
695 1736
1668 335
647 690
834 1389
673 777
643 921
963 1651
774 762
859 658
1053 1746
882 645
630 1619
1684 1908
795 1249
786 1362
784 1516
1228 897
1002 1197
1372 972
850 1867
1084 1416
920 1787
1133 1444
1028 1750
1359 1317
1251 1522
1430 1574
1336 1891
1455 1892
751210311 2124113243
1
sift 180
837 491
78 47
506 274
128 110
109 96
928 658
197 105
634 420
218 129
183 137
256 120
771 550
348 127
189 182
253 179
1317 2046
318 197
300 207
369 191
404 234
335 310
374 261
530 240
352 332
367 345
453 337
363 369
499 322
623 388
440 377
403 460
776 344
519 350
429 445
819 361
481 393
452 474
848 427
498 411
480 485
818 458
491 504
527 537
881 436
556 502
600 486
1252 429
514 700
548 652
1080 557
585 640
544 767
1012 610
718 513
630 672
893 774
708 621
775 558
1160 733
707 638
643 795
1509 630
648 810
985 497
1089 890
690 770
684 809
1332 760
663 874
722 775
1102 883
789 635
738 736
1174 859
740 801
735 816
1161 866
769 779
703 983
1450 777
835 713
731 998
1351 825
706 1105
790 914
1341 851
673 1494
921 834
1432 878
799 1056
767 1319
1448 926
795 1243
892 1027
1360 1008
920 1061
839 1345
1287 1071
907 1249
989 1203
1220 1116
813 1691
1040 1175
1474 953
827 1635
979 1300
1330 1120
957 1401
858 1657
1172 1297
1061 1236
1074 1228
1153 1418
863 1708
876 1671
1628 1022
1181 1135
1016 1440
1370 1308
998 1479
1097 1324
1592 1245
953 1594
1052 1428
1138 1312
1026 1518
975 1661
1059 1497
872 2176
926 1940
1069 1551
996 1775
1256 1346
980 1870
1077 1698
993 1981
1039 1851
1100 1727
1063 1861
1582 1219
1280 1501
1389 1422
1092 1930
1133 1819
1193 1754
1320 1591
1067 2115
1574 1419
1082 2201
1106 2133
1018 2423
1255 1797
1427 1598
1486 1600
1438 1655
1310 1862
1154 2194
1294 1911
1377 1816
1368 1878
1519 1688
1555 1674
1460 1810
1202 2262
1493 1814
1478 1943
1571 1806
1481 1955
1522 1900
1581 1840
1609 1839
1599 1970
1335 2395
1495 2205
1469 2260
1617 2099
1649 2178
1584 2334
1598 2349
1662 2282
751210311 2146998783
1
sift 77
472 615
105 123
138 131
88 227
134 151
137 241
158 230
179 235
217 185
197 331
311 262
218 449
281 366
288 370
277 485
320 438
408 364
360 422
372 407
476 360
335 608
641 334
400 519
370 782
743 397
404 804
457 768
1538 338
606 631
620 652
460 1330
673 713
687 704
635 774
796 606
466 1443
643 819
640 851
608 953
647 900
663 889
684 888
731 803
617 1121
703 923
603 1272
826 834
630 1380
696 1148
786 1156
946 929
895 1000
885 1014
795 1191
882 1088
799 1277
834 1348
841 1444
901 1378
1079 1092
1018 1228
867 1569
975 1457
1152 1172
1076 1349
1078 1350
979 1529
1116 1303
1054 1441
1594 1056
1133 1446
1027 1614
1295 1385
1372 1436
1465 1456
1430 1592
1543 1542
