78293061 115006752
1
sift 91
152 257
62 110
301 346
92 178
396 365
216 287
102 186
342 500
118 197
433 351
256 373
128 213
399 649
129 223
415 622
143 251
582 434
141 289
574 480
151 268
594 498
183 316
418 1046
227 358
561 768
212 416
703 490
245 437
746 548
275 520
666 630
374 598
680 635
383 659
838 576
421 658
859 557
452 1205
632 882
519 1285
803 689
670 1406
834 663
800 1389
918 645
919 1108
861 694
1085 1018
847 765
920 749
1250 999
1080 679
1066 697
864 900
944 833
873 972
992 817
990 887
1022 879
1087 897
1124 928
1105 952
844 1450
1264 920
1184 1001
1237 1012
1177 1099
1317 1017
1813 959
1584 1063
1525 1136
1474 1167
1484 1202
1617 1143
1560 1199
1590 1195
1510 1274
2166 1034
1755 1152
2042 1211
1724 1459
1891 1430
1905 1445
1947 1428
1745 1586
2169 1347
1819 1643
1951 1571
2163 1617
2044 1718
1983 1737
78293061 136395905
1
sift 121
126 213
62 108
40 46
271 294
68 82
190 287
92 141
336 278
118 158
256 448
141 149
391 371
129 221
372 677
172 281
327 492
183 273
611 820
193 256
402 414
245 306
545 1395
227 361
388 546
287 312
735 1479
276 385
457 582
275 447
332 347
541 539
333 431
383 536
565 559
374 619
400 643
536 723
422 590
421 657
695 616
519 513
442 680
680 647
521 543
548 818
665 681
626 662
588 847
752 615
450 1655
629 1008
689 690
683 754
670 1185
747 748
599 1135
667 1436
847 720
709 985
896 1282
822 798
797 899
835 851
753 1028
838 870
831 923
1254 718
792 1161
898 959
1066 830
911 1011
866 1095
973 978
992 1004
917 1114
1108 1024
920 1224
1080 1044
923 1249
1081 1060
825 1573
1048 1138
1021 1184
972 1285
1104 1176
1126 1214
1022 1408
1068 1367
1054 1416
1041 1459
1177 1292
1199 1287
1200 1366
1341 1240
1241 1439
1184 1538
1331 1350
1196 1549
1105 1724
1129 1689
1264 1514
2103 1057
1525 1369
1657 1343
1698 1392
1480 1617
1975 1404
1951 1456
1509 1783
1592 1762
2076 1499
1991 1556
2036 1528
2172 1463
1794 1706
1667 1800
1904 1723
1837 1756
2042 1693
2212 1593
2122 1758
78293061 251570085
1
sift 90
107 134
167 181
84 69
795 933
217 206
117 83
389 380
433 390
99 166
823 1022
761 988
254 185
357 482
703 620
277 192
910 1109
322 277
455 667
662 741
308 318
301 331
584 495
1028 974
404 275
428 265
860 1035
1250 1161
478 267
396 345
1085 1783
438 333
559 480
620 624
666 581
680 611
745 580
803 570
746 688
858 592
756 697
918 701
838 799
822 830
834 817
861 785
792 917
864 881
872 910
920 885
938 898
749 1271
990 922
1080 857
993 968
1022 970
1087 941
1124 931
1105 976
1218 877
1031 1071
1241 978
1018 1167
1184 1119
1403 979
1322 1086
1196 1183
1265 1191
1509 1083
1317 1235
1191 1738
1952 1166
1585 1364
1737 1243
1544 1429
1755 1281
1591 1521
1559 1550
1813 1401
1724 1484
1506 1680
1593 1619
1745 1644
2030 1458
1905 1562
1820 1673
1819 1745
2094 1655
2141 1685
2061 1752
2044 1769
78293061 304795499
1
sift 127
126 196
92 143
41 38
118 161
66 115
140 169
141 156
100 140
128 212
129 211
256 431
151 167
228 276
183 258
172 261
372 735
193 244
235 268
275 444
231 327
287 308
351 291
383 599
276 374
332 343
309 353
374 636
391 351
333 424
402 384
520 501
327 506
400 692
398 503
548 902
388 576
421 674
553 404
629 1031
502 455
519 515
342 1099
670 1228
447 697
442 723
413 952
897 1324
565 587
588 810
543 721
503 866
626 1114
536 837
695 574
788 550
490 1166
665 725
752 638
546 1036
747 695
680 776
563 1059
683 819
746 789
673 1016
749 925
709 1019
831 858
872 833
792 961
835 910
661 1301
770 1145
637 1695
861 1021
847 1080
782 1262
1066 855
753 1347
806 1285
926 1046
973 1039
911 1147
1036 1030
890 1247
1123 1017
920 1251
876 1351
990 1168
1032 1149
825 1594
1080 1120
972 1309
944 1388
992 1314
1021 1304
1254 1087
1129 1233
1108 1333
1041 1519
2103 893
1773 1003
1519 1109
1022 1645
1200 1360
1259 1383
1388 1287
1172 1618
1264 1583
1341 1485
1529 1413
1451 1600
1588 1513
1558 1688
1584 1694
2212 1395
2036 1586
2076 1612
2042 1726
2049 1728
2060 1731
1947 1803
1737 1845
2033 1780
2122 1777
2238 1842
2252 1826
78293061 517252654
1
sift 77
126 198
92 121
11 23
272 406
118 190
93 59
191 282
129 201
117 89
330 699
128 208
100 99
216 373
151 211
228 161
545 1148
141 248
248 242
256 441
170 239
254 264
172 274
291 353
373 635
183 276
392 331
286 393
351 396
284 552
378 391
327 513
301 575
349 487
477 358
400 533
413 566
422 496
412 532
333 757
482 447
374 634
388 629
383 677
543 404
421 651
1346 235
442 637
577 672
519 569
632 786
521 605
703 657
520 987
546 1078
515 1026
664 897
629 1066
745 800
813 738
828 805
670 1051
702 906
637 1140
918 771
672 1109
970 904
975 1162
1028 997
2005 1339
1066 1020
1043 1285
1032 1117
1053 1201
1198 1072
1706 958
1345 1122
1576 1007
78293061 579717169
1
sift 72
152 329
14 36
11 33
41 60
21 29
191 274
92 156
86 104
118 188
100 134
256 393
129 196
131 192
128 265
228 306
151 220
252 523
141 241
417 433
143 250
402 429
146 266
360 519
187 233
358 673
172 291
413 571
183 287
543 499
227 342
552 535
240 324
693 520
279 302
512 628
245 371
802 551
276 360
892 705
275 425
935 677
332 365
782 1356
386 379
1228 997
349 482
1346 1313
333 505
1043 1871
520 412
1370 1369
383 582
1137 1762
374 646
1611 1445
421 618
1211 1867
519 593
1682 1597
521 694
1803 1671
486 944
548 873
527 1035
626 814
670 1080
667 1218
967 1693
952 1849
1188 1927
1127 1992
1158 1996
78293061 670484749
1
sift 66
191 216
128 211
100 163
256 358
147 294
304 369
626 775
156 284
545 714
228 255
956 1398
250 281
1111 1691
154 1027
238 368
547 193
280 445
341 392
327 456
296 643
413 548
392 605
529 417
697 379
431 759
591 583
561 747
541 803
546 823
447 1417
564 830
582 1069
683 954
664 1104
690 1155
845 868
695 1173
713 1442
752 1289
880 1008
753 1318
1117 801
715 1570
1066 937
833 1339
806 1493
824 1434
852 1337
970 1142
862 1379
822 1557
864 1475
790 1750
868 1523
948 1288
928 1395
1136 1112
1223 1196
989 1698
1021 1736
1618 1227
1173 1751
1614 1542
1682 1513
1754 1468
1522 1722
78293061 936120456
1
sift 81
256 408
14 48
21 51
1749 943
41 68
43 95
316 324
92 169
66 123
129 193
100 154
384 321
118 261
131 202
151 215
176 336
454 367
128 269
313 448
141 236
360 598
372 1002
143 246
501 445
187 233
413 615
795 1058
172 305
552 472
183 297
649 694
823 1082
240 343
1313 491
227 385
632 890
860 1010
245 387
892 756
276 371
812 843
910 1148
275 439
1136 1032
258 498
1038 1183
959 1853
332 354
941 1757
286 503
1625 1165
1420 1776
333 489
1043 1708
520 351
1211 1674
1429 1830
383 590
1532 1382
374 651
1533 1939
421 668
2057 1928
464 559
512 566
519 562
521 621
486 837
548 880
613 764
580 1293
629 1067
712 990
670 1090
667 1284
653 1394
1370 941
896 1588
967 1785
1045 1892
1094 1849
78293061 1029832138
1
sift 68
126 227
92 149
26 40
41 61
100 123
191 230
102 160
66 120
118 175
228 238
216 269
129 184
244 257
128 217
360 445
256 360
143 208
235 289
151 202
413 506
141 223
402 453
187 203
451 484
172 242
552 573
184 253
568 780
245 349
802 553
279 292
892 561
240 395
656 755
276 330
482 1675
332 382
551 1442
386 351
750 954
520 371
1014 904
349 618
970 1099
383 550
1611 1066
374 609
1682 1072
421 587
1043 1677
464 565
1137 1652
452 713
1803 1197
512 659
1259 1737
519 675
1211 1739
580 603
1539 1731
521 784
548 805
626 909
670 1036
810 1025
712 1474
952 1702
1156 1805
78293061 1150832366
1
sift 85
107 134
99 89
687 816
217 209
116 96
289 309
178 240
796 962
352 466
254 206
368 326
223 277
823 1045
761 1077
322 304
357 417
301 366
313 381
584 322
396 454
438 447
860 1046
559 560
607 597
1038 1310
745 614
664 700
1118 1536
666 712
649 768
1153 1581
748 725
752 840
803 838
822 806
858 784
918 792
861 885
749 1213
864 967
838 1024
834 1068
872 1038
1066 857
920 1091
1103 877
993 1017
944 1125
829 1403
1124 948
898 1292
1087 1052
1105 1059
1070 1096
1218 1070
1184 1152
1241 1170
1022 1471
1403 1107
1237 1250
1177 1305
1200 1303
1196 1314
1317 1238
1265 1436
1356 1386
1509 1275
1617 1330
1248 1726
1474 1525
1331 1662
1724 1412
1813 1422
1506 1652
1544 1645
1755 1508
1559 1666
1952 1540
1737 1679
1650 1739
2141 1533
1990 1647
2030 1619
1947 1676
2163 1547
78293061 1186326363
1
sift 79
152 268
92 164
109 266
102 170
131 226
216 296
118 190
156 260
129 210
595 403
256 378
128 212
417 686
143 234
574 439
151 250
418 1073
187 242
666 493
172 267
673 528
183 300
620 613
212 388
680 618
227 364
838 518
245 414
834 626
332 333
847 710
374 606
865 786
383 639
944 716
421 663
918 761
512 807
1066 680
520 847
872 854
519 1069
920 798
521 1367
1022 818
667 1545
993 860
800 1452
990 903
1145 1620
1087 908
1124 982
1105 1031
1506 849
1519 986
1585 1032
1508 1080
1492 1167
1216 1436
1331 1296
1560 1176
1485 1305
1544 1294
1617 1313
1813 1230
1891 1323
2042 1245
1657 1535
1724 1486
1905 1401
1947 1449
2030 1442
2098 1411
2168 1354
2037 1505
2163 1471
1820 1707
2044 1720
2180 1718
78293061 1474416471
1
sift 77
635 907
703 561
84 54
178 194
1085 1105
254 154
315 233
322 245
428 249
478 283
593 428
582 453
620 583
666 571
746 568
696 629
756 623
838 569
822 619
680 837
792 734
861 671
834 730
918 672
864 815
993 771
920 869
944 855
872 991
1103 754
990 846
1080 788
1105 883
1042 956
1031 989
1087 970
1124 1032
1241 926
941 1343
1242 1110
1367 1054
1177 1285
1317 1158
1264 1273
1216 1334
1506 1181
1272 1484
1331 1404
1525 1251
1484 1303
1724 1196
1813 1179
1952 1136
1560 1338
1755 1276
1356 1608
1617 1427
1792 1375
1657 1489
1924 1313
2163 1205
2030 1289
1593 1623
1571 1653
1947 1397
1650 1636
2077 1353
1891 1513
1561 1718
2042 1433
1781 1610
1929 1545
1820 1620
2098 1473
1974 1577
2168 1567
2061 1711
78293061 1523815439
1
sift 72
367 1128
122 380
178 232
254 185
315 279
322 294
428 292
556 461
574 470
989 430
620 632
680 581
698 573
666 630
746 612
803 590
838 644
892 613
861 663
834 705
847 820
872 809
864 841
944 764
918 851
992 811
1066 762
1080 767
1022 823
1103 786
990 909
920 1010
898 1067
1087 866
1105 885
1124 1072
1241 998
941 1281
1317 1014
1264 1132
1177 1198
1017 1440
1525 1097
1331 1335
1617 1261
1560 1274
1492 1357
1544 1331
1356 1497
1484 1398
1724 1269
1813 1233
1755 1258
1272 1703
1593 1371
1591 1404
1952 1231
1745 1372
1819 1424
1456 1720
2077 1291
1657 1645
1704 1618
1471 1798
1951 1525
1905 1617
1947 1643
1880 1704
2141 1578
2044 1647
2163 1606
2061 1755
78293061 1643728630
1
sift 660
51 33
45 55
5 8
73 78
90 105
9 14
75 82
62 85
20 18
112 119
170 211
21 23
107 115
92 110
29 25
130 125
189 200
30 29
140 130
102 128
40 39
200 182
284 371
44 41
195 213
118 131
34 57
217 219
286 375
54 37
289 178
129 136
46 46
246 220
294 370
50 48
256 279
128 140
55 49
352 261
515 648
57 86
272 302
141 155
66 76
454 256
573 661
82 94
304 320
143 159
100 121
379 305
580 682
97 126
316 344
151 165
111 116
377 309
676 719
116 118
354 360
172 206
106 134
384 377
810 1073
134 139
372 397
187 202
131 147
401 402
1026 1130
135 143
510 328
183 204
138 141
357 471
1297 1102
147 153
389 434
193 199
175 138
524 482
1577 1085
186 149
430 426
231 224
205 150
615 456
1954 1376
192 163
549 549
227 299
176 184
587 578
1771 1830
188 185
569 580
262 275
199 176
592 681
1877 1807
182 192
734 614
268 327
223 162
761 702
185 201
710 777
275 324
208 191
795 791
204 209
735 745
279 318
225 195
1169 644
179 240
772 749
276 364
270 170
823 831
203 237
1063 732
273 374
209 223
910 894
238 247
927 827
271 378
254 239
966 867
255 249
936 836
333 334
263 233
996 1084
249 260
860 955
343 342
261 269
1038 1044
253 278
997 893
332 458
293 254
1556 931
300 248
871 1043
383 405
301 251
1153 1469
274 296
956 964
498 365
313 270
1459 1325
309 291
999 979
400 451
280 316
1429 1365
361 268
1039 952
421 443
296 308
1420 1442
318 298
1024 985
422 489
281 349
1623 1417
311 303
998 1055
442 480
336 295
1809 1521
308 321
1099 987
520 409
297 338
1689 1776
334 312
1118 1023
464 527
365 314
2109 1543
327 351
1193 1089
512 529
330 354
1851 1864
213 741
1192 1096
653 430
378 350
2237 1882
326 398
1111 1183
521 586
387 358
322 421
1181 1197
662 472
410 341
342 401
1110 1320
548 587
363 400
370 393
1101 1359
588 631
393 379
394 383
1161 1310
629 615
376 403
388 399
1236 1237
626 767
405 396
328 496
1206 1312
670 711
404 410
414 415
1396 1204
672 720
418 416
396 445
1289 1401
712 705
432 411
413 433
1353 1338
1000 781
438 432
415 473
1495 1287
908 825
436 466
459 439
1255 1574
846 912
416 495
402 540
1458 1492
896 963
458 468
408 574
1397 1682
942 977
428 547
463 511
1635 1482
967 995
509 470
511 469
1695 1494
985 989
483 500
547 446
1671 1579
952 1040
482 504
535 467
1527 1770
969 1034
513 493
490 513
1722 1648
1013 1026
492 515
495 521
1607 1767
978 1125
508 508
424 624
1727 1662
1097 1021
518 507
446 603
1741 1679
1156 1029
553 503
546 516
1780 1681
1093 1107
536 533
577 492
1772 1704
1127 1082
467 600
551 522
1789 1824
1114 1157
543 545
557 537
2075 1708
1159 1139
504 588
880 388
1434 1012
621 491
568 553
1174 1279
559 559
561 571
1185 1291
560 576
574 575
1282 1217
578 609
623 568
1187 1369
706 523
590 617
1271 1307
593 625
781 528
1233 1397
700 595
813 552
1443 1219
661 626
660 633
1379 1362
649 675
637 687
1273 1547
639 688
680 657
1260 1597
627 717
694 655
1281 1591
645 704
683 677
1448 1459
743 630
658 698
1534 1456
640 765
612 812
1467 1510
749 667
756 663
1565 1443
642 789
718 707
1436 1544
673 755
836 634
1535 1493
746 715
745 721
1499 1536
674 795
717 748
1470 1616
747 727
678 802
1540 1564
770 709
786 726
1569 1550
773 762
913 651
1504 1678
697 834
845 718
1882 1418
708 858
829 747
1739 1522
806 785
693 888
1663 1617
779 809
681 919
1649 1635
759 817
825 769
1693 1646
833 770
1077 637
1916 1541
809 806
783 833
1660 1805
788 828
863 757
1867 1675
763 866
861 787
1730 1823
838 811
607 1261
1838 1778
803 864
685 1046
1972 1676
932 746
864 814
1885 1815
1083 696
949 783
1764 1917
814 909
842 892
1823 1896
1032 763
893 855
1883 1884
937 818
923 843
1848 1914
876 896
852 924
1944 1870
928 850
947 838
2003 1904
877 913
902 889
2071 1886
891 923
991 862
2162 1879
1022 844
962 884
2198 1934
1035 841
971 887
1261 760
850 1057
1019 883
892 1000
837 1123
941 951
980 932
1012 915
918 1014
926 1003
983 940
1115 879
987 950
975 961
1025 929
1133 875
989 978
1081 920
1053 935
1042 943
919 1087
1059 936
972 1027
965 1058
895 1165
1080 954
1254 877
1126 938
939 1121
1054 1002
1048 1022
1087 986
1335 852
1241 899
1004 1095
1049 1063
1205 937
933 1208
954 1198
946 1236
1105 1074
1248 968
925 1306
1043 1148
1122 1081
1182 1030
1171 1045
1330 944
1334 942
1148 1093
1264 1009
1071 1172
1121 1132
1132 1134
1213 1064
1209 1077
1403 953
1200 1109
1296 1053
1216 1113
1247 1098
1184 1159
1326 1051
1196 1166
1415 1006
1363 1061
1299 1118
916 1701
1198 1200
1136 1303
1211 1225
1311 1155
1661 980
1272 1190
1287 1181
1387 1108
1237 1230
1228 1248
1256 1231
1356 1162
1277 1239
1315 1201
1450 1141
1351 1193
1257 1300
1327 1221
1230 1367
1519 1152
1244 1372
1294 1330
1562 1151
1337 1269
1065 1691
1317 1318
1514 1177
1557 1167
1149 1559
1262 1389
1219 1445
1320 1345
1150 1588
2040 1007
1310 1384
1345 1343
1469 1255
1614 1185
1183 1566
1508 1246
1419 1302
1421 1319
1715 1169
1526 1263
1365 1381
1479 1317
1306 1489
1533 1296
1487 1337
1407 1402
1558 1321
1390 1440
1357 1476
1383 1461
1588 1328
1611 1339
1542 1377
1373 1520
1865 1232
1786 1264
1561 1407
1875 1253
1399 1562
1544 1438
1598 1412
1573 1432
1539 1457
1806 1295
1738 1332
1371 1630
1618 1428
1471 1569
1644 1426
1418 1618
1503 1534
2055 1229
1551 1505
1788 1355
1636 1471
1694 1447
1545 1567
1837 1368
1325 1813
1482 1650
1522 1602
1427 1687
1793 1398
1976 1322
1756 1436
1546 1626
1908 1374
1811 1425
1737 1475
1463 1740
2108 1297
1668 1575
1669 1614
1717 1572
1975 1410
1755 1573
1881 1500
1612 1721
1829 1525
1795 1556
1745 1608
2008 1435
1547 1814
1339 1943
1876 1551
1760 1625
1833 1577
1698 1699
1773 1629
1855 1585
1952 1516
1904 1558
1819 1612
1609 1811
2051 1465
1414 1940
1705 1773
2058 1508
1870 1669
1909 1641
1758 1756
1731 1792
1676 1844
1903 1671
2036 1570
1958 1649
1724 1826
1706 1850
1774 1793
2148 1517
1932 1711
1969 1677
1866 1786
2118 1578
2063 1633
1783 1852
2235 1470
2228 1504
2052 1696
2004 1748
2199 1592
2082 1723
1984 1822
2060 1769
2141 1718
2163 1717
2034 1837
2143 1766
1775 1944
2180 1763
2160 1871
2144 1905
2172 1887
2205 1925
2252 1876
78293061 1716575903
1
sift 426
73 99
18 36
1 3
75 102
90 165
4 12
107 130
45 78
8 16
130 142
102 154
11 19
126 224
92 140
16 21
200 221
124 162
21 34
140 211
118 178
22 33
217 240
141 191
26 38
216 257
129 197
27 41
352 270
143 206
42 56
195 332
151 212
43 70
377 359
167 198
54 54
246 259
189 164
55 59
379 414
170 268
53 94
256 417
172 276
56 86
389 472
271 425
84 66
272 473
183 282
59 111
510 469
310 371
64 106
368 354
193 296
67 104
455 535
284 528
66 113
384 434
231 340
91 123
524 616
286 532
96 124
372 686
227 363
87 146
761 1019
343 557
116 118
440 935
245 407
99 138
823 1362
433 438
93 153
533 710
287 373
100 151
966 1508
383 610
127 120
549 719
268 428
109 161
996 1654
374 647
121 167
592 882
276 429
135 147
1568 1401
520 474
138 158
569 1333
273 461
133 176
2146 1144
464 695
148 157
635 1042
332 419
131 190
2090 1994
486 722
175 174
611 1206
331 503
177 180
506 980
159 208
710 1110
498 436
139 262
544 860
179 192
1063 789
400 649
178 230
548 911
205 216
735 1435
422 643
186 243
515 1215
185 258
927 1046
421 678
223 213
530 1187
160 337
772 1627
442 752
176 304
629 1048
192 283
860 1299
512 762
180 324
585 1436
194 298
871 1645
519 806
199 317
653 1106
250 247
1039 1585
521 827
225 295
670 1154
228 301
998 1800
662 658
266 250
580 1971
209 348
1099 1581
588 1070
248 291
676 1311
254 293
956 2007
626 1074
235 339
682 1651
255 305
1118 1772
908 1341
249 333
945 1291
270 308
1501 1659
846 1723
244 416
1028 1426
322 280
896 1825
253 385
960 1640
313 327
985 1655
263 422
1026 2030
301 380
952 1869
311 448
1047 2033
438 309
967 1966
307 481
1093 2032
336 412
300 579
351 458
362 441
370 423
318 533
326 516
410 390
341 501
319 573
365 467
448 364
387 466
376 489
340 554
342 560
330 601
363 521
346 585
391 495
303 831
347 607
345 628
458 437
355 657
402 543
423 513
1002 267
408 552
436 514
388 629
427 524
416 564
405 600
390 702
396 684
329 1008
429 586
414 650
399 740
398 742
413 700
467 541
475 556
451 627
518 506
431 701
432 703
418 780
463 634
457 676
415 811
535 527
482 609
526 536
446 820
513 640
450 815
494 696
568 589
557 631
492 817
619 576
505 835
483 901
552 736
480 915
543 766
555 744
490 921
504 933
466 1149
502 999
541 873
488 1043
553 894
565 883
536 983
693 638
603 809
546 1026
559 982
551 1038
707 689
462 1794
651 794
590 929
620 872
625 920
649 885
639 936
723 814
608 1056
612 1156
586 1344
644 1076
632 1148
690 995
680 1064
962 692
694 1029
664 1104
786 890
658 1162
745 973
607 1412
686 1115
740 1000
746 1012
1778 510
621 1431
660 1239
645 1313
756 1023
637 1414
899 848
736 1131
631 1594
700 1259
752 1164
683 1406
943 856
706 1335
747 1230
777 1194
814 1119
779 1238
770 1255
696 1516
813 1152
774 1253
918 971
801 1226
831 1130
715 1511
884 1030
847 1113
856 1093
744 1443
838 1165
812 1269
717 1690
822 1301
858 1237
792 1499
828 1338
750 1673
869 1243
1083 969
782 1611
691 2042
977 1090
803 1546
753 1758
900 1228
806 1589
891 1272
763 1820
861 1430
894 1348
949 1245
839 1584
911 1337
849 1562
835 1687
1027 1195
890 1457
1486 876
947 1322
920 1444
892 1531
808 1995
1016 1280
975 1359
872 1780
876 1773
1231 1108
907 1711
973 1532
1017 1432
850 1978
1151 1258
941 1675
1074 1388
926 1788
1022 1535
913 1882
1182 1276
972 1688
1012 1577
1066 1480
970 1724
990 1685
1335 1190
992 1778
964 1900
1021 1729
944 1945
1015 1756
1136 1518
1261 1339
1177 1496
987 1943
1036 1840
1059 1798
1171 1607
1080 1833
1126 1736
1041 1955
1122 1784
1053 1961
1103 1879
1222 1606
1363 1392
1043 2024
1148 1934
1334 1561
1533 1399
1346 1592
1241 1861
1228 1975
1247 2041
1341 1999
1859 1491
1492 1851
1450 1941
1419 2037
2103 1519
1753 1811
1631 2062
1786 1991
2062 1774
1873 1970
78293061 1785851268
1
sift 97
75 83
35 26
47 58
217 219
289 303
84 105
107 166
167 221
99 107
687 771
761 1015
116 110
357 433
433 453
208 183
823 1089
188 210
584 348
703 742
254 201
910 1028
277 247
795 846
885 990
334 214
1420 1448
322 312
860 956
1028 1158
345 368
478 277
1038 1103
1251 1368
313 430
396 441
1153 1228
438 408
535 535
518 603
628 570
666 643
745 611
649 724
756 663
747 702
822 765
834 775
859 784
803 890
847 827
918 744
861 813
792 954
818 964
872 974
920 930
944 949
991 936
993 984
1124 871
1103 889
990 1014
1031 965
1087 967
1080 982
1218 877
1403 783
1105 1019
898 1251
941 1176
1184 1080
1242 1122
1070 1320
1177 1209
1317 1108
1171 1261
1200 1331
1265 1247
1509 1183
1361 1329
1191 1537
1584 1260
1510 1341
1331 1540
1813 1217
1617 1430
1544 1526
1752 1429
1724 1449
1506 1569
1755 1446
1533 1631
2077 1440
1952 1517
2034 1491
1990 1625
2168 1583
78293061 1799436415
1
sift 71
126 187
118 157
11 15
129 209
21 25
140 186
128 271
100 115
172 280
228 189
545 1435
183 267
291 361
193 279
477 313
735 1383
262 326
402 336
276 338
329 671
275 435
327 545
332 365
511 411
333 415
388 532
383 596
413 838
374 625
543 642
400 614
574 622
422 583
536 900
519 461
546 934
421 639
831 736
521 491
793 828
442 617
954 677
520 759
753 955
588 676
835 870
486 1006
921 775
626 824
918 818
629 994
1066 739
670 1091
767 1280
975 1412
1032 973
952 1521
847 1262
1043 1518
1041 1087
1022 1530
989 1595
2103 942
1451 1265
1519 1218
1558 1310
1177 1622
1803 1371
1638 1472
1667 1555
1715 1554
78293061 1861578657
1
sift 240
126 210
45 71
11 12
271 310
22 27
140 190
92 144
40 53
464 778
43 66
190 279
118 174
56 84
520 700
66 126
195 283
129 202
116 110
997 1614
100 147
256 421
143 192
137 129
127 143
304 597
128 233
165 151
151 189
372 641
172 273
175 168
148 195
545 1411
183 263
182 231
192 240
735 1401
193 277
185 270
176 358
227 340
226 253
228 290
245 400
209 329
235 287
287 332
254 271
249 302
268 383
238 394
322 241
276 395
301 343
310 331
275 409
239 601
336 325
332 351
315 389
410 300
333 465
263 566
341 356
343 513
307 435
311 433
383 584
325 405
351 381
374 603
370 385
314 498
422 553
365 420
326 489
400 613
327 484
391 434
498 457
346 533
342 580
442 692
402 459
438 407
512 628
408 453
330 693
486 666
416 468
426 470
519 629
388 583
347 718
521 673
459 482
432 528
548 852
396 626
423 602
588 869
420 669
413 695
626 829
457 586
518 474
712 901
414 712
470 572
629 1115
492 521
477 585
670 1202
535 497
446 702
672 1265
418 784
465 717
896 1478
557 568
415 1047
543 634
553 622
482 826
574 657
502 803
503 854
565 713
560 740
505 925
536 853
511 944
480 1074
559 789
546 847
513 983
593 746
625 741
628 745
563 994
786 690
607 988
664 836
576 1284
645 999
680 938
620 1096
561 1512
745 821
746 840
689 950
694 957
586 1422
740 885
779 844
774 874
749 917
661 1103
771 906
658 1153
637 1271
695 1079
701 1068
752 989
747 1013
714 1088
884 825
788 1029
977 755
822 958
828 970
706 1252
812 1040
847 962
777 1119
792 1109
813 1091
835 1065
753 1264
1131 765
894 1034
806 1275
869 1105
831 1166
900 1046
911 1062
803 1397
837 1243
849 1235
920 1131
807 1504
861 1267
890 1258
825 1508
1066 1041
933 1188
921 1233
926 1228
898 1309
850 1470
892 1364
973 1187
904 1354
838 1585
992 1222
1021 1217
938 1453
1022 1315
1248 1080
1015 1352
1002 1416
1012 1417
1080 1307
1142 1256
972 1554
944 1594
950 1606
1135 1313
1180 1263
1053 1484
1136 1382
1073 1490
1148 1424
1171 1430
1042 1640
1087 1632
1241 1488
1264 1550
1519 1302
1506 1385
1403 1489
1492 1428
1717 1332
1737 1545
1915 1477
2103 1441
1615 1653
1514 1670
1525 1673
2004 1644
78293061 1906096636
1
sift 121
75 74
35 16
84 87
687 876
217 225
73 85
107 147
167 229
116 100
796 968
289 340
99 132
357 478
433 433
166 150
823 1162
761 1030
188 184
584 400
704 592
208 183
910 1105
178 246
860 1042
1028 1203
254 208
248 215
1118 1592
1250 1484
277 204
223 384
1153 1736
308 327
322 309
301 360
313 416
478 275
345 404
359 449
396 459
457 399
438 423
404 483
577 443
559 532
535 570
361 1499
518 667
651 516
698 531
628 619
666 676
607 772
745 637
746 641
664 744
620 816
649 778
756 752
680 949
803 784
822 764
859 758
918 741
861 786
792 921
834 841
752 993
837 945
872 965
920 935
864 1027
938 971
1066 917
993 990
1103 904
1042 967
1087 987
1031 1057
1080 1005
1124 1010
1105 1080
1241 1007
1019 1277
1403 956
1218 1106
941 1546
1317 1145
1017 1580
1070 1517
1280 1246
1177 1394
1095 1606
1363 1286
1322 1393
1510 1248
1525 1356
1331 1576
1519 1446
1216 1803
1813 1309
1617 1487
1724 1494
1571 1629
1755 1519
1752 1574
1559 1720
1544 1754
1562 1746
1650 1700
1456 1809
1930 1542
1947 1543
1731 1684
1929 1609
1781 1724
2163 1521
1905 1716
1820 1761
2122 1583
2031 1687
78293061 2045004962
1
sift 58
289 212
18 44
41 47
92 175
100 149
401 431
102 172
131 209
118 184
501 415
823 1388
151 167
327 680
129 261
450 634
910 1842
172 319
388 627
183 326
551 1140
231 357
536 809
227 400
831 685
276 406
546 1351
333 430
543 1428
275 592
767 835
383 571
873 740
519 477
753 957
521 524
868 873
421 696
890 864
520 533
806 1174
442 797
992 926
629 964
1032 1051
952 1905
1041 1064
1283 1701
876 1516
1602 1810
975 1350
1237 1191
1043 1535
1299 1831
1638 1695
1478 1897
2060 1543
1736 1787
2253 1278
78293061 2095558067
1
sift 414
107 118
90 146
11 25
112 121
170 233
15 21
130 114
92 139
20 26
217 195
248 243
22 36
190 282
102 152
29 38
354 338
240 292
26 41
246 214
128 179
27 44
401 568
302 231
36 52
195 306
129 180
47 47
687 963
251 300
34 70
256 360
141 190
40 63
761 885
279 402
50 59
272 339
143 194
46 68
795 995
284 418
54 57
304 415
157 187
53 61
823 1018
271 548
56 85
389 410
151 203
70 82
1446 643
286 489
64 99
357 501
172 254
84 87
910 1111
498 361
66 103
430 450
183 252
68 124
1038 1315
535 425
87 138
372 597
187 274
94 126
996 1655
520 494
89 150
549 672
193 261
116 111
464 878
91 151
592 906
231 294
96 148
662 529
97 145
569 1013
227 384
100 141
544 816
106 130
635 957
245 354
127 112
548 854
109 157
611 1104
262 346
135 128
515 1149
138 132
710 1004
287 390
105 201
653 811
139 147
1005 838
276 419
132 173
585 1072
131 192
860 1113
332 514
147 167
675 1282
156 185
735 1702
349 482
175 181
705 1351
178 191
1063 1054
374 577
158 220
819 1605
169 215
1501 929
383 581
186 200
896 1608
234 165
1118 1355
400 602
179 222
223 182
1858 1577
421 661
185 230
176 249
442 705
204 213
206 221
512 791
205 224
192 278
486 895
196 263
211 247
519 945
228 250
225 272
521 950
203 326
277 209
629 1076
257 229
254 238
626 1122
242 264
209 329
712 1068
213 327
266 244
672 1195
255 284
260 276
670 1243
263 270
249 302
667 1364
270 285
253 318
677 1350
323 227
235 367
296 271
285 299
252 357
297 290
313 288
301 293
274 375
315 317
410 260
322 332
280 452
300 395
311 387
328 349
344 344
291 503
307 435
308 441
361 368
327 443
370 380
365 400
326 500
341 465
360 431
330 518
347 508
355 507
346 541
339 553
391 429
342 556
453 362
438 383
363 538
439 392
428 404
394 519
414 483
427 463
387 586
482 409
396 583
376 668
378 677
388 678
413 596
402 660
405 652
416 607
420 603
547 396
415 675
418 669
399 754
518 460
431 659
657 351
459 593
467 559
457 599
436 673
423 737
495 542
497 576
463 699
540 550
390 1143
451 806
568 555
577 534
446 862
470 760
449 958
480 797
543 714
483 873
432 1166
490 859
492 864
555 726
557 731
504 874
488 893
513 872
534 836
505 956
560 776
541 832
565 810
606 698
590 765
621 717
552 910
536 1017
639 722
619 755
551 989
559 967
553 1002
546 1031
594 837
640 751
561 1024
582 955
649 828
628 922
616 980
586 1097
697 789
599 1057
679 861
708 839
664 972
685 936
689 933
644 1048
620 1138
646 1066
875 704
781 825
745 889
746 890
612 1241
749 891
625 1217
739 947
658 1112
680 1081
743 959
694 1062
602 1469
660 1178
678 1164
637 1336
786 970
683 1173
576 1752
816 921
756 1051
1006 750
752 1152
693 1333
769 1139
729 1236
770 1153
887 937
699 1419
925 930
706 1502
774 1273
759 1309
812 1190
1014 883
847 1129
753 1410
722 1613
1076 886
814 1280
755 1482
949 1025
811 1314
884 1115
858 1176
806 1401
813 1389
792 1491
763 1571
835 1308
784 1537
801 1489
869 1245
794 1580
861 1287
920 1160
947 1121
831 1453
893 1247
828 1560
788 1709
1152 1039
891 1386
825 1659
805 1736
944 1279
838 1628
941 1300
901 1436
892 1473
937 1367
918 1438
849 1652
946 1358
913 1492
881 1588
990 1316
926 1471
970 1433
911 1596
1017 1349
1025 1397
992 1477
930 1624
1066 1338
1090 1313
922 1654
1022 1525
1008 1548
934 1707
1015 1556
1016 1567
1142 1381
1104 1448
1021 1599
1117 1480
1081 1554
1112 1514
1061 1611
1136 1504
1177 1464
1571 1126
1080 1644
1241 1403
1040 1716
1166 1566
1335 1344
1108 1708
1314 1411
1182 1616
1131 1706
1123 1715
1228 1586
1049 1757
1629 1240
1201 1677
1334 1526
1345 1593
1601 1395
1631 1542
1325 1755
1783 1721
1573 1760
1548 1761
78293061 2130703568
1
sift 76
126 222
92 160
42 52
102 168
66 111
190 347
118 180
131 210
256 518
151 170
687 1226
129 237
235 350
275 516
172 301
795 1194
183 321
402 463
383 581
227 421
823 1480
276 417
346 559
374 685
333 446
910 1565
519 523
327 591
1397 2033
388 654
421 730
610 428
521 585
442 807
536 839
664 655
588 1218
683 700
752 693
626 1204
770 763
747 793
629 1191
546 1440
838 862
576 1713
831 931
835 938
709 1213
866 1061
890 1068
923 1136
972 1095
1080 1041
920 1324
1200 1361
1041 1613
1249 1885
1506 1573
1480 1664
1317 1908
1364 1919
1667 1643
1451 1830
1484 1824
1904 1539
1520 1939
1793 1707
1837 1746
1731 1871
1909 1765
2076 1752
2169 1875
1940 2005
1984 2007
2253 2028
