856798745 868876902
1
sift 157
143 200
90 154
53 47
619 614
87 158
281 407
303 472
93 165
940 484
117 177
1180 891
291 555
132 175
1085 1162
235 124
1358 1175
402 508
136 252
1265 1502
194 270
465 834
224 244
1965 1665
227 276
596 793
259 307
301 317
876 1066
234 374
387 290
946 1134
342 322
377 319
868 1372
306 408
379 379
899 1320
470 388
515 410
1034 1157
458 462
560 439
856 1611
635 451
484 659
930 1562
526 745
716 593
987 1479
659 635
696 641
1190 1544
686 652
829 657
1363 1458
632 831
772 730
781 739
1292 578
758 803
893 758
714 882
977 750
751 902
1150 687
1174 692
1390 644
826 912
925 886
710 1248
834 1092
926 1006
1223 842
1236 839
1061 925
1193 885
1082 934
970 1079
1042 1024
1186 938
939 1146
1270 945
1283 968
1202 1011
1329 980
1455 949
1221 1080
1478 953
1342 1042
1433 988
1335 1055
1540 956
1203 1148
1272 1109
1280 1112
1568 993
1466 1073
1802 944
1583 1030
1640 1018
1695 1031
1436 1165
1806 1010
1100 1538
1830 1008
1634 1078
1434 1200
1498 1163
1688 1065
1642 1093
1393 1250
1614 1123
1554 1197
1661 1155
2003 1034
1641 1201
1424 1414
1739 1195
2054 1116
1496 1429
1736 1300
1927 1227
1425 1653
2001 1208
2105 1177
2050 1216
2042 1229
2308 1158
2464 1108
2414 1139
1778 1407
1689 1486
1673 1557
1630 1638
1918 1410
2231 1277
1861 1481
2349 1242
1740 1601
1662 1715
1983 1480
2029 1465
1976 1535
2016 1530
1904 1676
1856 1719
2525 1354
2258 1586
2595 1305
2560 1413
2449 1552
2423 1585
2548 1521
2282 1763
2457 1649
2585 1711
2531 1793
856798745 936120456
1
sift 52
473 966
27 63
33 65
42 87
79 91
69 135
83 163
108 141
125 198
249 348
163 195
619 522
347 289
293 361
1085 1066
380 420
372 454
1265 1312
469 428
317 758
1783 1530
459 547
571 516
1711 1672
792 799
738 1027
859 925
640 1495
835 1181
973 1064
975 1196
882 1401
939 1281
894 1393
1004 1277
1013 1351
1551 950
971 1664
1125 1510
1374 1405
1247 1603
1311 1561
1799 1214
1322 1659
1407 1550
1425 1586
1537 1704
1545 1825
2028 1583
1983 1856
2444 1546
2485 1836
856798745 1076394345
1
sift 112
252 502
64 154
53 94
90 229
146 256
307 996
110 314
184 265
130 443
213 213
520 763
243 637
263 258
286 619
212 386
543 848
304 705
258 362
290 813
297 357
1079 1066
266 1231
234 504
363 751
273 428
1014 1208
376 876
422 335
365 1126
390 381
1295 1394
472 1112
306 515
465 1423
379 522
1726 1530
1442 1065
491 409
398 546
449 497
442 615
432 650
463 599
627 521
576 641
498 796
511 773
587 755
619 738
695 733
631 878
718 786
931 666
700 914
770 884
714 949
570 1281
802 883
645 1159
696 1080
1073 737
733 1031
648 1201
757 1034
1304 693
726 1110
824 1028
686 1233
925 931
915 967
807 1133
820 1143
923 1011
990 958
889 1092
1432 764
754 1276
1042 961
936 1141
796 1460
911 1249
826 1494
804 1566
965 1241
801 1673
951 1369
1342 1105
924 1542
1094 1247
1952 861
1172 1218
1316 1166
1702 975
1418 1140
1121 1345
1352 1190
1023 1584
1085 1497
1687 1089
1313 1307
1364 1270
1110 1608
1278 1493
1987 1101
1164 1657
1185 1668
2421 1191
1911 1541
2041 1503
2008 1575
2106 1540
2015 1600
856798745 1203176847
1
sift 278
162 239
64 127
26 28
130 271
31 27
338 349
90 159
53 54
585 1401
52 65
1826 1769
114 148
104 89
550 1646
87 114
243 555
118 103
107 131
285 444
132 126
117 154
303 541
93 218
137 166
290 584
146 240
156 203
266 775
182 194
211 221
465 749
224 220
194 319
460 780
168 432
244 280
482 797
216 348
262 301
486 802
234 373
259 355
500 881
333 281
297 367
528 930
342 344
379 331
621 1049
327 358
306 435
596 1142
309 419
387 363
1199 865
377 431
390 425
719 1594
396 492
410 483
868 1278
417 478
448 438
895 1308
422 523
447 485
877 1511
445 502
463 557
1442 999
526 532
509 560
1034 1616
484 625
554 622
930 1908
515 731
607 609
988 1959
597 631
587 646
785 530
776 549
559 742
721 603
1042 501
532 871
655 706
772 630
731 657
638 759
675 741
562 910
712 699
570 946
758 729
659 835
696 792
686 827
684 842
1214 587
670 938
671 940
800 786
829 779
769 826
705 907
781 822
887 747
756 855
632 1078
822 806
702 955
841 814
700 985
648 1107
751 927
859 832
757 977
907 807
808 919
864 893
701 1118
738 1052
831 971
931 837
718 1134
727 1139
796 1058
790 1086
809 1053
858 1014
985 840
816 1090
867 1032
893 988
936 959
964 956
924 1041
835 1197
803 1248
826 1258
1073 954
1061 993
1292 858
894 1204
1164 947
1174 945
1024 1104
925 1220
1203 995
983 1193
992 1233
1077 1152
801 1738
1225 1051
1121 1131
939 1413
1446 981
926 1504
1154 1187
1181 1172
1202 1173
973 1416
1236 1154
960 1467
1156 1221
1278 1156
1298 1164
1004 1523
1342 1176
1186 1299
1012 1609
1146 1354
1114 1391
1304 1240
1403 1183
1283 1291
1318 1271
1193 1386
1329 1268
1006 1737
1395 1263
1270 1405
1208 1486
1333 1352
1125 1658
1646 1163
1100 1763
1280 1496
1540 1264
1204 1672
1216 1652
1340 1476
1267 1590
1533 1321
1393 1507
1272 1696
1348 1597
1479 1419
1590 1314
1311 1706
1455 1545
1322 1754
1703 1297
1475 1543
1466 1559
1313 1779
1829 1254
1588 1408
1695 1318
1335 1771
1547 1479
1425 1656
1688 1348
1434 1647
1408 1698
1515 1571
1444 1648
1374 1748
2603 969
1698 1381
1377 1759
1478 1635
1522 1603
1635 1472
1354 1854
1702 1424
1524 1728
1325 1967
1614 1623
1343 1957
1736 1525
2001 1335
1687 1576
1961 1380
1774 1514
1806 1503
2042 1350
2065 1333
1642 1701
1661 1686
1802 1606
1680 1722
1483 1941
2238 1332
1496 1949
1893 1574
1889 1578
1560 1892
1537 1927
1987 1551
1641 1879
1855 1685
1895 1695
1996 1663
1833 1815
1868 1777
1926 1750
2226 1634
2050 1752
2115 1719
1969 1844
1976 1847
1942 1885
2008 1865
2350 1726
2109 1882
2209 1867
2111 1926
2057 1966
2464 1739
2157 1934
2029 1988
2308 1862
2433 1809
2291 1906
2530 1820
856798745 1228518096
1
sift 78
3 8
23 27
53 51
224 261
280 392
342 367
379 368
432 470
305 822
448 484
431 566
420 797
456 739
442 824
509 677
468 782
459 874
511 904
772 650
659 750
679 773
559 961
551 1038
688 823
578 1054
677 897
675 1073
662 1108
735 986
931 917
724 1266
769 1220
840 1132
806 1225
751 1316
893 1112
705 1526
671 1749
875 1234
951 1088
1023 1025
858 1361
707 1764
798 1558
792 1601
738 1854
986 1262
917 1533
1646 909
1005 1387
1164 1233
882 1761
1342 1206
1073 1445
892 1951
1498 1138
1208 1391
1032 1683
1052 1695
1181 1539
1045 1922
1186 1756
1366 1565
1541 1383
1474 1458
1583 1372
1430 1588
1590 1478
1403 1729
1329 1949
1533 1861
1515 1933
1689 1773
1614 1936
1952 1649
1688 1919
1977 1908
2252 1716
856798745 1305823326
1
sift 318
162 224
29 41
11 13
1296 1620
16 14
271 313
43 49
18 18
27 27
281 336
64 93
31 23
38 31
307 328
82 119
32 37
35 44
336 392
90 127
42 40
33 55
624 487
119 122
36 63
53 53
626 701
135 219
69 59
76 57
730 639
160 231
61 76
85 113
1461 480
174 246
104 89
93 124
1180 785
243 320
118 110
108 120
1289 1374
241 356
94 140
117 133
1358 1411
266 374
99 160
139 183
1826 1637
285 343
136 191
163 153
303 378
146 194
182 155
414 290
145 238
187 198
290 407
194 197
211 222
365 497
231 211
259 230
376 666
185 311
216 266
465 589
244 287
342 253
528 588
317 261
443 234
621 537
249 329
377 268
596 658
387 280
426 265
549 873
306 353
380 299
593 808
293 385
302 409
709 1074
396 355
401 341
876 925
346 397
313 431
877 970
411 368
347 445
899 962
597 293
477 365
895 1263
422 413
400 461
1034 1061
534 352
469 405
1058 1059
461 422
470 414
981 1153
487 417
515 400
987 1173
478 463
471 484
1028 1191
541 446
489 518
833 1699
554 464
497 523
1021 1322
506 528
635 427
1072 1284
526 536
630 473
1037 1450
484 632
571 516
1138 1381
734 450
566 577
1190 1336
797 503
686 541
1215 1334
731 519
680 553
1064 1579
640 605
940 483
1200 1598
696 566
690 586
1363 1398
632 645
659 622
1255 1573
781 569
692 657
1414 1372
684 661
648 749
1442 1465
798 621
772 664
1388 1612
887 591
673 752
1625 1591
829 648
751 726
1549 1781
864 663
893 646
1788 1614
819 714
605 965
2396 1279
834 734
758 766
1643 1777
727 796
700 844
1968 1743
891 724
784 778
2032 493
1151 635
925 747
977 718
718 899
985 716
816 810
931 757
1061 710
801 879
1041 733
1174 696
914 799
824 914
848 924
1292 722
803 1051
771 1123
949 876
994 860
957 972
1223 802
1203 833
1272 795
1082 903
1335 791
1039 983
902 1155
960 1101
1542 774
889 1257
1042 1097
1270 954
1169 1030
1228 1004
1342 949
1355 940
1646 804
1469 891
1133 1096
1583 847
1172 1086
1260 1032
1353 996
1410 981
1100 1195
1455 959
1630 872
1433 987
1546 935
1711 866
1512 971
1123 1246
1436 1041
1208 1203
1408 1055
1551 986
1466 1034
1418 1062
1451 1068
1642 977
1525 1069
1304 1260
1085 1525
2603 763
2001 923
1688 1040
1806 1000
1614 1072
1640 1078
1568 1125
1634 1117
1802 1048
1918 1020
1287 1456
2065 1013
1265 1570
1468 1314
2458 900
1739 1142
1689 1161
1774 1137
1740 1168
1983 1079
2252 1010
1445 1441
1969 1102
1343 1606
1359 1582
1829 1166
1402 1601
1736 1266
1783 1249
1364 1668
2552 991
1859 1240
2188 1107
1609 1409
1981 1218
2055 1184
2050 1198
1926 1262
1970 1248
1586 1513
1687 1410
1407 1764
1855 1369
1661 1535
2105 1267
2142 1258
1702 1557
1753 1545
1849 1485
1778 1556
1951 1418
2311 1274
2414 1243
1680 1751
2057 1490
2457 1282
2595 1190
1976 1624
1939 1645
1977 1644
2230 1491
1880 1733
2466 1388
2464 1426
2444 1440
2429 1466
2423 1496
2528 1424
2494 1471
2459 1500
2558 1537
2546 1595
2533 1604
2530 1643
2449 1698
2351 1772
2548 1750
2602 1711
856798745 1636735110
1
sift 59
181 223
282 376
351 446
326 568
360 489
431 556
442 606
369 1014
455 589
432 723
467 706
475 763
464 905
502 796
579 626
530 930
524 1134
712 668
638 780
498 1434
551 1120
574 1088
769 725
677 1287
924 897
871 998
862 1189
1077 923
1186 844
707 1830
820 1456
783 1732
779 1775
840 1718
1054 1153
1375 910
892 1578
1283 1020
1046 1278
1156 1222
1056 1604
1703 964
1088 1608
1052 1767
1005 1903
1116 1800
1266 1621
1444 1354
1522 1313
1479 1449
1447 1761
1467 1858
1533 1855
2088 1365
1694 1792
2042 1750
1957 1821
2358 1598
2459 1572
856798745 1689478995
1
sift 158
281 341
119 74
32 39
302 355
38 31
307 320
90 122
87 118
848 1091
107 121
624 439
115 158
93 136
1085 932
117 147
1461 976
160 249
132 138
1265 1390
156 133
1825 1251
241 311
182 166
1783 1168
194 212
285 328
259 257
387 241
303 400
306 333
234 481
266 471
313 507
290 457
473 526
396 452
458 392
480 613
412 431
635 380
481 728
515 443
554 440
596 658
532 468
659 527
876 913
696 547
680 594
899 942
940 498
622 673
868 1099
781 566
632 704
895 1065
893 580
714 667
1406 783
1292 501
684 713
857 1525
710 740
627 859
930 1334
727 803
973 670
987 1234
1390 571
1178 638
1034 1163
834 808
1235 674
1215 1152
925 800
1204 762
1058 1407
1061 846
994 936
1190 1326
1202 788
1270 791
1363 1255
1429 763
1280 889
1137 1615
1466 814
1272 923
1246 1485
1540 830
1335 947
1442 1391
1433 902
1042 1154
1205 1717
1640 829
1805 798
1388 1560
1634 861
1100 1192
1692 1370
1357 1011
1695 867
1643 1581
1311 1081
1568 974
1855 871
1396 1097
1614 997
1688 979
1969 885
1546 1068
1355 1244
1802 989
1424 1189
1690 1040
1445 1176
2050 935
2509 821
2105 945
1645 1169
2016 1027
2325 960
2106 1017
2464 928
1525 1344
1630 1270
1496 1425
2171 1075
2414 1003
2377 1022
1705 1314
1740 1289
2025 1144
1672 1356
1983 1178
1918 1227
1642 1466
2530 1042
1960 1259
2323 1120
2338 1118
1849 1426
1662 1594
1749 1637
2349 1252
2525 1171
2560 1215
2026 1546
2501 1291
2308 1456
2423 1383
2449 1418
2466 1433
2437 1582
2595 1411
2457 1666
2570 1596
856798745 1811936640
1
sift 67
365 341
181 202
593 702
221 269
839 871
433 433
856 935
431 460
1037 1006
468 625
1251 921
601 453
1028 1363
639 541
1381 1056
475 986
1140 1360
769 565
1138 1496
716 613
1246 1728
783 637
1716 1236
677 749
1763 1447
867 621
2247 1191
768 699
1770 1857
801 730
1972 1737
710 831
1842 1858
820 777
2461 1779
808 828
745 1049
749 1083
1073 714
917 980
777 1464
735 1621
871 1332
911 1252
892 1291
962 1468
1048 1381
1385 1074
1103 1442
1095 1651
1184 1500
1176 1552
1515 1177
1422 1388
1936 1101
1680 1268
1557 1424
1633 1480
1685 1466
1391 1895
1647 1553
2070 1437
2533 1321
1952 1891
2481 1566
2400 1660
2424 1821
856798745 2019709110
1
sift 486
56 83
64 85
3 8
204 371
95 103
23 21
437 337
82 79
26 26
625 430
130 138
33 40
730 523
90 120
35 38
626 677
160 159
54 37
1014 973
110 105
53 66
1079 1085
241 290
58 60
767 2004
127 134
75 81
266 279
108 87
1180 1676
154 153
141 97
285 348
139 111
174 191
163 139
290 350
146 167
243 266
136 192
376 379
194 157
303 342
181 178
513 627
165 209
365 423
209 193
549 567
185 219
465 367
249 163
621 537
221 240
533 358
224 269
585 589
244 302
418 444
262 289
1016 1030
381 256
676 663
282 313
903 1257
323 319
795 927
306 365
1021 1082
328 351
946 860
401 312
1037 1259
318 378
877 1012
384 353
1170 1171
377 360
1058 907
346 412
1063 1302
390 375
980 1140
379 385
1255 1174
421 377
987 1161
413 386
1034 1445
461 357
1028 1297
410 390
1072 1444
448 369
1200 1254
422 401
895 1989
431 397
1078 1414
487 368
1097 1481
463 388
1190 1336
447 414
1693 1923
469 428
1205 1347
455 442
1701 1930
468 440
1625 1125
471 449
1527 2169
489 438
1345 1457
509 425
2345 1515
470 457
1363 1478
492 468
1763 2101
512 465
1412 1513
484 495
2339 1999
529 451
1441 1526
541 452
534 464
1324 1780
530 506
640 441
1484 1571
571 484
578 496
1707 1839
587 497
635 473
1842 1778
632 481
566 564
1574 2093
671 499
637 519
2061 1605
684 524
629 550
2247 2031
797 492
701 579
789 533
648 645
631 668
769 547
702 604
644 682
743 600
655 704
687 687
732 638
798 598
808 597
686 713
714 681
831 605
698 727
696 744
710 745
849 647
751 738
785 710
718 769
708 787
862 673
801 728
949 621
829 739
840 742
605 1115
809 770
692 899
873 732
735 833
880 724
777 805
780 800
999 635
799 790
821 783
871 765
727 887
891 757
834 799
662 1065
787 842
858 796
758 929
892 811
824 912
1204 666
1040 750
1008 772
936 815
983 789
1005 788
772 1062
915 845
887 910
864 947
994 813
1135 749
1174 740
838 1034
1056 797
804 1102
846 1048
784 1177
803 1146
1023 835
931 925
1146 776
974 873
957 911
1272 762
700 1485
985 928
1120 819
1077 850
914 1049
1133 837
1150 829
992 957
1335 771
1258 791
923 1075
1202 831
1073 914
951 1073
1061 950
1311 816
1065 983
1052 1005
1045 1025
1214 885
964 1137
1268 872
1329 849
1266 889
1156 965
1223 933
1236 922
1260 931
1164 1002
993 1230
1181 1010
986 1242
1186 1006
734 2023
1353 905
1256 977
1143 1092
1410 890
1207 1037
1088 1157
1089 1169
1216 1059
1048 1246
1203 1084
1149 1127
1325 996
1331 999
1116 1238
1769 822
1462 986
1228 1182
1099 1324
1313 1109
1661 877
2458 722
1283 1159
1447 1016
1341 1112
1424 1044
1117 1328
1178 1332
1456 1100
1318 1235
1403 1173
1526 1072
947 1894
1551 1053
1690 962
1712 968
1254 1349
1349 1272
1426 1211
1351 1279
1519 1124
1270 1364
1511 1153
1391 1245
1342 1315
1479 1189
1478 1212
1494 1194
1624 1097
1262 1433
1743 1036
1371 1326
1710 1066
1603 1148
1269 1473
1617 1132
1498 1240
1524 1253
1918 1011
1434 1342
1545 1247
1681 1147
1402 1397
1418 1380
1640 1192
1550 1290
1375 1454
1357 1492
1565 1288
1559 1296
1333 1546
1365 1522
1583 1299
1809 1168
1894 1104
1703 1236
1662 1268
1433 1491
1466 1459
1629 1308
2016 1093
1646 1310
1533 1428
1469 1504
1740 1267
1601 1368
1444 1559
1981 1156
1684 1321
1520 1470
1448 1564
1488 1520
1711 1306
1510 1516
1917 1203
1694 1343
1568 1453
1760 1320
1832 1304
1436 1716
1682 1427
1699 1421
1405 1823
1756 1418
1983 1295
1407 1875
1614 1552
1878 1350
1851 1375
1536 1702
1590 1627
1432 1891
1753 1479
1652 1579
1599 1658
1906 1394
1797 1503
1514 1869
1959 1409
2029 1365
1728 1599
1745 1594
1688 1645
2258 1264
1774 1557
2079 1357
1765 1587
1857 1501
1689 1666
1867 1502
1622 1754
1791 1591
1833 1563
2415 1231
1713 1688
1886 1521
1904 1499
2011 1442
1969 1471
1483 2037
1911 1535
1999 1476
1781 1675
1731 1735
1950 1536
1847 1643
1586 1933
1673 1824
2252 1370
1823 1686
1961 1569
2042 1518
1739 1800
1925 1674
2028 1601
1566 2074
2007 1633
2027 1613
1736 1921
1861 1782
1900 1771
2437 1411
1888 1813
2021 1726
2545 1355
1874 1863
2152 1640
2050 1727
2088 1700
1945 1816
2257 1577
1811 1974
2015 1772
2457 1450
1858 1935
1884 1913
2291 1597
1803 2013
2022 1820
1989 1862
2105 1752
2188 1696
2140 1738
1829 2029
2531 1452
2111 1793
2355 1635
1798 2092
2454 1539
1927 1991
2161 1815
2177 1811
2311 1722
2464 1598
2259 1796
1860 2112
2132 1896
2414 1698
2173 1897
2008 2032
1977 2072
2057 2022
2288 1860
2513 1662
2466 1710
2003 2090
1978 2113
2146 1982
2169 1986
2069 2076
2175 2000
2206 1980
2207 1997
2171 2040
2302 1959
2528 1757
2054 2140
2504 1817
2115 2133
2284 2061
2509 1892
2442 1955
2447 2020
2576 1890
2219 2160
2487 2021
2534 2060
2552 2044
2602 1970
856798745 2045004962
1
sift 56
124 357
23 25
69 131
130 322
27 54
290 946
53 56
108 137
472 987
42 77
899 1349
83 171
126 228
2394 1909
103 158
895 1416
163 216
848 1164
444 231
1818 1658
347 297
280 384
306 487
498 440
329 863
469 577
571 622
511 976
637 838
559 1071
1228 645
579 1360
670 1136
768 1064
1646 658
671 1468
871 1094
783 1334
940 1151
706 1711
1181 969
1551 897
918 1503
994 1446
892 1792
1186 1352
1542 1169
1435 1380
1114 1787
1371 1533
1268 1695
2493 1205
2433 1279
1688 1839
1990 1775
1952 1872
856798745 2124113243
1
sift 428
437 274
127 117
23 14
303 283
172 101
22 19
625 420
133 129
26 22
1388 1732
243 197
35 28
1660 2479
113 162
47 38
2491 2247
266 191
54 47
290 234
58 45
2523 2252
285 261
53 65
376 240
91 89
365 389
87 96
481 388
139 94
549 344
146 136
683 590
150 188
830 557
209 138
1140 479
181 169
1021 733
207 175
1084 691
347 149
1016 764
213 217
1037 760
236 206
903 898
224 239
1058 774
292 207
980 883
262 244
987 890
258 248
1028 866
273 249
963 942
309 232
1002 1012
380 208
955 1071
297 256
1255 825
280 292
1367 773
282 291
1122 973
306 310
1200 1001
413 284
1205 1029
390 315
1246 1007
379 327
1190 1116
410 331
1412 953
411 333
1000 1418
404 360
1071 1298
422 345
1441 1022
431 347
1324 1245
455 329
1299 1308
318 514
1670 1073
447 365
1527 1360
477 341
1625 1272
408 417
1816 1367
471 352
2192 1200
442 373
1574 1589
463 364
2247 1395
489 350
1770 1684
491 362
1848 1615
468 423
2461 1417
534 371
2298 1625
498 418
2281 1715
475 459
2080 2366
421 579
2520 2008
529 410
2220 2337
509 452
492 482
511 462
470 521
551 413
592 415
525 490
541 474
578 444
571 475
566 485
526 554
635 445
671 466
631 486
618 503
587 544
627 524
648 513
701 489
680 537
639 578
1039 393
808 493
732 533
789 515
682 580
831 518
677 604
768 551
655 640
826 539
798 552
723 592
728 593
801 558
738 607
700 638
710 652
724 647
686 694
783 620
703 695
769 633
751 672
745 685
770 687
907 602
772 738
779 754
718 816
776 766
702 857
802 735
784 770
999 588
1347 509
838 737
692 930
878 689
707 886
871 710
954 629
824 775
696 963
867 753
1133 584
780 863
796 843
891 748
864 810
787 888
933 732
893 795
829 874
917 780
974 720
853 868
892 824
1204 618
1135 649
1395 585
957 801
1074 712
785 1106
970 827
858 1011
936 867
1040 788
931 891
923 914
889 979
1297 662
983 849
992 853
911 965
1004 854
1146 755
1088 817
1178 779
1008 934
1005 955
977 987
1279 796
1089 931
1267 829
1154 892
1393 772
1156 902
1462 759
1045 1034
985 1105
1303 844
1216 933
1077 1085
1174 998
1476 818
1114 1061
1322 894
1136 1051
1056 1155
1065 1158
1121 1092
1193 1056
1229 1040
1202 1072
1207 1065
1392 916
1101 1203
1113 1189
1223 1077
1275 1057
1183 1140
960 1460
1194 1159
1447 970
964 1534
1266 1160
1349 1103
1186 1278
1432 1054
1159 1332
1167 1333
1262 1229
1203 1319
1385 1121
1424 1115
1336 1211
1377 1194
1537 1075
1343 1249
1364 1228
1386 1212
1435 1201
1411 1243
1313 1371
1283 1408
1439 1237
1545 1190
1181 1562
1690 1079
1270 1479
1602 1151
1403 1351
1526 1240
1559 1215
1455 1343
1365 1444
1500 1320
1786 1093
1524 1350
1740 1175
1582 1305
1533 1377
1429 1469
1765 1188
1369 1529
1402 1518
1694 1256
1735 1254
1466 1497
1342 1636
1565 1413
1517 1456
1743 1268
1333 1670
1785 1253
2070 1107
1498 1514
1586 1428
1744 1313
1684 1370
1510 1519
1727 1341
1681 1381
1959 1209
1685 1399
1647 1429
1887 1260
1583 1494
1600 1487
1416 1706
2124 1187
1622 1500
1436 1708
2029 1236
1497 1642
2323 1148
1451 1776
2065 1300
2026 1340
1614 1594
1697 1553
1475 1844
2115 1329
2420 1183
1924 1439
1557 1745
1443 1923
1568 1727
1618 1669
1759 1556
1640 1661
1814 1525
1754 1570
2203 1317
1983 1440
1916 1482
1970 1455
2415 1231
1703 1624
1817 1579
1543 1948
1632 1832
1904 1576
2188 1436
1906 1584
1997 1549
1473 2155
1774 1754
2218 1459
1728 1843
1560 2096
1833 1765
2161 1533
2565 1346
2457 1419
1856 1819
1823 1860
1468 2375
2162 1595
1989 1749
2097 1674
1977 1777
1867 1878
2386 1546
1872 1912
1615 2253
2132 1717
1984 1862
1884 1955
1927 1930
2042 1824
2019 1848
2028 1849
1853 2052
1689 2262
2201 1762
1713 2272
1961 2005
2251 1757
2197 1809
2466 1597
2196 1823
2376 1728
2440 1659
2169 1880
2250 1839
2165 1904
2282 1858
2315 1842
2057 2133
2284 1935
2558 1688
2429 1814
2050 2201
2140 2132
2008 2259
2208 2076
2146 2181
2533 1816
2525 1840
2347 2065
2442 1949
1976 2396
2098 2325
2228 2237
2393 2110
2553 1914
2460 2029
2408 2172
2568 2009
2424 2222
2263 2373
2501 2206
2445 2260
2330 2384
2600 1929
2602 1969
2578 2149
2528 2264
2411 2410
856798745 2130703568
1
sift 74
27 53
69 108
324 695
74 101
83 132
108 125
103 119
141 136
126 207
293 213
185 526
249 349
309 746
347 296
275 395
443 481
401 527
515 683
369 655
329 1067
940 766
404 851
455 825
1425 2012
498 846
571 692
1783 1741
659 647
526 897
635 696
448 1455
524 1080
638 946
640 1017
809 844
797 869
684 1015
671 1593
716 1400
745 1475
783 1398
1174 915
792 1502
1164 1006
768 1613
808 1563
790 1886
820 1879
858 1770
1270 1199
1077 1348
994 1575
1540 1158
1051 1639
1181 1485
1052 1797
1048 1822
1094 1719
1284 1531
1590 1318
1283 1647
1186 1781
1640 1367
1688 1551
1557 1773
1554 1805
1522 2021
1806 1844
2252 1698
2111 1813
2458 1586
2216 1887
2065 1979
2493 1767
856798745 2146998783
1
sift 78
23 21
33 71
53 58
69 139
163 201
83 145
108 131
125 228
173 215
211 185
224 273
185 485
207 429
387 262
275 407
347 364
342 366
396 360
379 387
309 545
401 474
487 441
448 500
611 517
498 688
511 820
578 733
659 653
635 706
639 811
677 833
772 755
703 978
829 889
893 819
716 1056
632 1341
671 1243
800 1046
781 1121
792 1110
705 1302
783 1180
1174 803
796 1186
924 1011
751 1380
820 1230
931 1069
770 1498
790 1468
858 1399
1270 973
936 1309
867 1484
1181 1059
1228 1088
1333 1030
1073 1239
992 1391
983 1478
1329 1176
1202 1337
1186 1421
1156 1527
1283 1437
1498 1287
1284 1530
1802 1172
1635 1303
1533 1414
1688 1349
1444 1559
1368 1610
1640 1457
2065 1529
1806 1613
2493 1499
