868876902 1203176847
1
sift 335
86 86
28 18
73 100
29 26
336 297
31 21
111 122
40 51
421 270
42 57
131 146
47 54
384 397
59 43
144 157
70 87
454 448
77 80
162 184
92 70
514 554
68 94
174 196
107 71
521 586
124 115
198 217
112 144
517 654
129 132
229 245
158 114
570 619
133 149
271 256
175 126
634 563
153 153
286 282
154 159
707 689
210 135
304 275
177 154
689 717
191 200
283 305
206 194
614 1035
211 211
318 277
352 150
664 860
279 195
309 316
244 220
697 1175
267 224
341 268
273 241
773 1115
468 152
325 317
317 238
881 990
333 236
288 466
269 318
976 928
300 284
373 402
350 243
952 1207
274 327
405 490
301 349
1190 1077
342 272
417 574
261 404
1001 1358
290 363
527 504
307 355
960 1481
322 344
477 644
494 219
1119 1276
316 384
500 643
379 331
1131 1398
416 295
526 611
319 431
1159 1428
544 249
506 655
374 373
1121 1712
351 433
511 667
361 424
1263 1442
380 407
701 949
485 328
1502 1542
393 405
946 783
422 388
1799 1322
383 443
766 1102
408 435
1574 1575
401 449
883 1095
366 524
1386 1975
403 496
841 1210
409 498
513 380
895 1490
462 426
433 475
940 1369
407 531
413 549
951 1377
430 539
456 516
973 1387
457 546
472 541
1029 1368
522 473
531 492
1014 1521
410 731
515 515
1017 1528
524 508
536 570
1101 1404
505 622
470 720
1186 1535
327 1999
491 668
1178 1579
554 584
667 487
1085 1873
566 616
545 651
1312 1482
497 746
613 614
1110 1976
745 532
650 612
1219 1800
543 790
823 506
1430 1744
617 678
659 625
1717 1645
581 755
619 714
1587 1977
730 630
748 628
1749 1973
578 858
623 795
1723 2001
677 705
708 680
1024 501
679 747
657 779
671 770
635 835
627 853
652 827
670 802
645 866
684 813
622 1002
764 754
654 893
803 729
757 781
739 822
768 793
714 857
733 852
715 910
692 945
755 876
854 741
834 749
698 975
753 929
741 979
758 988
961 798
913 841
793 1142
1030 794
902 927
812 1141
843 1051
831 1078
662 1660
1002 837
937 932
699 1583
828 1150
830 1162
987 913
925 993
839 1154
981 991
759 1758
886 1220
878 1281
849 1434
912 1258
1135 992
1148 995
1047 1110
885 1386
956 1264
1042 1176
938 1299
1151 1068
980 1268
1008 1253
989 1296
945 1405
1051 1238
988 1390
1031 1318
949 1545
998 1423
1373 1036
944 1606
1065 1348
953 1635
1076 1342
1357 1084
1174 1217
1006 1504
1009 1502
1259 1155
943 1726
1518 1019
1032 1511
1222 1225
1074 1459
1292 1192
1077 1472
1171 1346
1073 1559
1204 1307
1112 1496
1779 984
1229 1350
1238 1356
1115 1619
1342 1261
1095 1665
1150 1553
1055 1771
1123 1623
1086 1705
1093 1701
1240 1407
1372 1278
1109 1696
1498 1203
1157 1616
1108 1739
1507 1242
1060 1898
1155 1686
1250 1507
1269 1469
1399 1330
1200 1647
1593 1224
1184 1682
1567 1245
1141 1841
1300 1525
1807 1134
1177 1789
1215 1751
1158 1862
1405 1467
1431 1487
1223 1812
1201 1879
1695 1302
1390 1630
1394 1640
1173 1966
1297 1784
1541 1509
1506 1607
1620 1488
1400 1811
1360 1863
1485 1746
1569 1731
1537 1764
1653 1656
1445 1935
1540 1847
1428 1950
1455 1941
1718 1685
1417 1991
1562 1908
1536 1940
1465 1988
1634 1876
1551 1946
1685 1853
1524 1996
868876902 1228518096
1
sift 106
126 112
47 51
168 313
68 50
133 187
406 334
70 81
992 1696
73 98
243 248
1198 1519
111 142
1814 1518
131 173
244 261
174 194
154 242
485 239
162 273
179 272
322 367
229 298
217 372
379 368
259 332
271 316
401 361
283 365
318 371
422 403
341 347
300 483
374 487
372 354
378 394
408 478
391 397
361 476
457 456
380 429
383 536
644 709
418 498
405 603
730 650
500 600
427 818
652 947
497 703
527 704
677 942
506 752
526 707
671 972
622 582
511 956
782 943
507 999
581 1115
757 1189
627 967
623 1202
733 1242
670 1171
668 1238
854 1073
701 1179
763 1068
708 1613
753 1227
813 1061
1002 958
891 1116
828 1501
878 1269
945 1200
894 1798
902 1316
1042 1206
1399 1173
839 1698
1163 1138
1204 1506
1030 1372
994 1439
1264 1455
938 1756
1037 1530
1219 1634
949 1780
1077 1549
1178 1877
1132 1577
1223 1403
1417 1573
980 1949
1065 1919
1356 1840
1123 1936
1412 1563
1269 1825
1779 1415
1486 1773
1491 1768
1726 1718
1550 1926
868876902 1305823326
1
sift 351
44 37
38 31
289 245
47 53
436 423
51 66
521 429
77 86
484 483
102 91
517 478
85 122
489 479
104 94
570 477
117 99
626 468
111 121
569 531
146 98
720 440
135 125
689 583
131 129
697 595
129 135
634 692
154 127
695 643
145 134
664 683
177 133
791 575
179 141
707 650
211 137
729 732
163 187
959 617
206 155
976 713
175 201
952 750
217 158
1119 679
229 215
960 1018
269 198
1001 1022
278 196
1159 1045
243 220
1263 1084
271 219
1370 1019
259 239
1326 1104
264 251
1121 1503
307 230
1162 1525
285 247
1234 1469
295 244
1658 1310
283 264
286 276
1502 1570
322 253
290 280
274 294
341 249
319 268
328 273
310 317
358 293
316 348
363 298
368 314
361 332
369 322
366 328
407 336
409 349
378 380
405 362
452 326
513 301
380 410
433 379
388 414
410 400
422 393
470 366
472 378
531 355
527 369
451 427
401 507
457 433
459 451
522 404
487 446
506 438
520 428
554 407
500 457
498 470
505 464
511 455
566 420
428 620
526 495
545 504
536 508
477 598
530 525
667 434
568 515
655 452
645 494
612 522
598 534
581 568
601 572
482 780
740 497
775 487
652 541
604 628
690 526
635 622
578 722
745 536
679 591
659 632
685 599
670 623
676 619
722 579
739 569
714 586
657 648
759 564
653 662
761 573
686 635
754 588
699 639
702 654
853 532
675 701
730 664
758 646
692 696
708 693
622 794
733 707
834 589
793 658
750 718
831 645
817 669
847 633
824 661
632 935
688 815
889 688
803 766
828 760
869 739
907 717
902 726
886 747
925 710
811 853
855 783
830 805
806 870
842 802
891 785
936 762
1002 757
974 769
910 816
900 860
941 797
951 826
878 979
1055 791
930 898
933 904
928 945
1030 847
1109 795
945 954
946 956
948 958
1014 883
996 933
1035 895
1000 942
1096 849
999 950
1003 946
1148 833
988 987
915 1102
944 1048
1042 949
1066 925
1816 666
1032 970
1009 1001
895 1179
1061 974
1093 977
1101 988
1203 892
1018 1078
943 1187
1065 1040
1073 1034
993 1125
1024 1097
962 1220
1091 1056
1008 1165
1266 920
1481 828
1085 1093
1104 1082
1123 1072
1165 1041
1153 1066
1157 1061
1319 963
1834 775
1573 889
1638 872
1141 1183
1371 999
1501 936
1195 1142
1282 1069
1139 1243
1410 1020
1530 961
1184 1210
1224 1149
1216 1198
1218 1199
1211 1209
1178 1254
1177 1267
1400 1068
1685 940
1312 1134
1204 1264
1108 1426
1171 1331
1227 1261
1309 1175
1431 1095
1210 1300
1305 1190
1480 1079
1152 1405
1349 1164
1325 1200
1303 1234
1076 1605
1300 1266
1396 1216
1269 1327
1846 888
1155 1535
1173 1490
1486 1161
1478 1174
1588 1124
1457 1226
1328 1341
1595 1153
1407 1298
1601 1168
1343 1373
1447 1293
1838 1021
1562 1222
1437 1330
1287 1487
1510 1277
1192 1670
1415 1387
1445 1378
1575 1285
1369 1452
1506 1329
1458 1398
1606 1281
1579 1299
1544 1336
1435 1438
1284 1626
1515 1364
1649 1282
1474 1483
1333 1647
1504 1474
1464 1568
1602 1437
1536 1517
1547 1518
1585 1496
1719 1368
1551 1552
1743 1370
1587 1560
1688 1451
1842 1239
1759 1400
1600 1572
1534 1625
1543 1622
1705 1473
1749 1436
1655 1556
1673 1526
1614 1619
1771 1455
1552 1698
1581 1679
1521 1750
1611 1676
1577 1714
1756 1538
1609 1691
1777 1530
1804 1515
1840 1413
1707 1682
1760 1638
1612 1767
1702 1743
1532 1802
1739 1727
1823 1595
1703 1770
1794 1736
1737 1794
868876902 1430327691
1
sift 60
47 50
111 112
243 205
174 135
209 146
317 189
162 230
179 278
322 361
229 257
258 265
578 345
259 271
271 262
408 529
310 266
372 275
374 597
378 311
422 325
730 579
361 416
398 538
652 639
479 541
533 489
757 731
622 495
526 606
677 949
763 820
761 864
782 1219
670 1077
753 1110
1002 965
891 978
1204 1347
1030 1073
994 1127
1178 1746
885 1476
839 1677
1346 2203
902 1493
878 1705
1647 1889
1096 1504
1163 1475
1430 2380
1726 1443
1491 1685
1661 2068
1464 1863
1486 2159
1724 2052
1501 2220
1611 2289
1720 2152
1628 2309
868876902 1689478995
1
sift 654
126 107
44 39
7 5
166 144
86 68
13 15
202 150
239 208
16 14
238 201
289 242
23 16
255 233
336 264
29 19
406 407
285 271
32 26
385 444
460 294
37 32
1278 1301
387 383
43 30
1450 1352
454 372
41 34
438 405
40 36
397 429
42 35
514 411
46 42
521 453
50 45
495 496
51 51
484 498
61 54
488 511
56 60
517 473
71 59
570 504
76 61
489 512
77 63
626 513
70 65
576 545
68 71
634 521
73 67
724 507
84 75
651 589
79 78
689 563
90 80
665 647
103 79
621 685
107 88
720 602
116 83
697 659
115 85
695 689
102 93
664 729
109 90
780 651
111 96
729 708
114 95
774 726
112 98
805 727
106 111
779 760
117 97
874 851
127 102
952 767
129 104
865 952
121 114
960 865
131 115
959 868
141 105
1023 834
152 99
1119 790
144 119
1001 912
135 133
932 977
158 118
1162 932
154 122
1149 969
190 109
1121 1069
164 124
1159 1077
156 131
1263 993
161 132
1138 1108
162 134
1336 1004
157 143
1341 1013
184 135
1339 1016
175 138
1004 1464
174 146
1267 1121
196 142
1214 1216
177 147
1234 1278
191 149
1370 1260
215 139
1725 1066
198 154
1401 1275
206 166
1574 1235
211 155
1391 1400
217 162
1258 1703
203 181
1502 1390
201 185
1553 1419
210 177
1301 1737
243 153
1796 1610
230 173
1799 1728
194 209
225 184
223 186
229 194
298 157
278 178
252 189
254 193
231 217
258 199
260 206
259 207
272 197
271 204
268 210
261 219
269 213
267 216
294 200
274 222
264 236
283 228
286 224
265 246
262 255
300 225
282 239
302 220
301 238
287 245
290 241
292 252
288 260
304 258
309 253
332 226
307 257
318 248
248 316
327 250
352 234
330 259
328 265
343 247
323 276
311 285
295 302
341 269
312 300
350 270
392 251
321 307
370 274
395 268
390 272
356 289
353 299
361 297
351 317
344 340
369 303
368 306
339 377
366 320
364 325
391 309
380 322
372 334
383 329
416 315
408 333
409 330
398 342
407 341
405 343
403 349
422 331
394 365
413 350
456 308
401 367
440 324
393 384
417 371
478 321
427 382
494 319
431 385
428 387
470 346
476 336
468 354
426 398
430 402
451 380
503 326
461 376
479 369
462 392
410 443
516 344
467 404
457 409
472 400
485 396
445 445
469 421
513 397
497 412
491 422
449 482
477 436
498 427
515 417
482 451
466 477
505 440
511 435
506 447
525 431
550 419
527 450
531 452
596 414
526 458
522 462
543 460
554 457
533 483
546 465
539 484
545 478
507 508
551 486
530 505
578 501
581 510
594 506
588 523
708 442
631 489
599 520
598 522
566 544
667 479
649 491
601 531
673 490
727 470
613 539
635 527
612 555
624 546
787 466
557 648
682 525
622 568
746 499
641 547
619 583
627 570
661 538
499 761
819 472
642 562
698 533
644 571
671 551
630 607
668 565
659 579
646 587
670 567
717 541
822 503
677 573
666 586
655 605
740 548
675 592
645 621
756 552
792 536
739 566
723 588
693 609
758 580
715 598
711 608
701 616
699 632
753 600
628 721
768 594
733 622
709 638
714 635
759 645
770 634
765 642
778 643
812 617
738 683
766 665
815 631
741 696
793 658
763 687
795 678
847 633
821 660
969 578
685 778
813 680
828 662
806 703
839 675
1020 585
913 646
824 713
831 704
814 725
882 667
869 694
858 712
797 775
848 730
904 692
767 847
719 921
975 657
825 765
840 755
970 715
1068 669
760 1008
857 821
887 783
883 793
886 800
977 738
849 875
905 809
910 802
737 1143
933 794
945 791
929 823
925 846
894 909
951 826
1094 746
956 830
940 841
946 836
915 885
930 866
987 822
1009 798
1072 769
989 827
918 937
1018 829
1183 753
972 904
1073 814
1092 808
1031 867
988 902
1090 820
1096 817
962 961
1035 883
1003 920
1032 892
944 989
1171 784
1077 862
1051 899
996 958
993 974
1151 833
1088 887
1129 857
1066 913
931 1056
1037 954
1055 947
957 1049
1112 889
964 1046
1082 918
979 1029
1028 985
1061 963
1248 811
1109 923
1108 928
1272 810
1065 979
860 1329
1014 1039
1179 888
1012 1058
1025 1041
928 1153
1399 779
1000 1083
1084 991
1186 930
1309 842
1177 945
1150 968
999 1111
1269 877
1101 1009
1135 988
1123 997
1091 1032
1215 934
1080 1055
1110 1035
1139 1003
1174 975
1203 967
1233 951
1184 992
1024 1154
1357 896
1038 1174
1178 1034
1319 941
1089 1134
1224 1006
1403 922
1204 1064
1144 1147
1211 1103
1243 1084
1156 1162
1219 1116
1053 1377
1223 1114
1840 789
1312 1073
1220 1133
1395 1023
1606 946
1168 1221
1381 1048
1457 1025
1315 1107
1302 1129
1371 1100
1274 1158
1093 1466
1423 1082
1279 1157
1167 1330
1530 1027
1213 1258
1762 938
1503 1043
1373 1113
1512 1052
1297 1176
1327 1145
1287 1199
1290 1202
1242 1252
1285 1217
1536 1063
1474 1092
1349 1155
1354 1171
1158 1456
1275 1268
1304 1269
1669 1059
1430 1177
1498 1138
1470 1151
1413 1215
1410 1227
1321 1302
1445 1213
1417 1237
1779 1024
1480 1178
1407 1241
1333 1319
1518 1150
1485 1187
1619 1118
1329 1338
1478 1233
1437 1267
1458 1255
1435 1272
1537 1191
1523 1205
1305 1411
1787 1062
1286 1451
1515 1218
1365 1356
1306 1436
1564 1200
1447 1306
1594 1209
1491 1273
1377 1387
1359 1421
1490 1291
1511 1279
1668 1170
1400 1385
1387 1416
1548 1261
1452 1369
1595 1247
1588 1253
1376 1470
1487 1348
1428 1424
1420 1442
1593 1280
1544 1326
1531 1342
1545 1332
1245 1698
1421 1462
1602 1287
1601 1289
1562 1334
1638 1270
1580 1323
1551 1345
1355 1564
1461 1450
1579 1350
1683 1264
1576 1368
1591 1354
1547 1388
1369 1598
1717 1257
1585 1383
1630 1361
1759 1240
1587 1392
1524 1468
1532 1460
1687 1325
1522 1481
1816 1182
1622 1397
1613 1409
1615 1430
1600 1441
1483 1587
1626 1439
1507 1557
1609 1483
1673 1429
1647 1473
1631 1508
1705 1455
1637 1538
1743 1428
1611 1577
1661 1516
1549 1645
1656 1532
1541 1659
1696 1493
1703 1485
1737 1488
1628 1623
1749 1496
1708 1551
1716 1536
1807 1395
1720 1555
1581 1705
1760 1527
1773 1514
1715 1594
1739 1566
1723 1590
1649 1666
1636 1696
1750 1578
1679 1653
1768 1567
1702 1635
1699 1649
1697 1669
1756 1611
1798 1575
1752 1667
1794 1607
1785 1642
1788 1636
1781 1692
1791 1675
1838 1630
1846 1540
868876902 2014127030
1
sift 73
126 134
92 75
168 172
202 174
166 180
211 204
255 231
267 228
406 362
342 291
1188 1262
401 349
385 428
430 467
1670 1020
445 639
1198 1175
601 609
671 705
1254 1395
684 703
733 905
1450 1370
823 782
857 765
1814 1174
987 728
831 867
935 910
912 1038
1052 931
988 988
914 1103
963 1111
944 1176
1077 1046
989 1137
1141 1008
1065 1098
1165 1010
1259 964
1026 1208
1073 1191
1224 1053
1152 1139
1109 1212
1080 1284
1225 1149
1115 1334
1126 1331
1177 1259
1223 1218
1244 1249
1108 1478
1249 1325
1444 1205
1719 1093
1342 1329
1360 1313
1242 1459
1290 1408
1380 1347
1354 1375
1707 1138
1414 1409
1400 1465
1651 1267
1441 1443
1771 1216
1578 1371
1711 1279
1685 1310
1395 1517
868876902 2019709110
1
sift 147
1198 1748
47 66
366 292
145 89
269 158
229 129
407 287
369 343
273 168
307 180
491 371
554 350
244 269
319 360
551 486
951 676
363 325
408 365
699 523
1219 589
473 341
433 392
775 548
1306 867
388 457
451 473
711 665
1287 963
487 452
559 444
1573 803
1515 1029
545 502
667 417
1156 1446
536 565
458 885
1349 1209
553 654
601 610
1600 1175
831 481
793 541
1791 1094
652 713
708 639
1629 1259
657 739
671 768
1205 1989
692 740
686 830
1842 1162
751 906
886 741
1699 1393
902 738
730 1062
1756 1481
803 929
709 1332
839 922
842 933
1055 771
1109 762
1011 831
980 849
925 950
938 1006
1002 925
832 1327
1134 860
1155 877
968 1159
954 1212
878 1432
1018 1192
945 1364
915 1471
1148 1084
1030 1299
1270 974
857 1892
1042 1315
1252 1028
993 1453
988 1491
999 1489
1086 1333
1163 1240
1410 1011
1073 1459
1414 1044
971 1793
1365 1108
1266 1250
1200 1342
1065 1645
1096 1573
1696 970
1123 1552
1108 1598
1530 1093
1524 1121
1184 1548
1008 2028
1405 1273
1139 1698
1165 1716
1153 1744
1588 1208
1034 2090
1303 1457
1480 1295
1595 1225
1177 1752
1439 1363
1465 1365
1586 1264
1216 1727
1601 1267
1195 1800
1743 1186
1544 1336
1209 1838
1715 1268
1224 1903
1116 2140
1173 2022
1398 1619
1390 1701
1227 1991
1649 1450
1300 1921
1486 1666
1676 1499
1481 1782
1446 1858
1642 1591
1659 1681
1557 1824
1455 2037
1794 1594
1551 2121
1590 2100
1759 2025
1771 2034
868876902 2045004962
1
sift 115
1198 1413
438 373
47 56
285 290
70 92
77 76
521 621
73 113
1162 1561
111 143
133 187
689 744
131 167
1502 1461
144 190
154 288
664 849
162 172
174 184
208 210
707 842
258 261
229 315
317 220
249 322
271 313
217 513
259 359
286 357
322 364
310 336
318 392
300 501
372 325
391 430
379 344
381 391
500 530
361 463
413 409
622 563
380 466
399 451
526 696
422 425
408 487
763 882
398 536
553 568
670 1505
543 655
730 529
1063 1308
542 786
653 690
1178 1873
692 801
581 1140
1647 1746
733 877
684 1054
782 983
803 956
708 1184
757 1100
753 1146
854 982
777 1188
735 1290
944 1033
891 1206
878 1249
875 1292
955 1157
913 1316
1584 820
849 1536
1096 1080
949 1300
985 1238
1171 1030
937 1348
938 1352
1088 1197
1163 1103
902 1619
1322 1044
1073 1374
980 1615
1006 1604
1412 1115
1184 1336
1009 1751
1222 1342
1204 1415
1177 1510
1625 1166
1224 1501
1065 1839
1215 1629
1332 1463
1243 1644
1433 1469
1269 1679
1726 1317
1197 1894
1491 1531
1266 1861
1550 1574
1606 1538
1772 1464
1464 1787
1577 1734
1758 1712
1394 1932
868876902 2124113243
1
sift 77
244 239
317 324
379 327
433 369
388 521
451 445
381 602
487 474
413 766
831 414
708 565
745 554
782 603
654 810
792 621
671 836
709 779
730 738
657 874
758 795
692 998
733 983
750 987
1109 635
751 1314
843 1076
784 1409
885 1056
1002 891
1079 827
833 1416
1011 1072
938 1278
1355 813
948 1344
999 1286
945 1479
1252 1018
1030 1494
1524 924
1225 1192
1073 1497
1018 1661
993 1727
1414 1115
1076 1671
1163 1514
1123 1594
1037 1877
1588 1124
1465 1236
1601 1175
1090 1851
1165 1708
1209 1698
1480 1440
1224 1931
1227 1930
1173 2133
1795 1312
1393 1722
1354 1840
1400 1776
1216 2201
1432 1869
1675 1577
1171 2423
1551 2115
1536 2183
1486 2262
1763 1858
1659 2143
1484 2374
1669 2177
1534 2395
1608 2334
1596 2436
868876902 2130703568
1
sift 138
239 212
47 50
397 364
111 142
70 88
724 374
73 115
583 1034
162 168
129 118
521 718
131 170
656 1072
229 310
144 179
689 878
174 180
1652 2013
304 283
191 218
707 1232
208 276
259 338
258 237
1159 2014
264 266
288 506
317 240
1799 2002
244 314
405 572
249 324
271 337
498 581
301 326
262 398
500 641
283 369
310 340
566 695
318 413
322 408
716 1282
372 320
300 529
977 1432
381 358
379 371
930 1836
413 375
341 498
1466 1319
401 424
361 502
391 446
380 472
399 470
422 475
374 544
540 459
409 761
543 546
533 585
526 730
644 569
545 758
588 669
622 610
530 848
635 647
632 674
687 633
551 977
671 716
627 839
491 1589
652 900
775 770
677 902
675 928
692 915
745 897
733 959
763 916
668 1188
757 981
758 993
792 922
753 1208
812 1028
739 1252
761 1205
803 1105
918 949
853 1117
782 1461
934 1106
790 1529
1008 1018
944 1111
945 1199
954 1228
866 1455
891 1418
1171 1020
1030 1246
878 1566
1034 1273
1269 1002
1096 1238
1018 1367
949 1526
1108 1370
937 1729
1002 1606
938 1781
1076 1469
1175 1336
980 1711
1065 1551
1184 1443
1009 1843
1073 1688
1215 1523
1152 1697
1177 1734
1322 1533
1208 1717
1197 1805
1223 1900
1178 2016
1255 1952
1569 1673
1521 1769
1412 1912
1550 1839
1618 1928
1542 2011
868876902 2146998783
1
sift 166
80 162
47 58
86 175
77 93
454 673
70 99
514 692
73 116
517 842
111 151
521 848
131 174
563 1244
133 182
689 852
174 204
570 1245
162 233
707 1022
208 194
881 813
198 224
697 1593
191 237
179 260
244 273
229 316
252 292
290 262
264 301
249 331
271 321
259 355
304 296
301 323
286 346
283 370
280 404
310 352
312 395
322 366
318 382
300 470
288 510
485 278
372 374
341 449
363 410
379 387
378 446
361 484
399 428
413 416
391 456
380 486
422 460
531 360
427 457
468 414
383 548
405 568
470 493
398 610
408 608
409 669
459 565
479 621
498 615
533 578
642 492
500 646
472 782
507 741
497 794
587 644
506 827
741 525
624 634
644 606
530 806
622 672
635 653
527 875
554 804
511 934
632 690
666 691
762 631
581 941
627 834
677 751
756 724
671 828
730 755
692 803
657 889
653 900
675 870
646 968
758 819
668 1039
733 923
757 981
792 920
854 821
763 1005
830 876
782 983
753 1055
701 1149
670 1272
812 951
739 1121
803 1014
961 792
778 1127
890 904
945 973
839 1156
883 1075
1008 929
759 1517
918 1072
987 997
844 1265
878 1191
863 1333
885 1277
1002 1069
953 1161
944 1172
915 1260
988 1133
980 1176
902 1380
1108 1054
1091 1092
938 1421
875 1608
949 1444
1141 1153
930 1555
1096 1267
933 1569
1116 1253
1065 1349
1018 1457
1171 1228
1163 1287
1148 1336
1095 1423
1009 1614
1152 1456
1144 1493
1477 1154
1173 1504
1219 1480
1224 1531
1309 1440
1243 1532
1501 1315
1457 1385
1356 1582
1491 1509
1521 1542
1550 1592
