874093608 1146127176
1
sift 62
881 1062
382 366
427 356
433 421
404 468
465 409
681 332
469 447
601 413
539 456
538 482
724 448
568 538
507 640
531 616
618 576
629 581
719 535
723 585
669 643
733 593
749 589
847 556
1107 510
1545 451
869 634
944 617
813 740
827 744
819 775
1148 615
889 778
750 904
995 716
1359 602
1002 733
1060 741
833 985
982 845
922 942
989 877
1130 796
1086 822
1180 849
1090 919
1082 979
1212 938
1201 963
1168 1009
1091 1079
1361 894
1208 1070
1115 1154
1217 1078
1304 1057
1536 913
1365 1090
1500 1003
1448 1060
1561 992
1411 1146
1546 1158
874093608 1279412758
1
sift 270
123 128
18 21
86 124
157 135
26 41
198 191
29 32
246 363
199 251
35 35
233 224
44 45
239 217
48 51
269 243
62 55
247 214
75 73
316 261
96 93
363 271
91 101
334 306
88 130
298 327
104 119
353 355
121 118
373 448
129 141
428 418
127 145
1198 401
134 143
644 965
141 131
1478 686
131 199
881 1037
167 144
867 1196
154 160
1430 1256
159 176
1418 1307
169 169
1465 1302
170 206
180 201
184 237
188 257
224 200
226 204
219 218
262 195
213 236
201 275
245 262
253 255
254 270
217 331
260 277
257 303
314 266
271 301
369 241
328 288
248 368
294 309
355 289
335 302
284 384
268 423
330 359
336 366
327 389
379 371
354 398
270 558
356 422
297 500
401 383
422 376
371 455
431 406
360 510
433 410
325 658
321 663
394 509
450 440
386 540
496 420
427 495
465 469
448 496
417 545
469 505
486 489
698 392
454 533
451 541
518 484
429 598
479 526
478 547
485 542
487 544
456 595
555 503
473 611
481 581
523 557
509 606
664 491
548 568
515 619
557 582
488 661
480 672
552 602
535 626
554 620
915 445
611 566
572 608
618 567
549 654
771 514
601 625
595 651
723 580
578 705
517 777
703 621
650 660
630 690
676 676
652 704
658 706
638 749
622 756
831 624
850 616
681 708
661 732
573 844
707 700
686 711
643 795
728 714
724 720
765 698
906 637
663 806
606 895
614 886
608 919
907 669
806 725
924 682
708 834
702 851
1046 643
710 866
794 761
1324 583
833 775
749 873
659 1026
819 847
807 880
917 785
747 953
1219 677
800 917
888 845
880 862
1007 768
874 903
912 887
841 962
721 1128
934 894
777 1059
813 1040
845 989
835 1036
666 1356
1052 841
869 995
768 1114
843 1046
778 1125
848 1070
886 1049
918 1032
838 1105
740 1313
1023 944
847 1116
1082 898
832 1173
965 1010
868 1136
825 1229
1019 987
901 1156
809 1330
987 1061
798 1365
1205 916
972 1082
842 1294
1139 975
892 1253
936 1177
863 1321
970 1147
837 1410
1086 1075
1073 1091
971 1221
890 1383
962 1267
882 1400
1008 1213
999 1248
1077 1148
840 1520
1260 1055
1489 964
1146 1183
1042 1348
1259 1142
1354 1113
1114 1347
1106 1359
1187 1288
1107 1397
1003 1504
1122 1407
1184 1358
1197 1361
1381 1220
1313 1300
1257 1366
1312 1318
1170 1459
1387 1281
983 1646
1069 1582
1364 1372
1466 1277
1270 1453
1228 1484
1293 1448
1416 1380
1161 1602
1573 1159
1402 1425
1539 1287
1527 1316
1435 1466
1390 1505
1531 1394
1429 1499
1569 1327
1453 1515
1424 1655
874093608 1973424357
1
sift 166
35 36
129 76
183 97
271 169
254 196
273 206
360 180
336 189
288 218
335 235
323 245
514 177
434 207
431 243
382 314
404 319
427 302
415 350
573 253
450 335
659 242
471 322
485 338
459 387
469 398
465 404
580 328
548 362
577 344
560 357
572 379
539 420
625 375
533 505
507 551
538 518
611 442
601 450
568 493
544 565
768 394
670 458
661 462
842 392
628 499
936 369
690 468
619 536
603 558
621 534
622 539
961 388
652 548
618 602
726 488
686 529
724 494
642 597
710 521
899 434
780 480
598 696
584 738
701 616
809 515
649 691
761 575
719 624
777 582
1069 430
705 672
711 700
754 641
495 1206
776 653
723 720
813 667
1012 512
955 550
749 734
746 745
910 629
1126 495
838 689
1029 553
1010 589
772 793
869 726
1018 613
1178 535
806 797
922 741
977 682
1055 635
1204 572
987 692
1148 607
825 842
1037 680
1014 693
1250 592
706 1068
1460 523
847 870
1417 576
917 854
888 900
1347 614
750 1096
1048 773
821 1041
1297 673
991 830
1041 821
1299 705
905 982
912 970
962 921
989 897
833 1133
1109 834
1243 780
1113 838
1086 859
1001 933
1195 812
1429 747
1004 969
1456 740
982 1033
1090 927
1159 920
1028 1055
1399 807
1168 934
1114 974
1155 989
1060 1141
1188 1000
1217 991
1183 1034
1467 861
1247 1036
998 1268
1292 1021
1212 1122
1421 942
1219 1117
1390 966
1453 939
1333 1027
1403 1012
1363 1044
1083 1262
1294 1130
1216 1197
1201 1229
1451 1050
1437 1079
1527 988
1229 1238
1413 1123
1224 1246
1279 1219
1526 1045
1550 1070
