936120456 1029832138
1
sift 360
697 526
6 3
12 11
1312 931
18 22
24 10
1530 897
47 16
49 27
68 61
51 39
111 103
52 40
115 100
84 73
120 98
95 107
101 128
161 89
129 112
109 145
123 120
145 110
146 111
150 116
162 108
154 123
164 136
160 133
169 149
183 171
187 138
201 163
193 184
218 167
211 191
178 198
261 175
173 215
215 202
244 207
233 203
251 225
245 209
270 234
236 223
221 362
269 217
243 289
265 227
315 238
273 230
310 264
305 242
324 280
296 253
342 281
271 292
348 284
282 298
333 296
290 312
306 339
308 300
393 256
329 269
325 329
358 258
320 336
331 313
360 305
338 295
464 293
382 266
420 366
371 330
428 388
322 394
404 435
351 371
493 356
383 342
487 386
377 351
401 476
354 382
516 375
387 349
457 442
343 395
1335 245
408 360
465 452
421 453
515 424
503 396
469 464
648 353
460 475
489 598
540 431
634 427
480 525
574 513
472 573
559 565
511 560
743 463
672 449
602 530
569 502
590 550
529 559
657 547
538 555
505 778
532 575
663 545
577 519
566 659
615 506
562 675
547 615
668 587
367 1597
650 608
639 514
684 639
542 652
692 662
519 747
643 713
586 629
720 647
588 627
795 612
654 624
621 784
775 518
817 658
798 505
1144 492
611 702
796 710
738 574
679 826
756 561
1035 535
617 719
808 853
748 600
769 909
730 634
861 801
805 586
984 725
718 663
880 805
734 642
1293 603
632 759
1450 605
843 554
1049 820
698 730
911 1062
791 632
1092 870
681 749
717 1660
530 1038
1026 1079
640 807
1067 1050
759 696
1090 1036
754 711
1198 958
846 616
1601 1092
629 850
996 1202
801 687
1295 1342
809 714
1596 1427
772 748
1611 1591
799 756
1707 1676
676 903
1848 1805
844 722
1674 1739
702 883
1086 564
888 688
849 739
852 744
1099 597
885 726
1127 590
890 754
1020 679
763 997
864 823
779 972
1031 724
960 761
1260 625
818 988
931 808
942 810
1033 775
828 1046
900 867
709 1343
1075 773
863 1005
874 995
855 1023
814 1159
1032 822
935 891
1368 686
968 869
889 1000
1125 796
908 1015
976 967
1138 831
1145 839
1059 915
947 1059
958 1054
980 1040
1209 858
1098 965
1110 963
1003 1086
1028 1068
1044 1105
946 1215
1190 968
1096 1071
918 1285
1257 949
1244 971
1009 1212
1339 901
969 1251
1325 925
1288 957
1076 1157
978 1288
1064 1210
1214 1047
1224 1044
1372 947
1124 1158
1188 1107
1221 1095
1251 1087
1192 1130
1638 908
1178 1242
1053 1460
1475 1032
1079 1424
1423 1073
1181 1302
1332 1163
1280 1227
1356 1178
1363 1167
1266 1265
1252 1287
1458 1109
1231 1323
1197 1370
1175 1437
1300 1276
1200 1401
1657 1065
1351 1261
1344 1267
1241 1382
1298 1325
1211 1472
1319 1344
1331 1356
1117 1681
1761 1074
1379 1304
1213 1570
1278 1483
1314 1426
1402 1330
1467 1271
1480 1273
1527 1241
1338 1444
1525 1260
1407 1367
1296 1590
1390 1457
1345 1505
1369 1484
1558 1301
1236 1704
1460 1384
1297 1641
1542 1346
1610 1316
1405 1534
1393 1568
1346 1642
1385 1628
1829 1234
1655 1351
1629 1390
1429 1618
1730 1341
1763 1332
1483 1624
1545 1564
1561 1555
1510 1630
1628 1507
1401 1771
1594 1553
1526 1647
1436 1748
1728 1462
1577 1623
1756 1455
1735 1488
1465 1759
1576 1662
1538 1697
1536 1700
1874 1466
1583 1711
1820 1498
1500 1782
1796 1524
1731 1599
1834 1585
1807 1648
1793 1664
1876 1602
1752 1723
1759 1724
1833 1670
1871 1653
1812 1696
1870 1667
1903 1627
1840 1709
1929 1673
936120456 1186326363
1
sift 135
18 19
52 45
48 27
84 80
123 154
145 117
187 115
154 132
169 164
160 138
193 210
202 226
261 190
315 249
269 212
339 257
233 242
310 321
265 279
393 245
305 267
323 384
296 299
282 362
338 309
464 305
385 364
321 934
387 414
672 351
408 378
469 468
351 847
474 491
503 467
463 516
621 567
441 659
602 590
634 451
590 639
511 646
649 608
538 624
575 805
1688 319
795 661
519 674
505 1359
529 652
562 1069
542 642
692 929
615 579
1144 684
785 476
859 1015
547 775
808 1254
738 570
1092 927
748 586
1090 1292
586 823
1050 1393
617 840
1238 1250
654 808
1396 1544
754 699
1596 1464
632 930
1916 1674
673 866
640 955
698 921
623 1059
843 708
1099 564
809 780
799 809
1455 485
702 1055
772 994
864 909
676 1413
942 790
1031 755
934 848
1138 722
855 1150
983 954
863 1197
853 1458
1251 907
1244 946
947 1251
994 1297
1164 1126
1018 1320
918 1527
1260 1075
1124 1214
1559 891
969 1557
1339 1093
1012 1599
1044 1521
1314 1180
1266 1246
1182 1370
1053 1679
1287 1316
1240 1387
1175 1502
1480 1192
1194 1606
1404 1412
1319 1541
1333 1561
1486 1454
1676 1310
1558 1441
1467 1573
1728 1362
1537 1522
1752 1366
1436 1657
1735 1403
1657 1489
1570 1611
1874 1537
1682 1690
1756 1645
1823 1689
936120456 1203176847
1
sift 55
115 80
444 750
245 158
129 132
261 196
712 580
338 277
562 589
387 345
536 770
668 611
543 758
621 659
681 681
769 942
698 788
1848 1368
939 734
863 813
856 844
760 1141
904 905
969 895
741 1372
798 1266
807 1348
1172 901
1027 1052
867 1303
1181 1197
1193 1208
1064 1416
1393 1204
1345 1258
1538 1155
1286 1363
1281 1413
1501 1261
1277 1523
1429 1325
1351 1610
1412 1626
1664 1359
1405 1748
1487 1696
1615 1553
1586 1656
1561 1706
1616 1652
1526 1783
1659 1754
1843 1668
1793 1818
1704 1927
1895 1981
936120456 1228518096
1
sift 117
112 131
215 173
43 30
134 125
296 354
60 35
149 158
1090 1634
80 53
141 128
333 1079
83 69
195 210
137 104
163 157
1370 1967
143 121
196 230
152 143
259 285
128 188
399 511
184 100
396 486
181 154
501 777
194 192
813 1103
189 221
1444 1172
207 223
1250 1401
204 251
370 181
258 257
224 309
255 310
288 325
314 320
286 384
324 339
300 385
284 425
384 340
361 374
312 450
363 454
389 495
381 518
427 435
448 528
456 555
475 564
557 540
502 670
580 638
560 668
508 821
554 784
500 964
547 874
665 741
536 972
685 749
699 771
695 849
778 819
652 1077
681 1092
628 1255
603 1315
734 1024
632 1298
690 1239
858 1043
869 1034
889 991
899 1081
885 1178
750 1698
799 1601
827 1538
1272 895
952 1204
1010 1183
1057 1217
807 1919
1082 1218
1148 1212
920 1523
1088 1300
856 1848
1046 1353
945 1568
1024 1433
974 1782
969 1852
1078 1653
1164 1485
1176 1502
1027 1854
1156 1606
1232 1471
1347 1357
1199 1622
1118 1925
1215 1747
1275 1715
1585 1358
1306 1836
1401 1761
1612 1561
1590 1687
1713 1745
1688 1786
1757 1752
1939 1738
936120456 1358582240
1
sift 85
112 158
115 95
12 4
134 156
129 97
10 12
196 252
123 137
35 44
259 209
215 165
66 56
399 506
203 200
71 55
548 744
239 216
72 84
627 875
296 368
80 75
836 1159
305 387
83 89
979 1154
344 339
87 131
1444 1447
331 363
141 140
338 374
128 211
385 373
163 178
371 417
194 207
421 376
204 258
562 443
217 270
621 532
288 341
643 626
324 307
590 717
325 321
668 864
396 479
1091 904
389 555
966 1247
445 485
1893 1089
532 613
506 755
1906 1785
580 639
615 644
449 1041
497 878
685 757
699 829
761 785
694 925
778 863
1667 554
869 995
894 1096
885 1202
899 1186
932 1215
1057 1216
1082 1226
1023 1358
1922 824
1037 1471
1148 1392
938 1881
1176 1489
1182 1747
1490 1537
1272 1887
1468 1697
1865 1709
1832 1885
936120456 1430327691
1
sift 134
74 61
1065 199
8 6
63 45
12 12
113 119
43 31
87 98
98 53
134 113
105 95
82 127
179 140
172 161
106 116
141 117
178 144
195 150
161 158
163 151
184 171
196 185
194 192
189 237
204 319
422 1153
217 210
274 219
222 287
1444 1115
370 178
288 309
258 280
1370 1940
324 323
361 298
325 342
321 357
345 420
284 484
312 447
389 446
375 372
316 491
396 571
357 497
384 471
506 628
493 452
465 476
758 2008
463 498
460 521
938 1839
365 746
420 586
1199 1851
379 719
475 526
1087 2372
483 600
424 732
1210 2056
502 603
415 821
1586 2341
449 747
516 617
1865 2082
520 635
532 652
430 963
665 585
444 994
560 687
580 674
537 868
547 901
685 770
699 768
538 1147
556 1194
530 1378
695 939
778 824
542 1432
761 914
638 1231
655 1273
617 1372
640 1344
681 1357
834 1003
869 1010
819 1185
734 1382
894 1041
632 1857
885 1193
698 1882
754 1597
730 1779
750 1677
932 1187
749 1685
940 1299
1020 1202
853 1644
1057 1271
807 2098
1082 1460
868 2114
1377 1172
946 1924
1166 1510
1007 1885
908 2338
948 2210
1408 1433
1165 1849
947 2417
1118 1996
1158 1992
1350 1748
1078 2409
1137 2311
1398 1868
1236 2285
1647 1607
1576 1752
1518 2282
1453 2408
1688 2327
1912 2422
936120456 1474416471
1
sift 76
4 1
52 33
80 52
48 12
155 126
193 208
464 325
685 503
297 237
321 863
387 244
785 367
778 647
414 243
615 600
408 358
748 512
869 728
503 408
948 491
605 397
699 567
932 943
668 474
805 615
984 475
580 955
952 1114
795 626
1099 504
1092 798
874 625
1176 1089
1242 978
1023 535
1090 1435
843 692
1714 1612
1082 1125
942 645
1916 1127
899 818
1713 1646
1148 1107
1010 736
1848 1538
864 925
1776 1561
890 867
1138 714
761 1236
819 1261
1260 797
863 1346
1559 710
1339 831
1164 997
1188 1037
1525 839
1044 1219
1314 1072
1147 1231
1183 1283
1607 1036
1124 1531
1194 1515
1348 1291
1285 1408
1182 1648
1200 1658
1705 1154
1612 1331
1688 1315
1486 1573
1856 1484
1594 1686
936120456 1523815439
1
sift 86
18 26
51 38
80 67
48 30
52 50
187 126
84 91
699 591
169 190
155 153
211 189
312 376
778 690
193 236
464 323
269 226
321 859
869 777
408 349
511 608
503 429
597 571
894 815
984 412
615 600
590 657
748 543
952 1256
795 654
784 635
1144 606
580 948
562 1614
805 658
1092 792
799 716
911 1023
1099 527
808 1395
843 669
1082 1164
874 656
1090 1386
1023 593
1148 1144
992 627
1238 1436
1031 648
1611 1334
772 933
942 740
1776 1655
1138 678
890 850
864 967
899 923
1057 995
1010 1083
1260 858
863 1441
1352 966
1176 1117
1018 1300
1188 1151
1314 1066
1044 1313
1266 1210
969 1741
1657 1032
994 1788
1194 1483
1181 1506
1756 1064
1182 1523
1629 1113
1053 1778
1200 1771
1436 1584
1483 1549
1486 1624
1612 1511
1688 1522
1874 1496
1856 1703
1812 1739
1696 1804
936120456 1643728630
1
sift 63
70 38
79 71
699 558
150 87
169 110
154 121
778 613
175 151
193 136
324 344
1023 581
202 147
239 127
615 433
899 775
261 131
269 140
581 642
1082 831
236 155
246 159
694 675
1607 681
233 202
296 205
890 674
1148 894
305 206
290 213
756 1000
1590 1161
338 259
385 299
843 904
1713 1206
351 409
439 324
1010 955
1612 1451
354 458
590 405
1910 769
1830 1365
566 529
643 554
1098 1151
1776 1442
621 586
880 587
1032 1303
1068 616
990 705
1513 1194
1090 711
1602 893
1856 1190
1588 963
1784 996
1939 1296
1848 1029
1707 1149
1892 1070
1917 1139
936120456 1716575903
1
sift 72
70 56
50 19
892 1743
180 103
51 34
111 116
52 38
1713 1512
215 212
84 64
129 124
150 114
236 191
154 151
169 140
175 166
239 201
202 190
193 197
186 219
245 204
261 178
265 224
277 207
364 279
296 281
305 276
315 301
309 371
290 332
326 296
854 416
351 474
331 330
385 363
615 700
590 610
354 419
371 429
586 800
559 695
387 407
408 417
611 1071
650 648
566 762
562 806
756 1531
880 911
668 678
683 687
843 1269
928 994
621 827
769 1074
890 1148
1068 1047
859 1049
1090 1154
983 1054
1394 1106
1165 1030
1293 1971
1032 1518
1588 1825
1211 1611
1707 2025
1377 1729
1892 2034
1433 1711
1784 1967
1460 1786
936120456 1788219329
1
sift 82
74 67
70 53
11 15
112 116
215 175
79 65
134 129
203 197
72 80
936 1337
270 192
80 76
195 184
305 393
83 87
979 1391
344 329
82 135
196 195
371 420
87 167
421 368
141 127
259 201
562 451
175 136
621 530
163 173
409 355
590 650
184 193
683 678
194 183
1444 1082
668 732
204 243
675 875
217 265
859 900
288 325
1471 748
314 289
1067 1272
324 290
1056 1038
300 324
1919 1453
325 295
1689 1079
384 293
1811 1619
284 524
312 446
247 848
418 359
442 500
475 489
415 570
379 741
532 577
580 643
449 1262
699 756
695 828
761 757
1667 516
869 920
899 935
1203 814
1057 1094
952 1297
1023 1253
1082 1198
1087 1205
1654 883
908 1568
1922 812
1148 1240
1275 1280
1366 1404
1469 1472
1360 1593
936120456 1799436415
1
sift 62
47 30
270 185
101 65
315 189
102 72
390 343
169 130
463 449
211 154
611 452
215 172
629 481
193 209
587 522
261 157
615 838
265 187
903 647
236 224
890 978
239 229
1036 894
245 240
1081 1047
269 271
970 1436
296 268
1268 1136
305 280
1533 1224
326 279
1906 1619
309 319
331 307
377 287
344 328
354 332
371 338
421 336
408 409
439 435
564 356
489 415
351 759
505 501
562 461
621 491
590 596
602 614
575 676
649 626
668 639
769 611
663 845
859 764
880 1032
1067 994
1090 1091
965 1348
1707 1517
1784 1596
1848 1635
936120456 1861578657
1
sift 73
69 53
45 24
180 111
51 37
123 126
84 62
214 152
169 144
193 202
175 166
351 700
215 189
239 208
247 220
503 543
265 210
269 233
248 253
559 778
243 287
273 280
295 231
1109 1544
299 240
290 283
272 333
1602 1614
296 262
305 273
315 290
326 277
309 331
404 453
354 351
385 340
418 469
371 395
387 400
598 516
411 393
408 421
611 528
439 409
471 405
555 601
489 465
484 518
654 855
590 584
562 629
854 677
566 628
602 613
723 819
650 604
621 673
972 786
728 637
663 763
756 1364
769 829
880 852
1255 936
859 896
990 901
1021 1233
1067 1115
1090 1202
1036 1329
1867 765
1588 1478
1032 1382
1377 1217
936120456 1906096636
1
sift 65
123 88
52 50
699 618
370 180
155 153
503 465
342 271
778 691
769 560
288 356
1505 996
448 416
869 727
1611 1523
464 453
1916 1258
513 497
1057 968
463 640
511 660
952 1242
577 604
581 718
1082 1162
748 598
615 749
1148 1105
773 601
738 712
1585 1120
694 778
1023 567
1099 591
623 1128
843 815
772 1032
942 831
890 1036
864 1209
1325 787
1010 1042
1260 842
1339 803
1244 855
1188 1115
969 1440
1314 1099
1216 1183
983 1568
1266 1204
1124 1498
1195 1372
1607 1075
1098 1746
1194 1587
1558 1245
1320 1615
1436 1507
1486 1531
1333 1755
1473 1766
1483 1771
1496 1781
1688 1620
1813 1779
936120456 2014127030
1
sift 264
18 14
24 33
236 248
52 25
68 61
84 78
239 285
102 106
111 105
143 88
269 295
115 104
123 110
150 142
273 347
154 149
169 181
201 183
326 276
215 184
233 239
200 222
309 320
266 173
261 283
251 247
344 370
243 249
265 299
270 256
351 622
252 289
322 266
277 258
408 505
384 197
290 318
272 306
439 582
275 307
307 297
392 224
590 666
294 319
296 353
324 287
559 987
327 298
338 292
315 358
880 965
305 357
354 397
310 373
1589 1230
306 384
377 379
390 329
401 355
371 415
448 325
404 399
489 470
362 473
480 366
505 482
418 416
467 409
484 578
469 412
463 422
521 572
476 469
464 503
562 575
629 401
475 531
621 618
444 609
538 516
649 669
628 450
487 598
679 649
490 594
580 523
668 682
587 631
712 545
576 778
536 705
611 619
684 725
577 665
710 583
602 864
695 605
699 606
664 848
616 680
681 640
941 676
698 653
778 620
878 749
615 760
738 695
831 828
653 811
762 718
859 857
786 745
730 795
769 1082
863 703
826 750
817 1036
918 668
784 769
990 863
713 845
750 805
965 1033
773 804
869 740
1067 1122
903 719
752 877
988 1302
894 733
828 793
1090 1186
946 701
803 853
1153 1489
791 881
749 933
1450 1217
798 902
982 720
1505 1418
899 784
852 846
801 960
877 833
1046 735
962 774
969 794
906 868
948 834
807 1098
1009 821
1052 798
890 962
916 932
809 1155
810 1158
1057 832
1082 861
882 1071
1172 801
1064 894
992 954
867 1107
1013 939
1205 819
1008 995
874 1165
1036 1019
888 1204
1201 921
1148 957
1178 937
1263 903
1193 941
1176 982
1165 993
1276 931
1183 1005
994 1192
1071 1114
942 1281
1479 880
1190 1048
1296 996
1354 973
1253 1055
1195 1094
1266 1045
1215 1084
1285 1051
1414 983
1014 1378
1345 1038
1022 1375
1188 1154
1113 1248
1211 1145
1538 964
1308 1111
1229 1171
1393 1085
1240 1203
1297 1162
1213 1237
1476 1062
1124 1371
1209 1270
1243 1233
1080 1479
1214 1287
1329 1193
1299 1223
1139 1423
1255 1297
1186 1394
1159 1463
1251 1340
1361 1239
1309 1295
1377 1243
1306 1317
1465 1208
1487 1212
1473 1254
1412 1320
1430 1313
1346 1405
1392 1369
1452 1296
1922 1037
1326 1470
1355 1443
1442 1374
1510 1307
1500 1330
1496 1368
1591 1299
1659 1276
1561 1357
1397 1491
1577 1372
1692 1332
1617 1382
1631 1380
1625 1431
1629 1426
1593 1467
1635 1453
1688 1427
1690 1444
1870 1333
1890 1325
1735 1449
1464 1515
1804 1422
1791 1437
1713 1480
1899 1366
1793 1472
1875 1413
1764 1484
1726 1503
1939 1512
936120456 2045004962
1
sift 199
31 23
770 1189
5 6
34 27
80 69
8 11
46 37
23 28
65 52
1530 1565
43 29
131 99
60 45
134 132
62 43
149 151
64 50
141 137
63 54
192 162
77 78
172 270
83 75
195 216
87 77
182 259
92 93
196 228
97 107
259 337
103 114
425 418
105 112
399 480
109 130
409 461
136 127
422 601
143 139
813 888
152 147
1066 1561
163 171
1312 1461
178 156
1370 1418
181 157
1444 1471
173 174
1531 1639
179 159
189 163
184 201
199 196
194 217
218 234
221 226
217 253
238 287
257 283
223 327
312 230
244 305
370 212
258 317
288 296
284 393
328 334
303 374
314 362
324 395
325 417
345 399
375 402
360 447
337 499
389 434
365 522
379 507
384 517
410 486
363 612
424 510
448 502
475 483
428 550
420 572
524 462
458 534
396 645
415 628
465 578
488 564
493 557
482 576
857 384
468 606
460 644
554 562
516 622
520 629
502 684
480 735
536 652
532 713
492 827
542 726
513 817
580 721
595 763
594 775
682 707
612 785
500 1081
685 768
699 825
694 886
597 1069
640 1053
632 1130
645 1178
734 1027
690 1196
834 936
767 1137
840 1000
949 898
779 1213
730 1361
863 1054
885 1037
750 1362
869 1101
746 1406
754 1423
929 1013
889 1082
971 997
896 1110
1020 1041
1037 1068
827 1549
977 1151
1080 1123
867 1522
807 1839
1010 1239
833 1776
1098 1153
1335 972
1004 1383
1210 1131
1223 1121
1023 1371
1078 1377
1088 1373
1082 1388
958 1670
1063 1486
1157 1347
1215 1294
969 1724
1000 1704
1030 1659
1022 1689
1426 1163
1272 1295
1164 1446
1158 1454
947 1852
1113 1644
1156 1616
1175 1604
1152 1688
1416 1333
1118 1807
1441 1338
1173 1742
1182 1755
1384 1523
1449 1546
1647 1384
1383 1675
1398 1660
1328 1804
1457 1661
1561 1577
1408 1758
1455 1720
1757 1452
1861 1425
1576 1699
1513 1793
1439 1886
1688 1690
1638 1754
1567 1883
1733 1769
1713 1924
936120456 2095558067
1
sift 66
70 62
51 43
194 166
343 292
154 141
169 139
175 163
685 515
309 334
193 180
202 192
299 278
699 557
351 494
215 203
240 175
336 249
778 674
880 854
236 190
246 194
615 596
869 820
1588 1608
269 179
273 281
631 766
899 855
296 253
305 254
587 871
894 905
290 306
387 354
748 724
1057 994
385 384
371 419
694 828
1082 1018
408 360
354 514
1088 525
1148 1111
590 581
650 578
1023 587
1176 1162
668 661
566 791
890 1050
1183 1315
562 945
621 950
843 1190
1688 1378
990 1068
1090 1243
1010 1113
1607 906
1396 1365
1032 1504
1182 1524
1339 1656
1558 1460
1910 1659
936120456 2130703568
1
sift 197
34 30
70 52
8 7
46 39
239 167
33 14
65 63
115 87
44 28
63 53
236 204
59 47
131 83
123 111
62 41
106 57
344 310
66 61
196 174
169 160
71 60
141 125
408 518
92 73
172 249
215 170
78 114
163 132
439 516
77 117
195 188
202 210
103 102
289 296
564 442
143 85
259 526
193 237
109 112
274 374
880 889
105 124
1249 888
245 179
152 196
348 349
770 1278
189 146
1531 1623
261 180
184 187
345 395
1589 1227
257 189
1530 1741
265 222
200 280
389 388
221 256
305 301
370 177
396 447
361 213
296 320
312 252
372 507
243 350
331 324
284 348
507 720
314 385
354 383
456 275
977 766
325 433
338 413
328 429
1565 1390
337 414
371 417
500 309
1586 2012
385 421
421 463
256 1007
448 399
562 523
379 490
384 590
621 585
365 778
690 379
692 669
460 564
542 510
668 730
465 574
520 548
679 772
497 568
415 899
737 724
359 1494
480 750
684 807
536 716
532 755
769 1204
580 741
509 947
663 1635
508 961
545 868
861 1189
538 950
492 1147
1067 1191
685 739
699 803
1090 1393
655 880
556 1146
1335 535
694 908
597 1195
778 906
672 1155
631 1284
834 923
712 1163
640 1322
727 1177
681 1288
730 1175
779 1184
869 989
776 1222
818 1179
853 1088
750 1365
754 1429
925 1051
899 1154
713 1701
894 1209
793 1492
799 1502
763 1605
772 1593
903 1235
807 1551
863 1351
739 1827
932 1279
887 1375
773 1884
1057 1193
838 1682
1416 933
1025 1307
828 1895
946 1435
1080 1303
855 1815
1495 1017
992 1531
1010 1504
1020 1486
918 1727
882 1925
976 1610
1082 1480
908 1901
921 1864
1037 1615
1215 1350
969 1825
1148 1565
1164 1575
1030 1949
1607 1230
1098 1798
1271 1498
1377 1457
1183 1758
1165 1796
1159 1889
1137 1991
1347 1725
1262 1893
1269 1956
1368 1878
1328 1987
1332 2019
1688 1790
1757 1786
1854 1845
936120456 2146998783
1
sift 156
65 71
70 72
44 35
134 166
73 50
62 38
172 155
115 93
63 49
195 201
79 37
196 230
123 106
71 51
979 932
83 90
259 485
169 206
143 77
1370 1545
128 127
1531 1454
215 174
141 131
138 148
202 256
184 110
163 145
261 204
155 196
189 205
239 234
238 184
217 235
308 301
200 270
204 289
283 351
258 285
251 357
305 349
314 299
289 364
296 374
284 376
300 373
344 316
325 359
331 331
338 382
324 372
312 411
371 435
500 283
448 334
351 510
370 420
384 413
439 616
381 430
379 455
562 502
389 464
445 444
602 491
466 427
427 551
505 621
426 662
482 562
684 492
690 443
480 575
621 578
444 684
509 573
590 615
441 708
508 693
649 636
665 566
538 734
769 631
580 703
536 828
737 1164
685 649
640 718
966 953
699 674
695 752
1399 1401
670 801
712 758
632 919
603 1000
674 897
778 767
702 917
672 1015
698 999
711 1002
1088 685
754 1032
730 1118
869 910
750 1156
1155 727
799 1110
899 933
759 1208
772 1243
763 1286
894 1004
863 1063
945 976
807 1349
749 1509
920 1085
828 1395
904 1152
827 1439
855 1321
1025 1035
1057 1025
983 1091
833 1548
1054 1140
949 1311
1078 1167
969 1358
1082 1202
1148 1175
1199 1132
1080 1296
1215 1184
992 1530
1123 1374
1922 851
1269 1192
985 1596
1183 1339
1128 1438
1175 1389
1182 1403
1236 1351
1165 1442
1172 1451
1113 1532
1152 1553
1205 1541
1193 1590
1276 1516
1454 1376
1475 1505
1565 1434
