962831950 1064082008
1
sift 271
81 73
36 26
94 109
51 50
137 157
71 47
116 128
73 55
178 145
74 60
176 151
60 70
149 197
70 75
279 244
82 71
186 160
103 61
329 245
84 92
195 173
102 105
340 290
119 111
465 295
114 117
490 441
125 107
420 422
124 129
459 466
139 127
546 537
159 132
632 428
157 138
498 677
164 152
422 739
172 155
574 684
165 162
752 507
163 168
707 560
184 156
653 649
185 163
619 772
183 169
998 518
231 135
659 844
189 175
610 963
229 146
733 840
188 196
695 901
222 184
668 1017
215 207
758 997
216 210
1200 730
256 179
907 926
242 198
773 1207
243 208
944 968
252 204
974 1193
212 248
264 236
262 242
247 281
281 284
284 289
301 254
293 272
306 257
291 283
299 274
321 261
300 288
318 279
286 326
312 292
339 266
331 276
356 269
332 300
341 317
369 298
344 331
355 334
353 359
351 378
447 297
416 310
395 335
412 344
377 395
360 442
421 371
379 439
396 427
735 267
451 396
477 376
468 386
455 403
453 424
401 493
426 458
457 440
524 400
473 435
434 463
522 409
589 373
513 423
410 547
499 471
531 459
520 477
443 602
518 503
475 569
504 540
556 488
551 494
494 565
486 582
606 461
492 612
597 496
537 586
593 568
636 524
627 535
571 637
595 606
674 513
607 589
789 472
579 646
609 588
661 543
678 556
615 640
620 644
690 571
583 744
705 562
624 659
778 529
635 672
628 687
683 627
562 833
827 541
706 626
647 693
727 611
642 701
634 731
630 746
754 624
654 723
665 738
747 678
790 666
959 545
828 657
812 697
723 767
788 721
816 717
756 773
643 909
622 977
797 752
969 613
769 818
868 743
652 1009
658 992
714 935
775 845
613 1183
751 933
905 762
888 781
871 798
645 1156
923 797
955 776
803 970
833 944
743 1068
894 851
1001 764
931 825
901 869
1043 759
874 918
914 873
781 1069
1338 660
950 889
1296 698
793 1145
1044 831
892 1026
963 931
1116 823
962 980
936 1005
1066 885
861 1169
971 1011
1000 987
1126 892
897 1157
1137 923
1206 879
1073 959
1178 908
972 1105
1170 942
1352 857
1021 1116
1139 1006
1211 976
956 1204
1011 1151
1075 1078
1121 1082
1140 1071
1118 1127
1256 1012
1148 1090
1094 1150
1156 1138
1316 1027
1239 1084
1237 1089
1204 1137
1340 1043
1227 1130
1212 1148
1263 1144
1258 1152
1311 1158
1188 1220
1408 1072
1378 1133
1415 1104
1279 1203
1361 1160
1259 1222
1371 1162
1456 1095
1404 1199
1173 1248
1364 1232
1277 1243
1503 1224
1508 1219
962831950 1347700863
1
sift 169
162 182
195 203
36 20
38 673
51 49
179 212
269 249
54 76
184 174
74 66
257 288
249 281
86 99
165 191
108 125
872 712
279 270
125 111
183 197
119 139
340 296
114 146
264 260
139 148
394 363
120 178
293 313
159 162
420 404
163 190
546 621
199 158
653 556
172 185
661 563
148 213
668 721
202 200
580 724
242 208
574 895
219 367
706 714
291 285
604 882
306 278
998 643
299 293
733 955
321 284
695 972
312 295
814 1048
331 298
811 980
332 301
974 1160
341 342
950 974
395 347
351 401
944 992
344 419
360 468
421 379
396 422
455 371
451 411
457 420
473 492
482 488
525 450
522 451
374 756
520 486
531 477
468 571
606 432
684 388
443 679
475 634
551 551
562 550
789 410
504 674
556 602
486 738
597 538
601 547
539 702
955 429
607 641
657 633
571 784
745 600
648 693
723 630
595 806
735 636
628 750
772 639
583 896
754 657
600 839
727 692
778 669
747 740
621 884
853 646
969 579
635 878
705 792
620 913
634 906
829 731
1010 591
775 771
787 765
624 1004
868 739
613 1081
871 754
1264 559
793 857
816 837
1116 665
904 817
756 1029
714 1151
821 1007
1064 759
1170 783
961 924
833 1154
865 1086
1126 834
1066 867
1024 905
964 978
1178 824
874 1121
947 1001
931 1030
1002 951
900 1109
1073 903
894 1158
863 1235
1044 1020
1028 1127
1211 985
985 1186
1121 1085
1080 1140
979 1244
1212 1115
1140 1192
1139 1217
1280 1129
1227 1164
1385 1075
1361 1100
1217 1233
1311 1208
1258 1247
1415 1179
1414 1183
1409 1220
1493 1133
962831950 1745211470
1
sift 322
1484 1502
94 138
18 23
70 79
58 68
137 107
54 80
176 139
77 61
178 223
74 65
184 154
67 72
249 235
86 93
188 175
84 115
279 268
114 103
206 159
119 110
340 260
124 111
215 172
121 119
329 300
139 124
459 448
155 127
471 588
160 133
706 374
147 152
500 694
157 140
579 511
172 134
490 804
165 146
661 491
183 142
610 569
163 182
653 587
189 173
759 632
202 162
722 742
231 150
707 767
190 185
880 707
229 163
773 828
247 170
758 954
211 200
997 715
252 198
811 941
262 191
1130 1094
242 221
907 858
234 234
998 1464
332 180
943 902
281 205
1457 1151
216 256
950 911
264 217
1506 1373
273 230
972 1000
328 208
293 248
995 1230
228 336
306 253
335 244
487 194
318 262
344 252
334 275
312 298
311 321
355 327
351 341
390 310
301 399
286 465
395 324
416 309
447 312
379 397
453 355
377 410
401 388
373 462
457 364
518 347
410 402
396 431
426 398
434 421
413 445
441 429
601 345
513 385
473 428
482 425
499 426
524 435
435 533
603 377
475 486
589 396
461 522
443 538
491 505
683 371
494 513
597 419
486 540
532 490
557 482
556 489
727 393
520 558
627 457
754 405
514 574
633 453
571 520
515 578
551 580
583 553
652 526
690 507
675 515
620 559
628 546
705 502
664 536
537 710
631 568
634 576
621 606
593 664
828 496
635 668
673 626
772 589
741 614
778 597
812 586
630 755
701 674
678 747
613 849
747 679
481 1458
600 945
790 688
853 635
723 793
789 721
736 813
647 910
900 654
930 631
882 700
714 885
879 731
947 666
781 844
787 838
833 815
665 994
646 1037
842 825
894 756
835 836
775 879
768 900
913 757
757 949
866 833
788 934
939 802
861 875
1026 754
823 960
1074 737
897 898
1296 642
955 847
792 1041
1139 732
1066 783
1178 728
865 979
1205 725
903 951
847 1033
873 987
806 1120
883 1012
1034 866
1110 834
1204 791
1195 807
1168 818
1000 916
914 1005
1120 859
985 965
1351 759
1021 943
925 1040
1353 781
901 1159
1415 761
856 1259
961 1074
905 1213
1280 864
983 1061
1140 932
1067 975
963 1110
1271 886
1126 980
1263 908
1094 1004
1202 947
973 1191
1159 989
1102 1024
1020 1118
1304 926
1039 1127
1025 1167
1148 1029
979 1244
936 1326
986 1247
940 1332
1188 1016
1093 1109
954 1416
1210 1085
1170 1116
1132 1181
1137 1182
1027 1321
1171 1147
1073 1238
1098 1221
1089 1269
1108 1256
1206 1170
1447 963
1245 1149
1246 1145
1092 1308
1250 1162
1135 1287
1366 1043
1230 1198
1325 1101
1118 1369
1364 1091
1285 1184
1278 1186
1164 1301
1237 1218
1258 1205
1235 1226
1080 1419
1045 1478
1147 1362
1313 1189
1340 1172
1372 1129
1212 1320
1266 1273
1197 1380
1145 1440
1312 1270
1339 1253
1334 1262
1187 1443
1408 1190
1272 1360
1260 1387
1343 1274
1303 1327
1407 1208
1501 1034
1389 1289
1224 1485
1265 1454
1382 1346
1419 1304
1452 1267
1378 1399
1465 1254
1360 1472
1459 1366
1469 1349
1510 1066
1385 1481
1404 1471
1499 1250
1479 1393
1440 1462
1413 1487
1425 1484
1409 1505
962831950 1811936640
1
sift 251
166 148
870 639
73 33
343 306
74 35
57 78
162 170
103 39
699 412
70 50
86 62
179 207
75 73
830 796
116 68
84 86
257 265
115 69
855 816
124 81
125 119
408 475
119 85
989 1666
159 77
148 109
489 764
139 83
172 99
121 137
692 655
176 100
184 95
202 128
183 102
165 116
189 145
163 209
188 189
200 202
212 164
264 159
281 173
245 222
293 216
210 262
273 226
735 191
334 197
306 211
451 274
299 228
216 328
597 307
270 266
416 238
706 312
312 301
395 254
661 329
390 263
284 367
579 394
447 246
351 292
931 341
295 372
355 321
652 440
417 281
457 270
829 397
311 400
379 343
694 485
518 278
360 382
908 549
636 286
513 335
944 604
499 374
603 350
1139 535
441 436
434 460
972 646
475 433
481 442
950 658
396 593
314 902
670 892
473 490
435 548
1021 698
627 379
504 503
1140 709
683 385
515 487
1247 762
556 507
838 376
1278 919
526 541
491 606
1285 925
772 422
494 641
1343 1033
674 448
486 661
1452 994
461 717
520 660
1419 1027
583 650
778 501
1497 1034
551 700
705 546
1364 1232
624 613
1150 417
628 632
634 625
741 572
879 587
635 744
593 859
550 1009
882 634
747 707
648 799
1204 521
1120 552
955 635
894 675
1280 537
1353 531
1026 633
645 1005
1178 620
1036 662
1205 615
775 829
1044 666
1296 608
643 1067
939 730
769 913
640 1162
723 1050
714 1077
787 982
836 949
1000 775
1086 728
833 985
781 1105
793 1116
751 1210
862 1072
842 1134
865 1097
810 1230
792 1248
1263 779
1002 954
883 1127
897 1129
1407 755
1073 912
1173 856
847 1299
1110 941
961 1121
946 1143
981 1113
1325 862
1170 976
914 1281
901 1302
986 1175
1034 1112
873 1420
1257 973
1113 1083
983 1259
858 1548
985 1264
832 1695
905 1461
1093 1150
839 1727
1501 836
1011 1290
1020 1294
1351 1020
1258 1101
1126 1222
1080 1251
1027 1366
1188 1211
1227 1209
1144 1341
1040 1502
1098 1426
940 1757
1092 1474
942 1790
1245 1298
963 1758
1103 1504
1122 1501
1137 1498
1176 1454
1174 1462
1171 1568
1465 1217
1089 1704
1334 1389
1210 1587
1186 1622
1312 1465
1360 1421
1385 1390
1218 1643
1336 1492
1440 1364
1272 1635
1212 1731
1283 1624
1197 1756
1172 1833
1145 1862
1229 1776
1271 1735
1331 1659
1165 1879
1318 1714
1425 1553
1402 1608
1335 1748
1260 1900
1476 1601
1382 1825
1459 1768
1478 1781
1412 1917
962831950 1865606473
1
sift 259
186 149
21 16
74 26
36 12
394 401
73 24
70 50
54 40
420 432
86 65
115 78
84 86
108 69
116 85
102 75
101 110
139 100
148 108
159 91
172 109
125 127
121 142
165 123
189 143
183 115
264 158
131 210
163 213
212 187
237 171
252 163
354 145
213 223
281 197
293 201
306 194
334 191
344 200
299 211
216 321
451 295
301 214
250 284
597 327
235 380
300 275
661 312
339 252
291 298
706 354
341 265
460 206
580 459
321 286
389 244
652 529
312 308
447 225
694 522
284 362
369 269
931 433
395 261
234 572
908 633
351 314
477 264
950 648
355 335
457 280
1139 603
522 279
361 395
944 683
360 416
449 334
1021 737
286 638
385 399
1375 665
601 293
513 339
1140 757
636 290
377 484
1247 800
499 376
295 773
1279 815
379 521
455 428
1285 1010
421 483
474 442
1343 1121
531 421
482 481
1452 1081
396 624
435 553
1419 1154
627 397
473 535
1497 1125
683 411
475 619
494 595
566 520
468 667
772 418
443 720
504 630
778 434
556 585
501 681
924 404
520 672
537 649
492 732
812 492
624 607
551 734
497 866
705 588
853 534
638 723
678 710
607 785
609 786
635 743
1066 505
648 746
630 776
634 769
732 703
747 727
911 632
955 618
621 921
654 864
1026 597
723 832
1044 652
1012 669
807 806
600 1202
593 1231
646 1025
775 861
1120 653
894 768
1415 559
1204 636
769 956
643 1181
1084 700
665 1161
1178 687
787 1008
788 1050
1296 691
947 845
1362 692
865 999
904 991
871 1057
1073 818
1280 752
1007 888
888 1095
781 1291
1064 877
1002 961
833 1257
939 1027
1263 835
1206 865
847 1314
963 1093
901 1205
914 1198
1184 899
1170 977
1173 976
1110 1017
765 1641
921 1348
961 1266
985 1245
1057 1140
874 1481
979 1311
1013 1283
925 1452
983 1378
858 1661
1359 1007
1351 1040
1094 1273
1325 1075
1141 1229
1408 1000
1137 1295
1250 1222
1188 1278
1159 1310
1344 1170
1501 964
1080 1417
1020 1570
1239 1304
940 1726
1077 1491
1258 1327
1147 1459
1249 1359
1045 1611
1311 1315
1122 1522
1334 1297
1156 1498
1271 1384
1340 1366
1323 1381
1210 1508
1164 1573
1186 1553
1237 1501
1174 1580
1092 1706
1118 1693
1360 1402
1192 1609
1371 1407
1098 1754
1312 1515
1385 1425
1227 1713
1465 1405
1336 1606
1425 1483
1218 1778
1259 1762
1176 1851
1459 1583
1165 1872
1476 1593
1404 1711
1471 1616
1361 1821
1414 1769
1409 1790
1423 1810
1478 1734
1272 1883
1440 1847
1479 1782
1510 1656
1474 1879
962831950 2124113243
1
sift 68
394 308
70 74
369 326
115 75
148 165
164 72
455 314
176 98
281 137
183 102
421 335
215 105
200 169
344 122
1355 925
264 195
360 290
293 198
1074 240
754 264
434 347
580 361
396 445
320 728
696 436
355 616
562 406
930 390
634 423
635 482
811 429
1150 394
1139 442
1230 798
797 565
593 779
1343 953
939 558
615 1078
1285 1022
641 1171
1110 688
1278 1325
847 955
1415 642
1497 1369
768 1128
977 863
724 1411
815 1257
1144 869
743 1469
1191 886
609 2101
776 1544
793 1821
866 1774
871 1788
868 1952
927 1896
901 2160
973 2081
1425 1429
1351 1521
1478 1377
1062 2168
1025 2447
1156 2260
