1029832138 1150832366
1
sift 92
15 14
39 39
31 52
40 51
51 62
97 150
69 66
57 129
136 170
123 152
191 158
159 148
174 227
238 228
295 279
211 330
268 283
317 262
349 295
281 285
603 465
187 894
587 521
350 395
643 566
380 453
492 754
343 555
870 1065
363 600
959 1041
519 568
1025 1074
601 524
1805 1641
677 496
564 557
597 610
582 629
600 681
634 663
762 584
616 703
1334 452
563 898
831 605
625 916
723 767
614 950
724 822
621 1038
637 1091
773 793
719 904
714 935
854 751
629 1253
822 815
663 1181
684 1163
810 855
688 1290
823 1123
1279 739
907 1066
1066 930
882 1339
1121 1057
1107 1094
1237 984
873 1503
1320 945
1049 1287
1099 1266
1603 873
1295 1124
1005 1596
1274 1193
1111 1413
1105 1472
1137 1523
1491 1200
1265 1400
1455 1245
1158 1604
1080 1741
1466 1406
1665 1348
1344 1724
1671 1421
1708 1443
1625 1740
1029832138 1186326363
1
sift 386
440 433
41 48
14 7
60 90
28 21
54 53
39 33
84 84
40 45
98 99
43 39
108 100
66 50
129 116
125 47
127 135
73 80
112 140
90 76
135 147
99 104
120 154
109 106
149 164
117 112
160 171
113 137
175 190
144 110
174 194
122 131
184 210
146 118
191 207
133 138
217 212
105 179
193 263
151 124
201 237
152 130
203 242
150 174
202 250
159 224
208 234
255 192
223 278
196 272
220 287
211 260
242 267
187 336
268 264
238 249
252 299
256 245
269 296
225 312
258 320
194 397
292 292
281 286
295 309
260 307
353 284
264 321
342 331
311 291
298 363
315 317
312 400
293 342
382 333
380 305
360 378
302 392
581 274
282 418
349 414
296 424
348 427
343 389
396 467
327 442
463 413
350 412
469 448
412 345
464 468
449 351
458 568
317 596
401 625
446 366
371 847
494 340
377 850
383 466
530 589
567 346
603 558
461 436
545 609
528 391
689 487
421 511
492 684
452 474
471 764
410 552
403 1084
489 453
550 639
433 543
643 567
454 496
608 608
517 455
587 663
422 618
612 661
766 361
512 803
481 522
483 1043
650 421
638 714
411 724
552 795
532 485
692 703
434 707
709 720
583 479
659 807
681 447
662 929
564 488
746 789
450 686
675 1069
522 579
870 927
558 542
911 978
406 920
836 1081
574 570
958 948
597 564
784 1367
555 624
777 1359
600 586
853 1254
561 633
851 1287
582 623
819 1393
560 646
1092 1073
559 652
1025 1141
684 574
1050 1211
668 619
1035 1292
616 673
1469 1217
652 642
1058 1730
715 585
1427 1463
588 708
1410 1601
696 634
1591 1452
641 698
626 718
688 685
653 716
634 760
614 775
660 742
723 689
762 648
711 699
624 808
747 674
637 798
700 726
886 571
847 601
629 823
621 854
761 682
750 696
484 1339
664 835
739 740
714 780
705 860
719 840
649 997
775 773
756 810
830 722
730 921
974 671
663 1076
822 771
703 1031
810 790
759 930
854 777
748 994
735 1034
823 909
793 952
625 1422
842 903
807 955
794 998
924 817
811 983
808 1003
868 904
901 876
758 1134
720 1225
838 1011
875 940
815 1039
935 880
916 902
1033 794
891 935
948 887
1052 800
876 1010
981 890
1028 846
702 1456
994 899
1027 877
971 946
1100 815
969 965
883 1055
999 962
942 1037
1056 925
1066 953
864 1155
1070 959
898 1120
858 1189
889 1161
865 1205
873 1201
1279 821
966 1159
986 1138
1006 1122
1011 1115
955 1191
1225 942
1080 1075
1095 1060
1024 1150
1005 1197
1167 1057
903 1413
972 1290
1021 1220
906 1433
1107 1130
1121 1133
1045 1245
1009 1296
996 1340
1059 1251
1165 1131
1210 1112
1293 1041
1078 1264
1031 1378
1084 1294
1257 1102
1158 1214
1103 1301
1082 1356
1019 1472
1316 1104
1038 1476
1077 1438
1057 1467
1137 1320
1377 1094
1334 1129
1274 1174
1046 1504
1065 1489
1273 1192
1237 1236
1124 1405
1150 1391
902 1721
1136 1414
1123 1449
1162 1411
1149 1435
1265 1246
1448 1128
1105 1521
1439 1158
1277 1281
1295 1269
1517 1117
1426 1181
1384 1198
1348 1249
1239 1374
1120 1590
1241 1381
1213 1457
1131 1606
1187 1519
1115 1677
1232 1486
1491 1221
1301 1441
1413 1312
1184 1640
1251 1557
1159 1700
1575 1240
1284 1528
1373 1442
1271 1573
1268 1575
1462 1362
1339 1493
1340 1496
1538 1318
1261 1632
1344 1541
1308 1589
1359 1517
1346 1560
1488 1403
1216 1707
1226 1701
1740 1204
1323 1604
1670 1263
1312 1637
1437 1502
1408 1602
1466 1537
1598 1455
1475 1599
1504 1569
1723 1366
1421 1664
1665 1453
1455 1645
1620 1505
1671 1475
1460 1679
1760 1443
1699 1522
1564 1670
1501 1710
1638 1649
1728 1578
1734 1596
1757 1592
1774 1597
1708 1655
1395 1734
1748 1657
1786 1661
1767 1695
1802 1713
1029832138 1240301939
1
sift 68
21 30
175 195
18 19
430 509
184 230
38 48
143 145
195 205
73 51
220 292
76 52
212 229
217 328
87 78
242 342
99 89
263 244
252 322
117 127
300 282
152 169
270 287
269 443
196 138
313 403
211 142
334 435
330 417
198 154
598 527
146 267
440 538
675 532
238 152
512 675
165 308
526 581
530 667
179 278
550 695
231 219
578 653
784 545
443 153
587 684
207 361
897 1081
909 1000
326 310
1050 1090
274 408
931 1094
1035 1193
271 449
1606 1180
329 379
386 410
346 469
261 936
357 578
407 753
489 797
557 688
685 768
726 748
864 844
923 963
1090 1217
1029832138 1430327691
1
sift 58
60 41
96 77
324 713
175 135
280 323
220 191
123 325
242 265
361 287
330 307
305 369
453 312
329 342
471 365
314 441
744 306
356 452
675 414
366 586
550 547
452 476
587 606
475 521
909 512
576 651
1050 983
474 854
1676 1634
527 740
1701 1877
615 901
555 1147
509 1373
637 1254
679 1202
642 1382
726 1193
652 1432
923 1000
749 1357
583 1955
634 1779
711 1597
699 1649
900 1224
703 1768
695 2136
989 1304
885 1578
800 1991
919 1827
1214 1644
942 2388
1015 2338
1059 2417
1290 1888
1226 2326
1662 1752
1029832138 1474416471
1
sift 179
15 12
28 16
98 79
40 33
136 135
117 89
161 171
151 96
174 181
122 126
191 173
152 110
184 208
238 207
217 196
196 274
250 206
211 281
266 197
268 226
208 238
276 234
230 271
218 381
269 265
848 160
360 358
353 297
298 466
449 311
349 448
380 378
396 408
343 443
603 413
460 340
464 472
489 394
689 402
651 336
643 479
681 351
545 584
583 412
725 475
564 437
492 713
510 491
550 665
601 454
612 626
422 837
638 795
539 548
870 799
597 504
958 803
600 512
1025 938
582 563
675 1714
634 556
911 1187
616 620
837 1566
559 695
1050 1189
677 581
1035 1435
434 1134
1591 1295
762 532
1787 1548
588 692
684 601
563 801
625 797
668 738
750 654
773 648
614 862
637 869
810 645
653 856
714 775
621 990
855 660
663 962
759 786
1100 558
730 844
995 625
831 714
982 649
822 757
916 687
868 722
719 987
748 921
722 1069
842 846
971 764
823 925
812 1032
891 915
896 981
1066 888
808 1180
996 1018
907 1106
1095 912
1471 704
969 1074
884 1175
1260 839
873 1242
1165 947
1121 1007
1107 1037
1295 882
1277 896
1320 885
1039 1156
986 1229
1099 1111
1008 1234
1237 1060
955 1426
1005 1346
1059 1266
972 1421
1210 1118
1105 1219
1009 1404
1603 889
1289 1090
1045 1433
1163 1257
1598 988
1426 1072
1137 1360
1038 1590
1003 1681
1611 1049
1057 1639
1103 1551
1162 1473
1131 1515
1158 1531
1113 1638
1283 1352
1576 1144
1373 1289
1491 1225
1332 1385
1235 1543
1257 1528
1216 1620
1348 1424
1390 1413
1455 1365
1665 1221
1757 1157
1374 1504
1551 1324
1286 1643
1364 1629
1802 1165
1658 1349
1466 1583
1370 1679
1400 1659
1568 1576
1694 1558
1774 1468
1553 1686
1734 1569
1767 1619
1724 1703
1029832138 1523815439
1
sift 228
15 30
28 24
108 80
40 50
136 154
73 91
149 190
151 121
161 199
122 152
174 211
152 139
191 189
238 235
184 236
196 286
217 226
211 274
208 258
268 254
203 269
281 261
266 241
276 278
223 297
315 400
269 275
353 309
252 322
363 377
258 330
327 460
292 444
343 453
360 349
380 430
312 457
449 363
348 434
651 351
349 468
383 675
396 429
422 581
463 385
564 467
603 446
583 474
689 435
465 611
837 402
535 512
401 864
519 532
492 606
597 527
643 496
600 543
545 584
582 583
550 657
560 608
585 642
561 613
612 654
474 816
709 637
641 565
638 773
616 609
552 1001
586 658
604 985
588 669
870 793
634 629
958 830
762 555
1025 825
563 754
911 957
684 664
836 1114
688 671
675 1614
724 647
1062 1023
614 756
853 1395
750 646
1050 1190
711 693
1035 1385
621 808
1139 1487
677 737
1591 1334
668 770
1787 1479
660 798
625 858
793 659
773 688
756 716
855 624
739 753
704 811
775 724
714 805
831 678
730 822
637 1010
649 977
703 885
663 965
719 897
810 740
759 843
995 656
889 721
748 933
822 819
916 736
868 759
838 876
842 909
901 832
738 1133
969 802
823 967
812 1072
794 1100
1234 712
898 992
971 938
876 1040
942 1076
1279 772
1024 988
1066 962
884 1152
1065 1032
1165 942
1260 849
1163 971
1273 865
1011 1136
1121 1026
1471 790
1603 752
1320 894
1059 1129
937 1288
1210 1048
1099 1145
875 1460
1107 1151
1067 1203
972 1317
1295 1002
906 1504
1080 1236
1158 1156
1022 1308
1009 1335
996 1389
1057 1309
1111 1238
1277 1102
1005 1441
1237 1149
1084 1331
1426 1065
1105 1313
1124 1284
1235 1183
955 1607
1103 1341
1455 1064
1137 1299
1390 1113
1265 1210
1611 1029
1115 1448
1232 1269
1038 1594
1031 1626
1131 1483
1538 1108
1162 1554
1113 1637
1491 1192
1740 1094
1504 1217
1284 1454
1170 1656
1226 1574
1703 1169
1577 1252
1302 1506
1377 1439
1268 1593
1530 1315
1348 1528
1635 1277
1312 1619
1374 1557
1251 1741
1488 1466
1466 1496
1325 1663
1308 1717
1468 1527
1370 1636
1658 1408
1408 1673
1624 1550
1400 1770
1671 1555
1568 1650
1460 1778
1527 1766
1626 1684
1748 1584
1734 1661
1695 1739
1767 1685
1694 1794
1029832138 1716575903
1
sift 88
60 56
28 19
160 155
39 34
103 116
40 38
202 212
73 64
112 124
105 69
223 191
120 113
149 140
122 151
208 205
175 178
220 248
156 226
371 474
187 231
242 276
182 290
550 610
252 282
300 329
238 301
608 648
350 239
289 339
257 416
565 695
313 330
298 333
636 411
805 911
277 428
330 429
779 386
603 1972
360 417
382 419
484 627
849 1205
564 560
530 649
422 1064
1050 1048
587 678
545 753
573 736
1035 1154
743 577
675 807
770 576
1660 846
680 666
959 686
702 703
1410 1627
629 801
784 826
478 1457
1705 1751
668 1224
909 1073
974 811
637 1444
827 1582
754 1148
621 1781
1442 1038
653 1945
642 1997
1701 1870
704 1778
903 1119
1676 2025
1168 888
979 1171
822 1518
957 1344
842 1685
1099 1724
1024 2002
1393 1330
1301 1470
1229 1777
1472 1610
1029832138 1785851268
1
sift 99
15 21
40 61
136 184
150 126
140 194
123 174
161 227
159 153
174 237
238 230
191 224
211 336
266 232
281 300
269 318
350 412
360 418
848 253
396 475
298 567
603 470
489 512
689 459
677 476
643 534
564 522
612 719
600 550
585 777
582 585
870 920
597 581
959 959
560 628
1026 922
588 656
1591 1286
634 650
474 980
1738 1608
616 674
762 557
559 747
563 880
625 849
831 642
637 930
622 976
653 950
868 697
714 929
822 770
1052 646
901 710
754 919
748 925
810 828
684 1096
971 792
891 878
839 1086
823 1123
1066 893
1320 752
1279 769
884 1105
1065 1061
986 1148
1107 1053
882 1365
1295 935
1121 1084
1099 1160
1059 1239
1237 1056
1005 1364
1137 1234
937 1561
1105 1301
1111 1362
1080 1427
955 1615
1265 1205
1598 1041
1390 1173
1039 1614
1455 1163
1491 1166
1158 1548
1332 1373
1488 1269
1348 1464
1665 1248
1344 1588
1694 1334
1450 1541
1466 1549
1734 1465
1767 1513
1029832138 1799436415
1
sift 137
21 26
15 31
14 12
143 165
112 72
8 17
186 246
191 184
17 27
192 232
220 221
76 50
263 289
330 338
66 62
270 318
550 596
85 81
440 529
784 491
86 76
430 635
587 639
80 125
526 594
608 625
124 67
931 1272
544 844
92 105
568 657
909 611
89 116
1393 1140
99 93
578 692
125 107
117 124
145 127
151 153
146 163
152 181
177 180
165 273
234 185
198 254
205 266
231 260
215 294
207 359
235 385
254 354
326 297
311 394
406 293
356 342
329 370
337 387
304 453
314 475
333 421
336 413
261 623
392 392
354 466
357 462
388 420
470 364
306 668
418 424
327 746
494 414
411 548
387 612
383 651
400 669
422 632
324 1149
475 558
452 604
527 515
534 539
489 640
579 592
465 785
474 778
557 695
507 795
519 799
575 742
542 780
525 875
1093 484
669 753
642 787
556 916
595 889
939 579
637 877
685 853
665 913
683 941
726 890
672 1001
606 1142
761 909
667 1154
679 1126
804 915
653 1375
704 1230
652 1519
923 1082
864 1148
924 1129
888 1306
929 1249
800 1501
956 1263
908 1365
900 1378
998 1314
1007 1305
906 1459
1278 1060
1055 1327
1209 1166
861 1628
1191 1245
1045 1510
1126 1533
1118 1573
1513 1341
1437 1621
1458 1624
1662 1581
1766 1625
1029832138 1861578657
1
sift 76
22 17
28 12
407 664
39 37
60 53
116 130
565 778
120 126
149 144
122 147
1660 724
152 172
175 174
321 377
202 189
208 191
484 362
220 221
217 233
528 566
230 280
242 273
564 580
252 262
289 287
422 938
298 302
277 383
573 595
330 395
382 351
702 528
360 421
550 584
522 704
530 613
608 604
474 926
675 629
545 763
478 1258
553 960
784 673
850 622
668 878
959 640
557 1095
614 1147
827 780
637 1131
805 852
801 896
823 847
754 994
909 828
704 1223
849 892
1035 1202
1334 680
756 1225
1058 1674
738 1550
974 1047
794 1372
807 1360
822 1382
876 1298
1027 1172
800 1632
957 1422
972 1460
1054 1504
1024 1567
1196 1584
1165 1620
1295 1462
1029832138 1906096636
1
sift 139
15 28
40 50
120 88
150 91
136 163
123 154
140 173
152 137
149 210
159 142
161 206
238 237
174 218
196 372
191 197
211 315
184 257
281 271
269 303
276 293
360 408
327 523
396 465
380 453
349 556
460 378
603 471
413 579
689 454
383 774
643 543
583 492
492 756
564 554
585 711
422 949
612 731
597 591
550 789
600 598
638 997
582 620
870 910
560 660
959 934
574 712
1025 1077
634 658
1591 1523
616 720
762 609
677 675
655 714
588 815
563 900
750 698
625 842
855 636
637 935
621 965
714 833
663 978
629 1066
730 930
684 1018
719 994
810 831
822 827
925 787
748 1032
722 1133
1100 734
842 969
891 927
688 1335
971 855
735 1326
881 1045
969 979
823 1209
1066 940
728 1541
1165 856
884 1163
876 1176
1121 1086
1295 941
1107 1115
1102 1119
1237 1085
1099 1206
1603 867
1277 1051
1320 1025
1011 1366
1455 981
1005 1467
1211 1185
1598 950
1009 1576
1426 1099
1265 1204
1022 1589
1274 1234
965 1746
1137 1423
1301 1245
1158 1498
1257 1331
1031 1726
1131 1587
1251 1439
1282 1413
1084 1754
1124 1688
1390 1343
1339 1488
1436 1365
1488 1339
1665 1246
1216 1761
1577 1337
1348 1593
1344 1614
1466 1539
1551 1464
1408 1636
1708 1341
1612 1597
1748 1507
1635 1651
1679 1666
1669 1687
1624 1772
1734 1670
1651 1792
1695 1778
1694 1795
1799 1702
1029832138 2014127030
1
sift 71
60 61
39 24
84 112
40 25
112 106
73 78
217 295
96 133
149 181
116 142
230 347
122 150
195 225
163 183
396 690
203 239
220 283
317 443
550 666
289 249
242 357
476 355
805 965
295 292
252 354
386 598
853 1125
300 333
330 415
671 375
382 397
471 513
744 425
675 575
587 682
729 543
574 695
513 777
730 653
749 640
639 725
625 789
544 848
826 648
634 795
632 881
552 1115
687 960
658 1036
909 1082
953 792
823 927
1035 1185
1251 794
1212 821
1210 894
857 1270
1020 1144
971 1232
1401 920
1107 1154
1264 1045
895 1503
1088 1340
1505 1038
1158 1371
1568 1085
1488 1449
1623 1372
1642 1405
1782 1328
1029832138 2045004962
1
sift 115
143 259
60 46
0 3
186 290
69 123
80 64
931 1461
120 120
65 91
149 175
68 79
897 1565
160 172
86 107
175 184
145 130
242 319
134 158
300 281
139 182
252 326
198 156
313 321
215 174
289 354
205 264
295 392
235 238
330 406
207 305
371 533
361 225
382 559
231 398
675 477
280 395
550 571
314 401
587 696
306 410
713 602
310 437
826 988
305 447
1442 1140
329 417
1804 1649
346 454
1676 1534
216 1327
1701 1905
392 485
356 557
366 572
423 499
388 550
375 622
452 578
475 644
465 756
556 682
525 735
478 863
599 684
527 775
652 726
693 723
620 799
738 791
818 754
704 926
642 1027
661 1015
679 1042
583 1340
726 1037
634 1361
794 991
759 1130
807 1053
1597 697
711 1423
846 1136
780 1294
729 1486
923 1090
703 1711
1005 1054
800 1345
1019 1057
1000 1082
864 1231
965 1153
972 1213
914 1278
885 1383
919 1499
912 1624
908 1754
998 1610
1077 1485
960 1791
1012 1747
1226 1532
1059 1852
1167 1664
1146 1721
1084 1869
1126 1804
1241 1674
1251 1725
1460 1482
1437 1604
1555 1577
1662 1699
1029832138 2095558067
1
sift 65
60 63
39 43
395 292
40 41
103 113
122 141
371 494
120 103
149 139
156 122
396 489
160 152
184 180
169 155
805 854
217 179
202 203
211 185
1081 816
208 194
223 190
238 250
992 1354
203 274
242 254
350 452
252 253
230 281
445 431
269 320
298 302
564 556
360 360
330 419
484 806
382 514
618 482
456 936
550 581
530 602
600 724
608 577
587 661
573 910
659 791
959 597
630 871
675 945
784 949
588 1190
974 675
827 902
553 1488
561 1473
909 1123
754 1050
822 1504
1035 1242
901 1656
1442 989
1099 1433
979 1706
1301 1460
1168 1688
1542 1348
1029832138 2130703568
1
sift 98
143 205
60 52
80 49
186 263
160 167
65 81
178 154
112 118
134 119
263 360
212 269
149 160
270 423
175 180
215 137
284 349
419 694
220 243
578 792
313 323
361 256
336 455
609 684
289 350
568 867
295 413
329 433
795 683
669 1283
330 417
897 1741
675 523
315 746
1735 1077
1403 926
375 692
1206 1442
587 730
422 586
388 712
530 850
452 574
475 564
826 772
652 510
473 827
909 1205
525 750
556 706
1139 1725
576 755
449 1155
1317 1550
478 1067
555 950
517 1222
634 1175
654 1145
660 1127
583 1446
637 1324
794 1084
749 1288
679 1486
711 1429
842 1185
696 1578
1019 1010
807 1322
756 1502
748 1593
972 1184
988 1179
900 1380
800 1676
1214 1088
1005 1351
923 1488
919 1510
1078 1401
997 1605
965 1798
889 1994
1215 1435
1113 1603
1024 1815
1226 1503
1046 1895
1039 1906
1174 1710
1291 1600
1284 1727
1251 1825
1476 1586
1163 2019
1573 1560
1461 1818
1754 1891
