1064082008 1347700863
1
sift 385
23 22
15 15
69 85
20 16
109 144
26 21
75 100
24 23
120 152
41 32
89 106
38 39
128 155
43 58
156 174
44 57
134 222
50 49
162 191
48 63
244 270
52 61
169 197
51 67
451 403
49 79
180 216
60 66
430 507
58 73
207 241
59 74
772 408
77 91
236 260
79 96
531 627
76 108
272 313
80 116
518 643
113 107
248 335
106 111
840 955
103 125
543 563
85 164
813 1028
111 139
625 715
97 154
924 925
116 147
647 724
127 148
901 973
129 163
889 974
132 162
709 1245
137 171
967 991
147 184
835 1255
176 166
1078 1045
155 185
170 173
1203 1228
168 190
167 198
163 209
205 188
188 206
198 208
182 244
203 232
199 243
215 237
174 276
221 246
241 254
217 311
229 317
268 268
256 278
226 346
261 284
302 265
249 310
274 293
282 286
262 314
276 298
288 290
292 295
279 316
300 301
273 324
246 367
308 306
286 330
306 327
421 264
314 329
289 358
340 325
317 342
355 323
329 341
401 300
335 347
284 399
373 334
326 362
353 345
368 352
376 360
351 376
366 386
398 365
334 448
394 374
347 431
397 375
402 370
342 439
403 371
378 401
384 398
367 434
396 411
434 372
420 389
422 404
370 487
427 422
409 451
512 354
388 491
374 512
424 446
470 382
440 420
411 474
419 462
360 575
449 426
464 413
429 475
472 410
461 432
448 453
385 571
435 492
473 442
459 477
445 501
431 534
477 486
455 524
484 500
497 490
549 449
520 478
475 526
478 523
471 535
782 369
506 495
554 465
567 459
499 530
496 538
494 551
487 573
505 536
812 383
559 502
483 604
492 589
528 541
488 602
526 555
588 506
476 644
776 429
534 580
565 544
563 552
447 786
527 617
645 527
581 577
481 741
529 669
615 586
569 634
600 600
540 674
617 593
605 601
604 611
589 640
628 605
583 656
587 662
656 599
641 624
817 498
576 685
913 482
623 657
584 702
699 595
602 679
759 549
607 682
593 710
984 472
695 615
611 692
632 668
619 697
660 650
582 738
562 792
608 749
833 550
670 706
502 936
596 772
757 628
693 693
610 764
766 630
657 731
692 726
627 781
678 740
713 704
606 806
668 752
629 790
636 785
687 750
557 898
697 761
799 663
667 803
875 619
743 739
789 694
541 1000
823 665
648 865
595 944
701 827
745 797
672 878
763 766
644 913
857 696
706 832
798 754
718 837
684 895
747 822
721 869
762 817
796 787
738 853
838 757
764 840
845 770
843 774
731 907
800 815
659 1004
744 896
821 804
830 800
822 828
688 1022
1017 722
837 831
768 940
942 783
836 875
872 846
908 824
892 834
888 839
801 920
871 859
842 880
940 810
886 848
885 867
887 864
760 1041
751 1064
773 1029
865 909
894 902
839 957
952 866
883 933
964 872
862 964
986 854
882 959
1106 798
825 1030
831 1020
977 884
848 998
959 903
779 1163
980 924
919 1006
1003 934
910 1034
937 1015
1137 856
854 1108
847 1129
1145 858
976 985
815 1194
1084 911
1177 850
851 1158
1149 879
1000 1002
1206 844
917 1121
1142 922
1033 1012
1100 966
935 1151
936 1150
1101 979
1086 987
944 1154
1068 1042
1141 982
1008 1103
927 1199
1048 1096
841 1262
1081 1074
1163 994
1082 1085
975 1202
1042 1148
1037 1149
1121 1079
1146 1053
982 1200
1184 1013
1075 1153
1006 1217
1202 1033
1147 1115
1160 1100
1071 1192
1183 1081
1130 1165
1215 1065
1223 1058
1143 1185
1233 1051
1195 1141
1226 1118
1158 1208
1099 1253
1171 1236
1242 1097
1152 1247
1245 1128
1228 1215
1204 1240
1209 1264
1064082008 1701417931
1
sift 95
244 290
80 114
1115 1397
162 228
110 94
518 694
103 147
236 292
141 177
925 1142
297 188
300 251
249 309
274 301
272 438
292 340
293 364
543 490
353 353
394 328
600 678
384 360
420 351
889 1017
402 378
376 399
440 389
397 493
418 497
464 449
366 566
500 468
529 472
459 533
498 555
641 492
640 525
766 489
508 647
787 513
619 606
710 611
693 627
799 590
569 756
607 733
568 848
721 684
830 626
659 790
760 699
764 700
540 956
582 933
843 671
831 688
596 934
819 714
664 871
822 726
800 753
818 751
847 724
846 760
796 793
890 750
562 1094
752 892
959 736
612 1102
855 851
629 1153
919 834
1163 693
865 877
882 966
1100 840
1048 886
1160 846
1228 787
1033 964
841 1146
936 1073
1171 913
917 1174
938 1182
1121 1049
862 1349
1043 1170
1099 1176
1178 1127
1152 1286
1213 1211
1089 1392
1245 1372
1064082008 1745211470
1
sift 310
827 778
23 22
24 19
856 829
75 79
19 23
88 92
29 24
109 138
27 28
157 107
31 26
134 158
32 29
150 139
40 45
156 154
52 48
145 223
54 55
181 159
60 65
244 268
61 77
196 175
102 93
255 250
103 95
207 172
96 99
245 300
89 123
290 260
92 115
392 254
116 102
468 440
111 110
649 587
112 121
626 374
129 111
771 582
127 124
543 491
132 117
813 742
133 126
646 512
155 134
826 790
135 150
956 744
141 145
924 856
147 163
889 911
162 146
967 904
169 142
966 941
167 153
996 954
165 171
1207 828
176 157
1210 1100
175 173
1105 1000
168 182
179 178
149 230
217 179
188 190
221 189
218 203
198 221
281 170
242 191
300 180
236 217
209 257
206 266
284 205
241 251
232 270
273 245
256 253
262 255
272 248
249 283
279 263
317 273
293 293
292 298
297 312
310 309
268 358
541 232
335 324
334 327
254 399
388 304
366 326
353 344
378 341
384 352
397 349
424 355
372 395
326 465
394 376
440 364
399 408
395 410
423 385
406 409
439 397
486 361
427 431
476 375
435 428
458 398
492 387
463 421
506 400
496 419
464 456
505 429
547 402
499 459
611 393
461 499
517 451
455 525
623 404
488 489
535 457
606 424
534 483
481 544
528 495
477 557
514 515
572 470
569 486
595 479
562 502
571 507
565 513
494 580
612 506
998 379
582 540
600 534
657 496
636 520
602 539
529 598
472 721
688 503
644 559
687 546
593 602
598 603
619 599
765 516
641 601
568 664
744 553
697 586
554 749
724 581
731 575
608 682
584 710
615 683
680 625
898 518
669 645
689 636
672 668
678 679
710 638
665 688
656 727
1010 526
695 716
729 673
789 614
792 640
745 700
825 631
832 628
801 655
749 730
779 699
746 755
843 660
763 754
783 741
748 814
766 793
755 817
693 909
768 827
761 833
815 785
851 756
776 847
908 728
927 722
721 935
830 818
885 783
854 810
1053 672
848 835
738 994
1006 732
847 864
1032 726
944 815
845 879
969 813
857 887
1078 738
1033 780
886 892
1122 746
920 878
935 885
982 855
937 895
888 945
964 869
757 1146
1137 791
831 1017
932 937
838 1020
1069 842
892 980
1064 852
762 1213
1081 848
872 1005
816 1104
1027 893
917 988
1055 918
824 1201
1183 849
1129 884
1071 932
869 1160
879 1170
1169 875
1003 999
1030 977
912 1122
1157 898
931 1110
1115 943
953 1078
1142 929
942 1116
923 1182
1139 953
1084 984
1123 972
1026 1052
919 1208
1091 1029
1037 1107
1150 1004
959 1238
1219 944
1050 1131
1143 1031
1043 1172
1066 1139
970 1297
986 1299
1072 1190
1005 1326
1220 1015
1194 1079
1089 1218
1086 1232
1080 1255
1173 1154
1204 1099
1152 1205
1196 1168
1231 1092
1147 1320
1096 1410
1126 1368
1132 1400
1166 1324
1189 1310
1178 1328
1184 1333
1042 1507
1197 1411
1199 1471
1155 1506
1181 1490
1243 1521
1064082008 1811936640
1
sift 315
827 796
128 68
16 11
572 412
60 35
27 19
856 816
691 819
38 26
1057 1666
61 39
45 30
54 33
75 50
76 42
80 63
116 69
67 74
103 61
111 85
102 62
92 86
129 81
89 92
127 83
152 75
112 94
106 120
156 95
110 134
143 103
155 99
229 101
172 98
169 102
176 129
167 108
162 116
199 125
154 151
196 189
175 145
188 143
236 159
221 149
149 226
248 164
168 209
238 165
273 161
191 214
260 160
279 212
234 188
232 192
272 216
241 190
325 156
396 274
284 172
183 262
496 307
256 211
227 266
506 308
274 228
249 243
626 312
209 328
541 166
473 441
258 252
297 246
600 388
310 237
293 257
825 341
268 273
335 254
657 397
318 269
292 302
1010 440
340 280
411 261
1006 535
366 287
334 321
986 601
378 293
289 367
889 658
388 294
355 319
1012 624
354 320
440 270
1105 646
397 297
342 347
1115 698
449 284
867 230
1071 709
420 316
686 247
1091 763
394 340
486 288
1231 737
384 354
402 342
1203 807
423 335
367 370
1243 1108
524 286
476 298
439 343
448 333
510 311
481 355
442 382
445 381
564 330
489 360
483 365
475 369
497 373
326 653
395 508
535 379
435 490
463 459
406 569
627 385
455 495
427 593
513 448
493 478
569 433
528 457
534 453
488 507
499 498
470 547
641 435
529 501
540 503
606 477
587 496
604 492
562 546
570 540
464 671
593 578
628 561
596 597
556 631
619 589
670 554
667 557
614 595
494 700
629 584
689 558
565 641
713 544
979 439
680 607
582 661
659 613
741 567
698 608
688 614
687 632
939 502
847 537
789 572
566 717
656 662
731 625
669 665
1000 494
376 1645
779 612
745 634
638 695
557 776
763 633
819 610
744 650
776 635
678 707
707 692
584 789
952 563
1088 522
672 744
1137 521
568 859
854 637
908 620
834 657
821 667
603 844
822 669
800 681
831 666
830 673
815 685
837 672
559 960
851 675
693 800
635 884
666 849
801 712
865 690
887 682
729 786
863 699
748 787
757 780
843 710
838 742
1003 674
842 758
880 745
761 855
768 853
940 729
919 755
782 865
845 829
937 785
883 823
987 775
848 868
920 831
724 1096
703 1147
766 1051
882 911
927 886
959 912
1033 861
942 976
982 917
944 985
1050 890
833 1135
1121 858
909 1067
935 1076
1122 898
970 1075
1086 943
738 1521
1016 1025
1211 848
1030 1021
762 1461
1055 1012
1142 930
892 1222
994 1091
980 1121
872 1280
932 1210
1048 1070
816 1411
1081 1049
869 1301
1181 968
1171 988
977 1198
1166 1002
1178 997
1069 1105
1187 1015
1228 951
1186 1054
1169 1073
1037 1228
1152 1101
1145 1116
969 1327
917 1420
1026 1257
1194 1081
1157 1129
913 1503
923 1498
1129 1208
1184 1151
1234 1064
1004 1425
1066 1328
1075 1351
1196 1223
1151 1290
1150 1305
1220 1211
931 1758
1096 1519
1100 1575
1192 1460
1106 1689
1229 1410
1065 1790
1147 1731
1197 1628
1175 1861
1242 1641
1064082008 1865606473
1
sift 393
827 854
121 88
10 7
856 1234
48 25
16 8
128 85
17 11
51 28
26 12
902 522
31 23
60 26
42 31
966 609
46 34
75 50
54 24
924 635
50 42
116 78
58 55
691 802
77 46
111 95
85 47
967 682
80 61
129 93
93 67
835 1187
102 65
127 100
103 69
1014 1445
89 90
132 91
92 86
110 96
135 101
106 126
152 98
155 109
138 124
167 114
169 115
170 122
162 123
172 118
141 147
180 117
198 139
176 138
175 143
280 140
199 134
160 150
236 158
149 167
229 135
273 159
221 144
203 163
359 145
234 180
241 181
248 187
192 217
232 190
279 192
311 172
211 241
272 201
205 250
256 194
396 295
258 195
285 197
496 327
249 209
254 214
506 328
274 211
268 222
543 312
209 322
297 225
473 359
266 252
306 244
626 354
293 255
354 220
600 388
261 286
330 240
572 398
298 269
288 275
773 391
541 188
317 265
657 439
335 261
282 298
647 459
292 308
340 270
825 433
411 237
302 300
1010 529
414 239
355 281
986 551
402 273
373 282
889 648
351 297
289 362
1006 603
366 307
347 319
1115 736
409 279
334 335
1071 757
378 313
397 303
1231 764
344 346
440 280
1203 816
394 330
398 336
388 352
461 302
486 291
423 339
368 370
367 381
524 290
448 332
476 325
510 305
400 385
481 351
403 428
489 360
503 356
471 376
371 483
500 363
422 432
442 415
485 379
497 367
395 484
326 638
415 468
459 421
475 427
535 397
498 423
413 528
528 410
514 419
455 467
439 521
435 535
444 527
529 435
419 579
385 666
470 511
627 411
564 443
427 624
534 485
979 355
679 449
604 474
641 464
488 585
614 494
593 503
576 518
727 453
607 516
587 538
770 460
697 492
596 541
715 486
562 588
565 595
540 630
571 598
464 755
569 619
628 569
613 580
619 590
494 734
667 573
710 547
656 582
648 596
584 649
563 676
713 557
659 607
695 594
554 710
692 610
885 505
699 623
806 561
763 597
602 720
939 533
612 732
661 697
776 618
799 600
698 691
1000 532
557 812
589 785
588 786
952 548
678 727
830 613
559 843
789 643
744 684
512 965
527 949
672 743
800 651
822 642
693 746
831 652
821 661
893 621
976 587
837 668
669 803
887 655
819 695
834 699
731 769
796 724
748 759
729 779
865 689
1088 581
638 891
746 776
843 705
862 706
908 687
668 887
920 686
812 740
723 864
1003 671
802 781
707 895
847 752
815 777
842 760
766 832
615 1100
1137 636
851 767
857 766
568 1231
752 909
854 789
779 911
635 1186
848 827
795 894
791 938
721 1051
817 884
1048 739
845 861
919 799
883 847
762 990
747 1018
880 865
818 955
959 818
878 899
913 868
738 1161
743 1168
780 1094
781 1095
798 1057
1202 731
836 994
977 920
964 944
942 977
886 1053
1076 866
761 1275
932 1003
1144 835
1033 907
931 1093
1106 940
872 1198
1121 947
869 1206
888 1202
895 1189
1142 948
1040 1009
909 1181
1030 1024
1171 922
1072 1000
1181 905
1016 1071
910 1216
824 1377
1101 1012
1046 1097
1228 885
994 1147
1075 1066
944 1257
1217 953
923 1295
1081 1108
936 1288
1145 1077
980 1265
1055 1195
1166 1070
1211 1005
1194 1067
945 1383
1195 1086
1042 1268
1155 1145
1183 1120
917 1480
1086 1252
1069 1292
1037 1346
1087 1290
1184 1185
1043 1366
1186 1196
969 1485
1084 1304
1150 1273
1125 1316
1152 1327
1158 1315
1226 1214
1100 1395
1020 1545
1002 1574
935 1723
1157 1387
1220 1278
899 1823
1089 1502
1189 1368
1099 1497
1026 1619
1138 1498
1131 1516
1234 1308
1143 1602
1196 1577
1127 1693
1208 1546
1130 1713
1051 1867
1175 1716
1229 1613
1160 1821
1197 1770
1223 1755
1222 1762
