1076394345 1203176847
1
sift 184
97 86
3 4
436 392
113 77
7 8
189 87
15 18
1208 998
250 146
31 27
229 159
37 34
1394 1410
331 268
94 54
382 297
101 124
1530 1392
443 271
63 810
469 284
117 126
360 397
107 186
463 315
146 155
410 403
175 149
519 448
261 142
673 479
177 191
575 407
230 194
742 554
356 154
570 412
247 232
663 617
258 302
619 443
411 200
761 563
308 309
751 424
357 367
865 619
335 523
694 487
381 425
989 586
522 331
637 555
504 373
934 611
482 384
705 542
399 568
834 717
515 435
813 584
655 363
960 689
635 420
996 524
542 509
974 696
646 431
770 623
435 677
1124 654
544 536
718 1011
479 669
738 1035
553 592
1013 733
1379 329
908 860
534 628
1007 797
599 557
1121 890
689 535
917 864
704 560
1085 1077
521 787
1231 775
578 724
1384 1276
454 1066
1272 766
497 967
1411 1428
1020 518
1423 749
755 646
1665 1207
670 737
876 1211
626 814
1537 1600
779 714
1065 999
666 837
717 819
1671 878
612 1036
800 752
1664 930
1086 622
994 705
1632 1308
1052 681
806 914
1698 1279
1260 631
783 984
775 1019
723 1122
924 815
1045 756
693 1240
1050 759
1032 784
1064 779
1066 789
786 1134
1080 792
914 985
1256 747
1068 876
1604 658
1034 977
756 1486
1141 959
931 1220
1030 1118
1078 1082
1281 946
1109 1139
1105 1176
852 1722
919 1484
1201 1107
975 1424
1473 922
904 1704
1383 1005
1011 1440
1210 1152
1639 897
1538 1014
1345 1131
1460 1058
1657 947
1542 1041
1591 1038
1101 1551
1043 1734
1695 981
1438 1157
1163 1497
1493 1156
1424 1196
1211 1457
1559 1190
1128 1823
1494 1258
1250 1605
1576 1261
1378 1421
1238 1741
1215 1816
1564 1417
1608 1430
1598 1769
1551 1856
1656 1707
1574 1865
1673 1738
1713 1647
1700 1863
1076394345 1228518096
1
sift 78
110 76
86 46
436 334
148 98
94 51
216 99
411 259
229 242
406 297
312 372
432 361
469 483
340 484
700 531
719 322
742 541
504 487
1013 512
515 478
960 775
468 539
989 786
490 535
908 1160
654 456
1599 940
559 627
1375 1116
1017 412
1603 1011
553 724
1632 1506
636 678
1537 1835
635 687
683 728
1526 420
678 828
641 888
666 917
805 814
626 1175
858 929
882 963
693 1418
971 941
1176 825
783 1415
1080 1004
759 1609
972 1138
756 1705
928 1343
1690 789
964 1353
1105 1206
861 1649
1042 1358
963 1548
1501 970
976 1683
1363 1132
1088 1529
1056 1638
1137 1594
1298 1371
1214 1531
1047 1957
1132 1797
1559 1250
1249 1596
1163 1928
1538 1361
1219 1947
1193 1966
1578 1574
1625 1533
1571 1713
1076394345 1305823326
1
sift 55
102 126
62 48
927 466
402 387
229 127
312 158
256 193
848 587
724 399
397 344
220 1447
515 353
1066 832
742 500
637 320
705 378
1086 464
1458 846
865 477
694 434
770 480
666 757
1208 1049
989 429
843 502
834 583
1027 552
761 692
612 964
992 551
1080 566
960 650
605 1095
1423 589
717 870
1384 679
786 899
1375 785
914 844
1665 750
1201 749
942 1270
1105 949
1537 882
1011 1088
1065 1465
1163 1150
1411 1045
1218 1086
1632 1264
1215 1483
1551 1449
1560 1568
1598 1637
1649 1628
1076394345 1358582240
1
sift 74
250 165
4 4
425 363
10 14
431 511
13 18
673 494
86 54
700 522
94 61
537 739
262 229
668 612
406 210
865 898
170 943
1065 813
414 348
908 1012
340 463
1007 941
459 354
1603 858
480 391
1111 1246
465 420
539 411
504 468
515 458
553 550
490 700
666 528
468 785
874 516
635 749
683 805
773 742
1379 535
693 881
750 824
1080 751
872 911
861 967
723 1249
719 1283
759 1343
904 1158
852 1259
971 1119
929 1207
1145 996
972 1227
880 1383
1460 937
963 1458
895 1652
1047 1363
1089 1306
1163 1270
964 1742
1356 1157
1250 1244
947 1830
1235 1297
1676 1043
1137 1566
1088 1710
1232 1404
1113 1689
1156 1665
1426 1373
1484 1384
1560 1520
1549 1692
1076394345 1788219329
1
sift 78
250 175
94 66
361 208
109 151
312 425
89 568
431 587
188 179
589 527
245 163
668 565
262 218
700 620
237 338
1096 540
414 366
742 687
459 359
834 689
465 443
960 723
467 507
989 727
553 511
865 842
521 608
1007 990
747 456
1111 967
490 680
1149 968
559 583
1603 1208
468 757
1539 1285
1379 410
1411 1423
683 708
1632 1229
697 749
1664 1213
773 675
693 766
882 656
750 812
723 985
783 962
904 822
923 814
914 821
861 880
1080 751
929 870
1105 793
869 986
1034 840
759 1189
1141 815
902 1095
1145 884
1089 1110
1042 1154
1203 1032
1250 1003
1163 1144
964 1499
1137 1252
1211 1197
1197 1226
1232 1236
1305 1277
1310 1381
1690 1103
1560 1373
1551 1464
1578 1537
1574 1549
1707 1387
