1115818466 1636735110
1
sift 268
5 6
7 11
21 30
29 33
16 18
41 72
28 29
176 283
56 71
24 41
70 90
33 65
73 106
60 62
123 100
55 87
135 190
59 98
196 194
65 99
200 202
69 110
147 313
75 124
159 291
71 133
190 249
87 114
185 270
83 129
209 303
95 123
126 514
86 130
260 579
78 151
203 305
98 136
475 468
101 138
237 389
76 188
433 553
118 142
322 516
89 191
675 700
114 155
568 967
112 160
481 1236
108 181
522 1130
124 157
776 1205
130 189
582 1209
145 178
724 1564
138 183
822 921
133 192
947 1274
141 208
627 1146
136 211
780 1558
152 195
829 1464
157 204
156 221
919 1344
139 239
144 234
1068 1192
163 217
165 233
929 1884
151 287
161 248
171 232
162 271
172 260
208 311
183 386
220 324
229 314
207 374
201 401
191 430
216 359
285 319
246 397
242 402
249 407
300 361
304 367
256 448
286 434
270 474
269 518
333 440
289 473
321 472
318 527
303 607
338 532
355 507
340 535
470 419
320 590
313 612
361 542
486 425
343 596
339 608
327 639
312 677
362 597
377 584
364 616
358 641
386 600
372 675
380 663
408 622
382 728
384 723
430 617
335 884
406 706
363 816
549 504
379 812
1140 393
383 803
350 893
356 887
392 815
412 736
415 810
399 989
445 784
464 771
423 876
447 800
437 825
432 888
462 842
436 924
476 826
460 880
514 758
391 1262
441 1149
404 1550
469 1112
584 862
541 940
459 1160
559 948
548 972
512 1065
531 1036
692 772
560 998
562 997
485 1169
558 1023
483 1238
539 1116
633 949
492 1235
496 1196
553 1106
494 1255
606 1051
616 1070
498 1324
757 904
523 1314
810 919
579 1228
613 1171
612 1219
622 1189
578 1325
639 1200
573 1379
554 1486
648 1240
555 1568
635 1318
587 1588
601 1563
714 1254
620 1561
716 1290
684 1342
706 1310
1004 1058
689 1369
662 1468
769 1249
641 1670
720 1452
907 1212
623 1830
637 1819
778 1416
830 1346
649 1810
800 1406
751 1519
747 1556
754 1549
695 1735
832 1434
642 1910
768 1567
669 1860
752 1706
865 1509
817 1647
876 1503
758 1809
851 1675
790 1774
852 1683
813 1747
895 1591
950 1485
1177 1187
893 1653
926 1578
986 1488
861 1732
903 1680
989 1532
858 1799
932 1659
969 1581
961 1595
884 1753
912 1717
914 1721
980 1608
819 1887
975 1655
910 1765
983 1669
870 1844
931 1768
943 1771
887 1869
945 1793
964 1792
978 1779
1035 1711
1148 1579
998 1851
1003 1857
1153 1752
967 1924
1050 1902
1156 1798
1128 1839
1185 1703
