1150832366 1186326363
1
sift 347
340 289
24 28
0 3
62 65
28 21
161 195
33 40
109 78
39 33
229 164
51 45
119 82
50 59
309 150
85 42
129 120
69 58
177 251
64 66
142 102
67 72
243 212
76 114
170 146
125 92
267 210
106 138
227 194
120 118
273 268
131 113
230 290
122 127
314 242
144 117
202 448
143 130
295 306
151 131
435 215
78 1622
410 234
166 201
350 275
187 183
289 452
174 208
512 333
238 169
431 413
235 191
433 487
218 209
465 558
251 221
543 419
228 249
670 400
274 229
521 612
283 264
566 567
351 222
661 609
296 256
732 590
318 253
1484 443
285 286
1078 504
330 260
754 684
305 281
826 639
347 262
729 709
250 361
619 1348
443 230
931 697
421 288
1194 713
368 330
933 719
492 272
1064 926
420 325
1041 947
453 305
1073 1142
361 351
1156 1113
416 339
902 1473
455 338
795 1711
422 352
1298 1270
362 421
1360 1227
573 317
1517 1166
377 432
1628 1081
395 412
1341 1451
461 368
1176 1674
450 393
418 453
370 499
436 476
401 534
592 363
555 389
477 479
537 431
386 679
550 442
894 336
674 382
601 415
604 417
519 512
524 530
557 488
339 1513
586 497
561 551
633 508
610 564
553 671
712 493
584 648
629 615
724 547
681 586
684 593
708 573
662 636
711 578
676 623
828 510
688 633
605 721
776 579
635 726
686 688
703 673
726 675
1024 519
663 760
970 556
716 700
544 1077
616 877
618 886
842 640
758 696
906 620
825 653
655 905
720 772
857 680
772 745
738 773
677 890
750 778
1058 622
837 708
687 897
1068 626
792 761
1026 644
717 858
739 821
815 771
877 733
856 754
789 796
887 750
790 815
855 790
771 902
778 906
808 876
935 780
774 963
859 842
949 776
967 785
820 930
1097 728
1126 716
762 1042
904 840
844 922
1557 603
753 1093
1290 685
879 946
914 923
983 851
1091 798
930 953
1017 860
1037 856
990 916
1111 820
847 1063
1116 828
1146 817
954 1004
1052 908
1108 867
1061 903
1013 994
915 1083
1320 770
1261 793
960 1048
1102 934
951 1056
1253 823
921 1131
1302 814
1012 1052
1141 965
1467 768
903 1192
1177 954
1189 942
1123 1051
1213 981
1019 1144
978 1188
1424 843
1471 818
1056 1132
1081 1112
1133 1085
1217 1028
1118 1105
1101 1120
1094 1130
832 1485
984 1236
1169 1082
1306 992
1181 1076
1340 975
916 1422
1063 1213
1109 1198
932 1455
1119 1204
1295 1054
1652 849
1282 1072
1276 1079
1103 1256
1614 896
1289 1095
1124 1269
1192 1180
1305 1101
1129 1330
1363 1098
1200 1221
1625 961
1751 839
1134 1404
1417 1111
1382 1140
1082 1474
1326 1187
1160 1437
1084 1574
1566 1087
1269 1328
1230 1403
1660 1061
1422 1229
1400 1246
1330 1313
1499 1182
1503 1201
1220 1500
1356 1344
1468 1251
1741 1075
1463 1272
1437 1315
1494 1264
1596 1197
1370 1434
1348 1453
1182 1662
1665 1175
1604 1214
1458 1340
1313 1495
1600 1231
1590 1243
1245 1645
1523 1320
1474 1369
1402 1465
1559 1314
1542 1334
1421 1475
1412 1486
1645 1294
1406 1537
1662 1296
1637 1346
1639 1366
1472 1521
1509 1497
1547 1471
1401 1639
1490 1562
1619 1442
1703 1375
1570 1504
1704 1379
1443 1655
1433 1660
1709 1382
1676 1449
1505 1627
1678 1454
1560 1610
1651 1509
1504 1681
1659 1550
1534 1661
1564 1634
1545 1696
1692 1594
1724 1541
1707 1596
1664 1665
1653 1705
1599 1723
1551 1734
1738 1731
1150832366 1474416471
1
sift 611
65 52
8 3
4 2
140 124
14 12
32 20
340 279
52 35
33 21
458 354
60 63
35 23
556 503
103 78
39 28
743 727
91 50
43 26
591 567
117 93
51 33
800 766
109 73
49 37
1044 1126
161 145
50 38
1538 973
119 59
59 47
1142 1108
177 177
69 40
1460 1114
129 88
64 48
1367 1198
207 180
67 49
142 105
81 55
219 171
75 60
159 113
92 54
245 191
76 68
149 122
93 71
243 196
111 86
165 134
99 97
246 220
105 96
170 135
97 104
267 208
120 92
201 197
125 91
284 235
114 99
227 181
122 95
289 240
153 85
301 182
131 103
331 227
130 109
230 254
135 119
295 244
144 106
314 257
123 143
279 322
150 117
303 302
166 107
320 306
151 126
343 267
141 130
408 236
213 100
349 272
137 141
400 280
154 133
435 296
168 137
412 358
188 132
431 360
187 155
505 314
206 154
442 363
237 160
433 402
221 168
438 365
218 174
465 413
195 198
414 407
268 161
554 361
238 186
512 357
186 223
521 474
231 190
538 356
244 184
566 479
240 194
543 377
222 212
670 482
228 207
596 436
216 219
761 448
251 205
661 584
252 217
732 590
280 224
740 610
250 239
823 599
283 226
728 684
260 232
852 603
210 352
736 724
272 263
826 665
294 241
754 713
296 242
1164 546
304 245
933 607
291 255
865 691
318 261
931 655
319 268
733 829
312 276
779 828
330 281
795 931
351 270
929 756
288 329
1078 720
347 278
812 1005
360 288
1041 804
368 297
1064 798
361 311
731 1207
366 316
902 979
342 353
1194 796
362 335
1073 939
297 433
1076 1017
473 275
909 1184
385 321
1338 866
375 332
799 1481
305 445
1298 1299
376 340
1282 1020
492 274
1374 1256
404 330
1176 1127
395 337
1341 1294
369 366
1428 1419
364 372
1594 1478
370 368
1628 1235
389 351
1640 1540
455 331
515 301
416 371
454 346
436 367
418 394
422 390
401 405
460 375
434 392
421 414
461 387
450 410
603 341
477 412
437 468
457 458
451 471
597 364
417 531
612 374
517 434
571 419
557 437
604 403
555 443
572 447
537 469
513 489
522 499
558 480
651 429
636 438
585 467
592 466
722 401
496 581
553 500
561 493
690 417
601 478
519 557
510 574
580 492
667 453
620 477
386 975
673 452
586 496
562 525
544 552
567 535
610 504
584 532
578 543
616 507
639 506
614 530
615 550
668 518
577 604
645 538
681 512
629 563
593 589
588 606
540 681
682 524
632 578
638 572
704 517
663 556
635 587
680 555
600 646
796 487
672 588
662 612
684 592
712 571
624 690
688 602
676 622
683 615
605 714
718 586
675 637
677 650
703 620
790 558
686 653
735 598
717 625
721 634
575 860
655 723
980 514
828 573
716 659
776 600
726 674
758 654
702 704
806 619
827 623
793 648
692 749
822 636
767 677
940 579
859 613
771 687
792 672
745 711
860 638
855 645
1024 569
579 1067
844 657
687 813
869 666
938 640
824 694
846 689
884 670
837 692
954 651
813 726
874 686
679 922
946 667
762 812
753 831
789 769
815 757
895 700
897 701
775 809
970 676
820 786
797 826
856 761
877 754
906 739
835 791
892 752
847 779
841 783
808 834
1461 544
862 782
924 747
879 764
830 818
1489 542
910 776
898 801
887 808
935 775
916 797
915 817
1068 730
866 859
821 917
988 789
911 852
1016 772
966 816
715 1119
778 1021
873 889
1137 734
896 897
849 959
950 862
930 888
1015 830
1106 774
903 919
1130 762
944 884
1107 785
880 968
1496 632
968 880
921 947
985 887
1097 832
1061 846
904 987
983 908
833 1073
932 988
1111 841
1275 745
960 976
1059 883
986 951
1113 850
1013 921
1168 820
832 1113
1091 869
1125 855
1008 948
1353 731
1123 867
1101 877
1062 913
1011 961
1108 890
948 1032
1124 882
1021 972
1012 992
1052 970
1122 920
1037 991
1129 924
1146 906
1046 996
1092 964
1116 940
1086 974
1121 955
1056 1006
984 1060
1023 1033
1149 953
1170 926
1099 1010
1260 870
1028 1085
1288 864
1112 1027
1377 838
1094 1037
1118 1031
1048 1083
1336 848
1181 962
1051 1092
1148 1019
1134 1030
1120 1044
1287 901
1066 1106
989 1161
1109 1096
1217 995
1167 1035
1187 1023
1426 851
1110 1102
1141 1074
1081 1118
1617 792
1280 981
1546 843
1262 1013
1087 1156
1103 1148
1192 1071
1205 1069
1320 1012
1261 1041
1214 1094
1169 1123
1624 845
1450 936
1082 1220
1197 1116
1161 1178
1415 1015
1084 1279
1266 1111
1397 1034
1458 1018
1240 1146
1220 1176
972 1511
1238 1158
1633 930
1392 1077
1230 1192
1571 984
1063 1403
1200 1225
1566 994
1258 1190
1408 1109
1481 1066
1370 1133
1127 1400
1334 1157
1159 1357
1295 1202
1259 1228
1355 1180
1400 1139
1404 1142
1381 1164
1572 1057
1196 1330
1308 1237
1313 1239
1348 1221
1417 1166
1422 1179
1201 1401
1660 1050
1412 1196
1311 1272
1347 1245
1457 1169
1305 1285
1310 1283
1540 1136
1363 1259
1467 1195
1449 1214
1557 1141
1565 1137
1327 1321
1424 1238
1401 1262
1498 1206
1472 1219
1474 1231
1433 1264
1463 1246
1436 1275
1547 1205
1625 1150
1437 1293
1468 1266
1413 1322
1503 1242
1330 1427
1382 1383
1273 1527
1365 1422
1652 1181
1508 1276
1516 1271
1620 1208
1446 1362
1478 1319
1490 1310
1483 1311
1469 1343
1443 1393
1614 1241
1528 1315
1520 1341
1523 1360
1470 1428
1619 1289
1542 1355
1548 1349
1505 1405
1690 1236
1596 1346
1504 1450
1545 1420
1386 1608
1398 1598
1406 1583
1509 1479
1306 1685
1559 1432
1600 1395
1560 1439
1664 1344
1665 1338
1532 1503
1651 1389
1642 1425
1634 1436
1662 1404
1637 1442
1676 1397
1668 1430
1586 1521
1456 1665
1604 1531
1610 1528
1568 1594
1741 1385
1702 1472
1570 1645
1583 1656
1678 1573
1719 1518
1650 1624
1618 1653
1692 1581
1706 1570
1607 1680
1742 1515
1598 1689
1704 1602
1743 1547
1712 1635
1756 1461
1739 1636
1734 1678
1703 1736
1738 1740
1150832366 1523815439
1
sift 550
65 67
8 5
0 1
140 155
24 30
26 22
146 172
52 47
40 26
340 295
91 57
32 35
449 307
177 222
33 39
591 591
109 83
61 45
744 777
229 190
51 50
1538 1084
119 74
50 52
816 829
219 199
49 55
1460 1256
142 124
59 62
962 995
245 215
64 60
159 128
67 61
1044 1164
243 226
73 64
149 144
69 89
1142 1144
267 236
81 75
170 154
75 86
273 255
106 72
165 167
83 96
284 265
120 73
203 148
99 120
295 266
105 121
185 184
125 100
314 269
122 111
157 233
114 134
410 258
131 129
227 211
144 136
320 354
143 139
201 241
135 149
403 318
198 108
301 207
150 137
412 349
213 115
230 304
151 152
505 311
141 164
291 277
137 177
431 385
168 165
343 281
190 156
400 412
187 188
435 293
206 185
442 392
197 196
438 352
174 227
433 435
221 195
538 330
218 204
465 446
235 200
512 373
195 242
526 476
268 206
543 367
228 235
521 493
240 232
596 450
186 264
566 496
222 248
670 457
251 230
589 552
269 228
761 468
252 245
661 584
294 243
843 444
283 254
732 586
250 285
799 469
285 261
852 544
463 218
754 606
272 287
826 657
296 271
728 714
293 298
1164 540
319 276
933 638
304 294
1022 634
318 283
779 761
330 274
865 735
210 488
929 741
351 272
795 1015
297 328
931 743
312 315
1064 792
347 289
1298 684
288 374
1041 831
305 364
812 1088
368 309
1073 824
415 300
1055 838
360 334
1194 774
342 359
902 1056
366 338
1484 878
395 325
1353 750
363 351
1341 1337
492 286
1029 1320
361 363
1428 1334
404 331
1628 1114
375 347
1517 1370
370 372
1641 1552
369 384
1594 1601
418 342
453 323
357 415
364 397
420 358
377 394
671 279
515 321
416 403
385 426
422 407
455 369
434 398
454 387
417 423
460 393
461 418
488 414
450 439
457 449
600 377
573 400
452 498
477 474
603 409
522 455
572 432
555 453
550 460
586 447
592 443
557 467
537 479
722 404
548 483
560 484
636 448
509 534
576 480
620 462
513 553
601 487
561 516
562 517
531 545
612 490
553 537
568 532
580 538
610 527
584 555
567 593
496 737
614 546
593 563
588 587
668 524
615 566
604 585
632 577
629 583
681 543
711 542
662 601
540 760
605 678
544 796
663 629
676 607
667 640
1461 424
578 751
686 619
684 622
682 627
688 613
703 609
723 597
683 658
712 630
635 734
717 656
776 600
828 570
758 646
679 723
735 662
655 758
677 731
838 590
716 692
980 551
822 647
767 695
726 732
846 645
738 724
793 688
827 665
702 790
1168 541
837 669
938 628
835 679
859 666
771 736
884 663
739 772
1322 525
687 890
821 727
844 730
1024 643
775 791
855 740
895 729
857 762
841 778
1489 536
873 752
753 899
825 803
815 819
898 754
808 832
720 990
792 851
877 787
906 771
897 780
820 843
789 886
847 826
949 755
970 745
1068 705
914 795
862 828
880 820
935 805
1496 580
1130 720
830 922
1006 776
866 907
903 865
916 858
985 816
849 943
1106 749
911 874
904 897
1017 810
879 938
966 842
1037 809
868 961
1125 765
944 895
960 880
910 947
921 942
861 1005
986 875
930 962
968 924
851 1044
1141 802
1111 833
1052 866
1028 893
1036 892
1059 885
1205 782
1013 933
1050 905
1102 859
1061 909
1123 850
1394 726
1108 870
1062 921
1557 680
1146 863
1097 916
1021 972
1048 973
1301 789
715 1449
1122 939
990 1034
1148 917
1121 948
1056 1027
1099 987
1101 992
1120 977
1091 1010
1124 1002
1118 1017
1081 1048
1046 1083
1330 845
1112 1050
1181 965
1134 1031
1087 1077
984 1149
1133 1046
1170 998
1261 935
1287 919
1320 903
1169 1019
1326 906
1119 1094
1471 823
915 1271
954 1222
1217 1018
1382 908
1187 1040
1238 1014
1377 918
1107 1124
1051 1158
1192 1066
1539 836
1094 1151
1109 1150
1245 1064
1336 981
1282 1043
1129 1161
1110 1188
1302 1059
1415 968
1292 1067
1340 1038
1082 1239
1332 1063
1467 980
1127 1246
1191 1167
1197 1168
1295 1125
1266 1145
1199 1193
1515 1028
1546 1016
1149 1289
1214 1226
1481 1079
1289 1178
1610 1012
1408 1121
1397 1140
1276 1206
1444 1115
1290 1211
1436 1133
973 1686
1468 1129
1240 1301
1660 1045
1424 1159
1370 1208
1542 1116
1381 1218
1400 1210
1624 1099
1159 1494
1499 1160
1305 1296
1446 1198
1690 1092
1413 1238
1417 1230
1244 1422
1393 1253
1422 1234
1363 1279
1230 1466
1751 999
1570 1157
1659 1119
1412 1269
1604 1156
1392 1292
1311 1403
1463 1263
1259 1491
1625 1173
1508 1258
1540 1231
1622 1186
1469 1281
1365 1400
1437 1316
1741 1112
1401 1354
1472 1313
1398 1406
1223 1638
1523 1299
1384 1478
1458 1389
1495 1360
1386 1497
1457 1430
1509 1388
1406 1496
1373 1560
1313 1621
1756 1131
1665 1273
1545 1380
1534 1407
1501 1450
1478 1472
1548 1408
1564 1392
1421 1555
1454 1520
1474 1495
1645 1331
1554 1433
1633 1350
1614 1383
1662 1335
1470 1542
1596 1441
1505 1536
1528 1522
1532 1517
1433 1634
1637 1442
1692 1381
1585 1500
1704 1358
1708 1367
1486 1608
1533 1578
1653 1484
1651 1489
1574 1559
1372 1787
1547 1606
1561 1598
1586 1576
1556 1658
1642 1617
1702 1548
1742 1483
1593 1679
1568 1707
1583 1711
1678 1624
1740 1549
1676 1643
1618 1751
1707 1661
1703 1716
1738 1653
1668 1780
1712 1736
1734 1730
1743 1795
1150832366 1636735110
1
sift 63
12 6
2 0
405 186
66 21
177 124
52 32
129 66
1488 1247
112 72
223 129
320 211
250 138
465 270
228 218
431 311
252 207
442 352
347 206
521 324
1040 179
795 313
330 319
589 528
414 287
971 403
336 359
1073 553
522 416
1079 631
448 471
1374 516
662 407
1022 841
681 519
1065 921
716 518
1641 967
651 931
1341 1344
857 736
789 820
699 1014
820 806
827 810
1217 607
875 904
698 1261
1061 812
1094 795
775 1498
1014 1142
1062 1114
949 1238
1099 1116
1266 1155
1468 1065
1400 1149
1474 1141
1401 1194
1406 1791
1586 1580
1476 1769
1716 1538
1150832366 1716575903
1
sift 119
58 67
209 240
3 5
65 65
154 125
20 25
449 218
246 249
32 23
78 99
174 246
36 42
340 299
309 253
59 51
322 469
254 241
61 52
1538 546
1076 1019
73 58
666 970
296 269
75 92
1045 1362
1195 1334
95 117
1528 1140
318 316
89 138
134 130
422 382
167 170
308 147
460 424
197 223
221 228
537 574
218 234
172 307
601 520
240 230
277 213
684 768
206 293
269 291
842 1114
304 280
312 358
1108 1217
325 354
347 344
1363 1614
351 343
651 238
1463 1492
366 380
375 468
1417 1746
371 531
361 558
603 372
402 611
432 676
434 720
454 684
1720 302
562 527
615 506
437 849
567 803
513 1025
560 982
614 973
667 984
768 884
749 968
663 1177
792 971
946 867
827 1023
725 1230
785 1237
806 1301
906 1225
796 1423
956 1181
932 1295
1024 1165
1566 836
857 1480
884 1430
838 1546
847 1652
1046 1299
984 1445
877 1879
1091 1444
1137 1499
1097 1570
1061 1685
1017 1779
1069 1687
1037 1780
1148 1712
1305 1496
1126 1945
1099 2001
1170 1861
1134 2045
1407 1613
1471 1535
1467 1593
1302 1876
1469 1675
1217 2046
1301 1970
1625 1672
1652 1814
1150832366 1785851268
1
sift 815
58 67
7 8
2 3
65 81
8 10
4 5
84 103
12 17
21 23
209 219
24 21
20 26
340 331
52 64
28 33
449 353
40 41
30 32
556 559
60 78
32 37
591 575
70 83
33 38
744 728
331 119
36 43
816 771
113 109
43 48
962 845
161 176
39 52
1044 1089
109 122
37 74
1142 1028
171 188
49 59
1367 1152
119 131
50 60
183 195
51 61
142 165
57 62
169 225
59 72
149 163
61 73
162 244
67 82
159 177
73 88
207 213
74 85
170 184
75 90
219 227
82 95
201 232
81 96
229 234
80 97
227 237
77 99
233 250
86 93
243 258
78 100
245 259
83 102
323 248
89 107
273 279
90 112
279 289
92 105
284 285
93 108
289 293
101 104
314 287
95 110
295 304
94 114
309 303
107 106
290 317
97 117
303 321
106 118
320 324
102 123
400 315
108 120
343 345
114 121
359 356
111 125
349 367
115 127
408 360
116 137
352 446
122 136
412 418
123 140
431 411
125 139
442 423
128 138
438 419
126 147
433 459
130 146
465 470
136 132
554 420
131 149
520 464
145 141
526 499
143 151
538 469
133 162
521 504
135 159
543 509
137 155
549 521
134 166
566 534
148 153
589 595
141 170
596 551
147 173
619 587
150 172
670 629
151 175
661 662
153 180
1078 500
154 181
761 618
174 164
736 647
172 183
732 670
196 171
971 554
168 193
733 688
173 189
728 684
175 202
731 695
187 196
795 665
188 198
812 683
204 191
779 717
167 223
823 787
205 192
826 818
186 203
852 856
206 201
933 763
197 208
865 868
180 217
931 842
213 200
871 905
208 212
1022 862
200 220
901 1024
210 228
1064 921
218 218
1073 922
216 233
1041 959
222 235
1055 1013
221 236
1076 1015
228 230
1164 943
223 239
1030 1047
269 210
1298 969
231 246
799 1571
235 243
1277 1029
238 241
1194 1110
242 249
1156 1192
217 270
1271 1101
237 253
1150 1312
225 264
1399 1100
236 262
1345 1193
251 252
1374 1213
249 257
1431 1226
247 261
1353 1322
252 266
1447 1255
232 286
1428 1286
262 263
1482 1256
286 240
1448 1419
261 268
1553 1417
275 275
1628 1483
268 283
1595 1594
274 288
1736 1501
287 281
1641 1597
285 300
288 302
294 295
306 297
312 294
298 307
296 311
301 308
327 292
304 312
278 357
292 329
315 314
319 310
342 301
291 351
317 328
334 322
318 332
365 298
338 325
324 338
330 336
373 299
307 363
419 276
341 350
328 376
336 373
351 361
361 346
360 369
405 339
362 375
364 378
385 354
367 377
368 380
389 362
357 395
347 415
370 383
399 365
369 391
366 396
375 392
416 371
371 406
406 385
378 409
404 387
384 401
391 405
414 397
372 434
413 399
380 429
418 398
395 412
386 432
397 427
417 433
447 408
426 431
422 440
407 448
436 425
420 453
482 407
434 445
457 439
454 441
439 451
461 443
452 447
492 424
448 466
459 460
460 465
450 478
484 458
474 468
563 421
496 476
487 479
339 885
516 494
473 556
511 506
510 507
535 497
604 474
522 508
552 492
427 682
537 517
588 496
553 514
625 487
603 495
557 522
551 529
581 513
561 528
527 577
562 535
612 503
564 537
573 533
567 545
586 526
559 566
585 542
546 590
572 571
584 557
597 547
580 563
571 584
575 580
560 596
592 567
636 530
617 562
598 588
583 606
639 549
626 558
590 602
601 591
610 581
628 569
593 599
544 669
608 597
629 585
615 603
682 541
630 594
582 651
681 550
620 609
614 611
558 691
605 642
848 498
635 626
644 617
645 627
651 622
638 634
667 612
664 616
668 620
726 574
607 694
632 673
662 648
663 650
677 630
673 635
650 676
683 644
702 623
652 686
676 659
713 615
684 657
666 675
688 656
655 696
721 633
712 643
883 552
686 692
643 737
692 681
703 674
758 655
876 589
709 712
715 705
704 729
781 671
716 715
725 703
786 677
735 711
827 663
790 689
753 710
723 742
748 714
859 666
699 794
775 700
768 723
822 690
772 733
739 769
687 847
771 739
776 726
707 829
986 637
792 744
847 698
796 740
810 743
824 746
813 759
806 765
784 784
747 833
837 745
820 761
815 770
750 841
894 716
808 782
873 727
767 844
866 751
832 778
807 803
927 722
978 706
844 798
841 800
906 767
944 753
851 809
879 792
722 1002
821 843
855 828
836 850
884 813
860 839
818 888
864 840
880 827
846 861
924 804
862 852
914 824
838 890
911 830
990 772
943 808
915 848
916 849
956 822
877 889
983 811
898 880
908 875
963 826
938 864
989 819
1048 785
936 870
856 933
895 897
921 882
1068 774
897 898
955 854
892 915
975 837
948 871
930 893
872 937
834 998
861 961
1107 783
910 927
870 968
940 904
935 929
1178 757
952 912
1021 858
1015 873
961 926
994 896
954 945
925 997
967 952
968 951
1070 877
1155 815
886 1046
869 1058
1013 925
972 966
1197 807
1050 923
985 980
932 1041
988 982
1051 932
1049 948
756 1297
1046 956
1274 790
1111 909
1039 960
1116 908
1146 883
1016 984
1072 942
1091 930
1123 919
1062 957
1037 976
1019 996
1014 1001
1052 967
1024 995
835 1177
1113 940
1124 935
1141 924
1125 949
840 1200
1260 838
984 1056
1101 977
1092 986
1137 954
1023 1037
1061 1014
1506 749
1059 1019
849 1216
1112 989
973 1088
1106 1000
1093 1011
1082 1017
1134 981
964 1105
1202 910
1110 1010
1211 917
1108 1025
959 1128
1189 934
1144 999
1235 906
1315 866
1099 1043
1119 1036
1129 1032
1426 821
1094 1053
1056 1083
1109 1051
1183 993
1188 992
1118 1065
1148 1040
1120 1069
1058 1124
1121 1082
1192 1020
1138 1077
980 1212
1103 1115
1133 1094
1214 1026
1414 892
1152 1080
1191 1044
1475 865
1204 1050
1163 1096
1281 1008
1102 1158
1205 1062
1166 1118
1217 1085
1304 1033
1392 978
1366 1004
1320 1030
1159 1143
1210 1106
1169 1138
1012 1326
1185 1126
1180 1137
1168 1155
1060 1263
1167 1167
1280 1074
1238 1107
1128 1224
1287 1075
1261 1098
1288 1092
1258 1121
1200 1166
1515 964
1218 1154
1114 1294
1240 1151
1246 1157
1310 1103
1223 1170
1245 1163
1161 1254
1266 1160
1350 1111
1461 1052
1282 1161
1301 1149
1232 1214
1228 1229
1140 1361
1177 1277
1276 1183
1331 1148
1256 1219
1383 1125
1311 1175
1396 1123
1302 1190
1230 1269
1220 1289
1496 1093
1340 1196
1306 1221
1375 1188
1478 1119
1203 1366
1292 1250
1370 1194
1259 1299
1268 1291
1362 1215
1420 1174
1416 1186
1400 1205
1348 1248
1322 1274
1289 1324
1332 1260
1469 1176
1303 1331
1328 1303
1422 1217
1349 1284
1313 1333
1401 1237
1446 1209
1487 1180
1357 1285
1363 1283
1377 1306
1424 1252
1591 1139
1381 1321
1404 1271
1436 1247
1544 1178
1542 1181
1339 1365
1468 1239
1465 1240
1466 1242
1415 1292
1408 1316
1476 1243
1417 1314
1458 1268
1463 1265
1601 1171
1279 1471
1382 1371
1523 1234
1574 1201
1330 1430
1617 1187
1437 1343
1413 1362
1472 1301
1581 1228
1614 1208
1606 1211
1384 1420
1402 1403
1534 1280
1546 1270
1520 1310
1545 1279
1305 1531
1494 1357
1394 1458
1532 1336
1474 1394
1412 1449
1153 1636
1454 1426
1467 1414
1505 1384
1490 1404
1481 1412
1451 1450
1373 1523
1456 1455
1443 1477
1526 1407
1597 1349
1395 1529
1508 1446
1563 1395
1596 1364
1509 1447
1643 1342
1457 1499
1516 1461
1406 1549
1698 1275
1720 1257
1530 1459
1618 1386
1586 1409
1630 1387
1570 1436
1663 1359
1568 1439
1593 1424
1518 1505
1528 1504
1670 1393
1560 1493
1540 1517
1634 1453
1624 1457
1470 1589
1598 1495
1660 1451
1650 1475
1573 1525
1585 1527
1741 1373
1583 1533
1625 1511
1655 1503
1604 1548
1572 1568
1707 1465
1692 1480
1645 1526
1610 1559
1728 1460
1685 1512
1662 1540
1719 1489
1678 1532
1642 1573
1652 1569
1638 1590
1605 1607
1712 1520
1622 1596
1673 1577
1742 1516
1637 1618
1647 1625
1743 1550
1714 1593
1724 1588
1739 1572
1150832366 1861578657
1
sift 119
58 69
209 238
0 6
340 299
3 2
449 298
20 15
556 620
32 19
744 882
33 57
816 975
61 58
923 1269
59 60
830 1017
64 55
1142 1359
69 124
1528 1668
90 99
127 81
95 109
76 162
105 145
120 142
179 248
218 224
240 217
238 227
206 271
269 255
304 241
296 250
318 281
351 284
347 311
460 286
375 420
420 390
422 396
418 426
361 485
461 415
417 594
601 441
434 672
537 510
562 497
615 474
436 747
724 467
489 794
651 565
531 873
548 867
509 1027
684 709
614 821
954 612
689 799
785 760
605 1128
677 978
639 1076
702 963
616 1172
842 802
655 1150
849 840
725 1012
711 1066
663 1214
827 918
611 1443
906 877
925 941
857 1041
762 1196
956 966
796 1295
1213 917
1108 1009
774 1479
949 1148
1069 1065
903 1221
884 1267
838 1397
833 1435
1121 1095
1091 1131
1046 1195
968 1360
1102 1183
847 1619
879 1633
1188 1297
1107 1489
1124 1462
1051 1562
1024 1586
1196 1345
1100 1567
1292 1309
1052 1632
1264 1365
1248 1398
1320 1338
1363 1304
1258 1495
1463 1278
1417 1320
1471 1315
1599 1347
1337 1617
1436 1550
1458 1570
1301 1652
1150832366 1906096636
1
sift 800
58 53
8 3
0 0
65 59
12 8
1 1
140 125
24 28
2 2
246 263
40 21
9 4
340 326
52 44
15 13
591 618
60 58
32 29
744 727
70 74
33 30
816 876
74 57
36 32
962 968
103 108
43 33
923 1031
91 73
39 36
1044 1162
161 168
46 35
1142 1104
119 102
55 41
1367 1174
171 185
49 49
1538 1120
109 110
57 42
1460 1242
331 133
50 51
129 120
51 50
177 192
64 55
149 143
63 60
207 207
67 61
159 149
68 64
209 225
73 65
165 156
75 76
219 206
81 70
170 163
76 79
229 210
77 83
201 227
78 85
309 180
82 82
227 218
83 86
243 243
90 96
245 240
92 87
233 253
107 78
267 257
93 95
273 265
95 100
279 272
94 105
284 274
106 93
289 283
97 107
295 285
89 132
314 297
105 111
303 344
99 119
320 322
114 112
403 279
111 113
343 320
102 126
408 338
110 122
390 361
136 89
412 408
122 118
414 409
125 123
442 394
123 129
431 410
127 136
433 454
130 140
438 432
131 139
505 440
147 131
554 407
135 144
526 526
134 147
512 447
133 160
566 543
148 142
443 536
137 152
761 556
141 159
543 481
153 150
670 630
151 153
435 629
150 155
661 652
154 165
596 515
166 167
678 709
168 178
589 844
188 171
733 692
175 191
728 697
187 189
732 717
195 193
740 716
197 194
795 680
186 202
754 756
206 208
731 857
268 179
826 789
280 177
736 901
218 209
812 830
211 233
852 794
167 300
823 822
235 212
779 866
221 226
933 806
260 195
865 852
216 234
931 809
222 231
871 869
238 223
1164 753
249 211
1079 883
231 230
1030 886
228 237
1150 846
251 214
1064 911
236 245
1041 934
200 277
1055 992
240 246
1076 1029
269 215
1073 1078
419 175
1194 996
262 236
1282 1247
244 252
1374 1267
237 262
1482 1199
210 292
1399 1254
252 251
1257 1469
297 221
1341 1378
194 349
1447 1340
250 269
1448 1342
232 299
1428 1523
274 268
1595 1584
287 259
1736 1434
272 273
1640 1674
275 280
1628 1585
285 271
306 270
294 276
292 288
312 284
296 295
288 306
327 278
291 311
324 289
304 309
334 290
319 298
277 384
318 319
365 286
330 315
332 316
307 356
341 314
336 331
360 318
351 345
328 370
347 353
405 305
358 348
373 342
399 323
366 360
362 365
368 366
342 401
385 362
357 406
418 358
376 378
369 392
404 371
371 397
375 393
367 402
463 346
389 389
370 420
391 395
413 386
380 415
402 398
388 414
378 430
415 403
394 427
397 425
492 372
420 433
474 383
426 418
422 444
436 429
447 422
434 436
439 446
450 434
417 478
453 453
482 423
421 485
460 457
448 464
454 459
625 357
491 426
457 469
446 482
452 487
416 518
461 474
473 495
477 492
451 510
479 493
484 494
487 490
476 501
478 511
603 412
517 473
427 589
522 496
513 505
511 512
604 466
530 507
654 458
516 522
519 542
535 537
602 498
553 520
550 523
537 550
560 532
510 594
597 508
592 513
572 538
557 554
585 533
561 562
571 552
564 563
580 540
562 570
496 675
567 567
636 514
616 530
573 587
586 572
541 631
578 590
594 577
577 605
601 582
584 609
540 655
639 557
626 573
610 591
682 525
620 585
608 601
575 659
635 606
544 721
629 620
593 651
650 612
614 637
651 617
637 632
630 639
582 714
681 598
749 548
643 641
668 622
615 667
598 712
638 663
600 723
673 635
704 610
645 662
662 656
546 805
663 658
632 708
781 569
664 672
642 729
667 687
676 673
686 668
677 678
666 707
721 645
684 694
680 700
737 648
683 713
702 685
712 676
644 767
688 722
801 628
786 638
703 720
718 704
711 719
699 743
821 647
758 698
899 624
726 736
655 823
692 769
777 701
716 760
730 754
735 757
822 693
694 802
813 724
776 749
859 688
792 741
894 690
874 706
768 777
784 759
828 740
771 773
715 839
827 752
753 803
806 764
856 755
844 763
938 728
772 820
747 860
838 784
797 813
722 928
789 829
983 745
846 793
922 766
815 827
880 782
860 795
884 785
837 815
808 850
847 814
869 810
886 800
775 899
855 831
841 853
820 874
1414 627
954 790
863 849
906 817
924 812
892 837
939 825
810 938
916 842
914 843
873 867
935 833
835 920
1204 725
921 856
968 818
868 895
857 917
862 909
832 946
895 885
915 878
877 904
908 881
870 918
622 1462
707 1182
834 959
898 900
851 943
1048 808
897 923
836 980
963 868
840 993
978 877
943 922
930 940
1477 677
911 954
1035 858
1068 841
946 932
932 950
955 933
814 1090
1015 880
1178 792
849 1053
904 994
1036 887
960 962
1189 811
896 1050
985 966
948 1009
944 1024
1116 893
949 1022
910 1076
925 1075
872 1117
1028 961
966 1027
988 1006
1021 970
1091 935
1037 964
1146 894
1017 990
1137 921
1106 939
1120 936
1197 862
1061 969
1124 941
1052 987
1060 985
1062 983
1039 1003
1107 956
1013 1032
1012 1041
984 1085
1129 957
1019 1046
1086 989
1046 1042
1122 991
1222 907
1141 979
1024 1088
1256 897
1115 1013
973 1129
1235 912
1051 1071
1056 1087
964 1163
1059 1080
980 1152
1123 1036
1087 1062
1134 1039
1181 978
1099 1073
1081 1091
1119 1060
1070 1106
1163 1018
1110 1082
1111 1084
1170 1007
1211 976
972 1195
986 1188
1118 1097
998 1183
1049 1146
1094 1115
1144 1079
1245 981
1092 1130
1167 1065
959 1252
1168 1081
1084 1160
1082 1169
1103 1159
1117 1150
1280 999
1066 1190
1125 1148
1101 1181
1258 1035
1196 1089
1192 1100
1214 1093
1121 1184
1050 1233
1014 1259
1109 1196
1252 1067
1102 1203
1240 1092
1353 1001
1288 1048
1023 1274
1223 1111
1113 1213
1295 1059
1287 1069
1274 1074
1138 1201
1205 1133
1169 1173
1356 1028
989 1361
1148 1200
1217 1141
1444 986
1187 1176
1238 1145
1461 1008
1496 988
1219 1191
1185 1220
1350 1108
1202 1211
1361 1110
1322 1127
1209 1215
1320 1139
1159 1265
1220 1214
1315 1155
1161 1307
1210 1253
1261 1208
1323 1172
1266 1206
1377 1144
1302 1197
1539 1063
1720 952
1275 1228
1262 1243
1246 1262
1236 1285
1599 1049
1327 1217
1259 1278
1394 1194
1230 1339
1268 1292
1498 1149
1396 1209
1400 1204
1348 1246
1515 1153
1293 1296
1228 1381
1326 1276
1311 1295
1309 1302
1290 1335
1439 1222
1381 1268
1382 1264
1370 1288
1191 1520
1392 1275
1313 1351
1362 1317
1613 1157
1232 1493
1401 1289
1413 1280
1304 1395
1383 1325
1180 1595
1468 1263
1415 1303
1306 1426
1660 1165
1375 1360
1363 1376
1545 1227
1422 1309
1404 1326
1451 1294
1437 1313
1420 1345
1279 1524
1481 1299
1443 1341
1436 1354
1330 1487
1365 1448
1384 1443
1647 1223
1424 1402
1446 1394
1417 1420
1532 1318
1463 1389
1505 1344
1510 1350
1371 1527
1342 1559
1467 1422
1412 1494
1328 1605
1347 1591
1509 1414
1504 1421
1408 1536
1474 1460
1406 1539
1610 1331
1572 1368
1453 1513
1475 1472
1523 1423
1373 1601
1442 1538
1671 1300
1441 1561
1433 1572
1655 1347
1606 1399
1624 1379
1521 1495
1597 1412
1454 1564
1508 1519
1469 1546
1366 1676
1494 1533
1455 1571
1556 1466
1555 1499
1534 1535
1547 1521
1596 1467
1656 1429
1651 1436
1690 1396
1604 1498
1476 1627
1625 1500
1620 1516
1536 1592
1617 1526
1586 1544
1528 1620
1486 1659
1670 1473
1694 1442
1548 1608
1652 1532
1643 1545
1395 1791
1711 1476
1728 1459
1559 1660
1719 1491
1593 1633
1676 1543
1662 1576
1618 1628
1490 1756
1458 1790
1452 1796
1659 1603
1564 1704
1600 1669
1622 1683
1583 1718
1581 1736
1570 1748
1637 1707
1590 1757
1642 1716
1724 1614
1634 1730
1714 1645
1742 1587
1698 1677
1665 1720
1706 1671
1645 1754
1638 1765
1702 1706
1751 1551
1712 1735
1748 1665
1739 1700
1685 1797
1727 1767
1732 1781
1740 1771
1708 1807
1683 1818
1743 1812
1150832366 2095558067
1
sift 125
556 515
70 81
21 22
209 195
20 34
59 50
591 557
246 216
61 51
225 268
269 243
89 65
743 819
309 322
78 80
322 280
562 425
77 86
800 780
1076 885
95 111
830 855
115 132
962 994
134 118
1044 1018
308 128
1142 1111
197 199
1310 1315
240 191
277 182
1528 1378
206 238
365 275
304 332
380 288
366 293
361 432
482 458
434 588
432 600
454 583
437 742
477 651
567 587
507 740
550 837
564 831
611 800
560 967
614 889
605 939
666 833
638 931
655 914
943 672
667 955
749 818
677 951
768 828
624 1118
711 917
699 971
663 1102
790 865
801 876
849 890
1273 667
796 1011
925 906
750 1114
762 1147
827 1051
785 1176
1036 996
982 1064
1213 891
810 1298
907 1156
847 1319
884 1287
857 1338
1046 1113
1051 1127
879 1341
1193 1029
1048 1163
1196 1044
873 1427
861 1485
974 1275
877 1449
1091 1160
944 1371
986 1302
956 1369
951 1503
1069 1308
1125 1278
1249 1135
1138 1307
1082 1434
1097 1463
984 1629
1119 1441
1220 1310
1024 1628
1170 1403
1137 1491
1261 1323
1202 1424
1240 1416
1111 1703
1300 1480
1305 1464
1469 1300
1259 1675
1471 1525
1197 1758
1325 1713
1315 1735
1697 1352
1301 1746
1334 1737
