115006752 136395905
1
sift 69
223 221
99 95
127 143
317 272
130 167
142 146
358 361
195 207
277 254
344 266
340 383
305 474
384 732
480 587
502 630
562 633
458 991
590 689
576 870
606 888
697 830
797 855
623 1221
914 837
923 864
810 988
681 1286
713 1177
818 1004
727 1193
741 1174
737 1209
701 1295
764 1170
865 1040
749 1224
794 1136
841 1202
709 1629
913 1190
960 1157
932 1232
857 1449
879 1408
987 1251
1110 1087
868 1562
1049 1258
919 1514
897 1519
855 1687
1099 1292
952 1724
1136 1369
996 1708
1357 1213
1339 1322
1072 1784
1008 1818
1610 1277
1211 1693
1398 1506
1493 1439
1523 1522
1333 1735
1422 1734
1705 1470
1368 1801
1630 1705
115006752 251570085
1
sift 565
297 298
16 11
21 17
138 120
20 20
23 16
362 320
52 31
33 26
563 539
106 62
34 24
81 86
40 33
746 661
89 82
38 36
94 93
45 42
761 759
113 112
55 44
121 110
59 41
800 819
114 125
58 49
122 119
64 54
144 128
62 58
129 124
104 55
154 141
86 68
178 186
79 87
157 216
67 96
198 164
103 70
186 183
96 88
199 189
109 74
227 165
105 102
197 208
112 98
213 211
119 109
229 203
127 108
223 220
125 116
257 235
128 117
251 292
145 105
286 242
131 115
290 248
132 127
267 273
91 287
274 280
142 133
268 289
136 146
287 268
147 150
292 285
205 113
283 338
180 137
358 304
177 144
317 368
160 187
404 301
183 162
332 375
173 175
373 371
172 204
390 358
196 177
318 526
190 197
759 247
193 205
369 418
195 199
515 319
208 190
401 404
218 195
450 406
226 209
510 405
214 229
451 477
221 234
437 509
271 194
511 416
228 228
517 451
241 218
456 558
255 210
569 492
216 294
544 530
395 168
520 662
256 258
607 615
278 246
611 645
259 271
598 669
280 257
519 840
262 284
796 550
308 237
603 770
330 236
685 685
281 286
646 745
343 232
539 995
294 282
698 709
331 250
809 753
277 311
617 940
325 260
731 921
295 307
652 1128
320 324
807 863
321 328
910 865
397 269
906 873
348 325
1092 738
309 383
1181 800
346 331
994 990
314 381
953 1059
329 365
995 1102
324 373
1214 950
340 361
1108 1168
341 364
1081 1332
384 323
1177 1252
367 340
1403 1159
365 345
1367 1268
339 399
1518 1208
391 334
1489 1291
398 330
1558 1381
364 354
1417 1553
351 390
1406 1571
323 456
1353 1704
402 350
1444 1676
379 397
1420 1712
399 387
1515 1669
443 351
405 417
389 437
462 384
347 547
463 400
356 545
430 432
368 529
458 415
393 524
441 467
414 510
296 971
540 395
497 424
371 616
524 423
465 500
427 572
485 476
469 507
498 472
457 537
507 475
500 504
477 540
453 582
577 446
493 521
501 516
543 480
512 519
499 560
596 479
473 605
546 531
535 556
552 548
622 513
561 568
525 627
541 600
537 606
555 596
528 638
752 468
636 542
578 601
579 603
572 614
625 569
623 575
609 585
654 565
630 581
593 626
548 688
687 564
689 570
608 635
600 648
612 640
635 611
649 632
733 567
606 676
509 866
638 659
601 712
530 843
643 687
527 879
662 663
575 799
683 653
645 701
675 674
650 702
705 643
741 613
727 637
671 704
711 664
616 788
699 681
682 723
574 927
709 707
708 741
663 817
869 619
795 665
774 698
694 785
736 729
718 752
744 727
722 793
830 695
700 827
726 823
729 826
760 820
841 731
788 789
971 683
772 833
776 831
676 1012
755 874
777 847
826 787
845 783
749 885
948 722
794 838
870 781
877 777
815 822
801 842
840 806
977 730
983 742
990 751
792 946
837 886
882 856
814 908
822 907
810 925
797 965
992 796
997 801
832 926
930 861
1010 794
1083 734
846 937
968 845
817 968
865 914
1461 608
901 881
979 850
955 867
889 906
887 922
946 883
861 967
905 938
897 941
914 936
989 876
903 943
879 970
1058 829
972 910
1066 824
998 892
834 1040
974 929
973 939
853 1041
982 957
947 977
952 976
894 1004
875 1039
969 985
926 1016
935 1013
939 1011
1028 948
949 1018
1062 904
923 1052
778 1221
964 1030
1223 805
1226 809
1015 989
1040 973
988 1021
962 1053
911 1101
1053 975
1039 986
932 1107
838 1179
1016 1034
1009 1069
1027 1046
784 1363
1031 1057
1001 1119
1216 894
1176 930
1217 901
1008 1123
920 1191
1711 711
1342 844
1123 991
1119 1006
820 1393
960 1190
999 1161
1097 1045
1133 1001
1045 1125
931 1260
1025 1166
1088 1098
985 1224
1145 1038
1500 846
848 1459
866 1427
1170 1025
1431 878
1077 1146
1182 1043
991 1276
1334 962
1168 1078
1017 1235
1159 1085
1137 1115
1213 1048
959 1401
1488 899
1143 1124
1261 1029
1005 1338
1131 1140
1233 1066
1056 1237
1033 1350
1302 1047
1109 1201
1197 1136
1113 1219
1095 1257
1049 1388
1098 1261
1064 1364
1222 1162
1196 1177
1238 1153
1287 1132
1414 1064
1042 1516
1139 1284
1449 1077
1234 1188
1152 1280
1118 1360
1179 1245
1251 1195
1185 1262
1327 1149
1262 1194
1317 1155
1186 1303
1313 1193
1249 1267
1311 1205
1411 1176
1351 1210
1219 1398
1263 1333
1284 1300
1158 1496
1359 1241
1436 1197
1457 1189
1256 1370
1292 1323
1709 1079
1328 1292
1231 1441
1297 1331
1193 1522
1600 1152
1252 1443
1381 1296
1198 1548
1277 1411
1365 1313
1369 1319
1273 1434
1338 1372
1485 1254
1148 1680
1332 1426
1473 1299
1126 1743
1609 1207
1305 1499
1019 1783
1373 1437
1407 1408
1486 1326
1545 1265
1270 1584
1435 1405
1401 1435
1438 1400
1151 1742
1446 1402
1628 1231
1385 1461
1368 1487
1443 1423
1547 1310
1307 1558
1306 1569
1346 1535
1293 1588
1552 1328
1425 1463
1640 1244
1325 1564
1530 1371
1572 1343
1164 1762
1459 1484
1255 1720
1672 1270
1482 1479
1526 1449
1521 1468
1445 1562
1371 1636
1698 1297
1510 1533
1357 1686
1534 1526
1511 1555
1484 1582
1555 1511
1573 1500
1462 1614
1397 1688
1533 1563
1471 1632
1657 1430
1712 1368
1575 1539
1735 1230
1528 1615
1577 1570
1494 1672
1517 1681
1568 1622
1585 1644
1699 1544
1584 1687
1505 1744
1608 1666
1679 1589
1687 1577
1661 1609
1730 1491
1694 1611
1630 1701
1593 1732
1722 1597
1706 1670
1643 1745
1707 1706
1684 1725
1668 1777
1718 1769
115006752 304795499
1
sift 99
225 429
1 0
17 24
35 41
92 68
103 133
120 109
118 116
128 108
112 135
127 142
130 164
131 190
174 159
195 198
208 243
202 262
254 348
339 252
310 337
344 313
308 379
352 386
379 358
340 458
453 433
411 475
389 578
469 469
480 606
384 831
594 500
434 759
555 539
545 555
498 647
502 717
542 679
561 662
431 955
505 854
613 742
458 1121
660 708
773 618
781 640
512 1125
602 947
638 931
697 855
663 910
1192 611
797 865
883 828
623 1275
972 833
914 887
713 1194
884 948
632 1492
923 957
810 1051
722 1254
814 1078
749 1251
741 1283
764 1303
1044 987
865 1169
887 1168
993 1116
818 1314
833 1388
960 1253
786 1650
1128 1115
868 1604
1140 1178
879 1645
1110 1272
1152 1255
889 1758
1223 1231
1049 1538
1148 1378
1116 1467
1064 1693
1017 1795
1072 1766
1357 1447
1211 1726
1339 1649
1368 1663
1398 1719
1648 1555
1428 1803
1425 1823
1523 1820
1610 1849
115006752 476880634
1
sift 74
302 451
77 78
45 41
94 75
138 118
178 170
142 135
223 185
804 143
213 275
231 255
317 315
281 292
373 435
723 388
539 421
579 428
510 500
531 540
544 599
638 494
563 570
813 468
569 673
606 667
659 590
561 786
603 806
680 680
746 683
637 831
1285 528
642 896
761 795
865 706
1318 625
757 794
907 957
502 1481
732 1365
700 935
807 1218
716 983
1405 1123
1231 719
1417 1171
801 995
1498 1179
895 955
988 925
964 973
882 1051
984 968
1175 904
844 1240
868 1213
799 1489
889 1410
1262 1012
1463 944
1714 862
1116 1230
1303 1184
1146 1392
1536 1122
1624 1126
1664 1127
1519 1289
1254 1582
1399 1570
1704 1350
1593 1573
1577 1599
1733 1337
115006752 528510916
1
sift 53
94 74
31 31
178 159
45 32
138 112
142 149
213 297
131 168
223 175
231 234
317 338
282 300
268 567
399 292
373 478
358 434
510 617
388 439
659 627
723 399
603 700
409 663
807 1325
680 619
746 684
606 707
1417 969
715 682
761 709
637 828
1405 1148
1285 545
800 797
896 833
1318 637
732 1343
700 1098
844 978
988 916
882 1009
1231 784
984 952
889 1335
1184 1048
931 1437
1536 1143
1481 1267
1381 1449
1522 1390
1647 1384
1704 1331
1577 1471
1587 1509
115006752 579717169
1
sift 160
16 36
45 44
81 64
109 72
106 132
142 134
153 152
191 258
178 156
341 168
199 205
336 293
223 196
310 317
213 265
314 328
251 250
305 417
283 233
389 377
289 241
321 486
282 252
384 544
317 287
486 471
257 329
579 451
287 308
638 502
386 302
531 591
358 342
723 478
456 303
735 480
759 261
458 784
373 393
462 777
437 371
606 571
520 425
500 769
510 443
561 716
390 569
550 760
758 407
552 766
592 573
650 690
626 583
643 705
659 582
814 547
603 696
623 754
511 867
662 744
685 772
741 676
809 640
681 775
1285 593
960 572
1318 689
818 635
807 1000
642 826
907 1098
637 841
1108 1021
832 679
1421 874
690 828
1444 894
757 798
1181 1069
920 692
1417 970
774 795
1405 1080
700 861
1214 1297
865 735
502 1483
887 756
716 900
767 857
1039 707
913 806
949 792
753 968
1049 781
788 978
1227 741
882 923
993 898
911 996
964 949
860 1061
868 1086
798 1213
801 1234
1113 947
1191 889
889 1245
847 1303
863 1293
1088 1176
1494 960
1339 1051
1571 941
1262 1115
1062 1330
855 1735
1115 1288
1368 1062
1613 953
1427 1054
1463 1053
1184 1253
1145 1300
1297 1162
1532 1047
1523 1057
990 1668
1649 1008
1305 1221
1689 1007
1238 1310
1303 1259
1284 1289
1196 1412
1176 1458
1229 1401
1134 1557
1122 1661
1234 1508
1258 1492
1117 1808
1644 1243
1507 1341
1536 1370
1171 1819
1408 1511
1587 1360
1399 1580
1328 1685
1679 1422
1655 1509
1283 1938
1457 1776
1359 1908
1500 1805
1521 1794
1530 1854
1709 1831
1715 1916
115006752 670484749
1
sift 85
8 8
21 26
119 85
52 74
31 28
89 109
45 45
128 126
115 131
112 90
219 97
131 86
162 138
213 211
142 164
286 240
147 189
205 142
369 399
226 255
511 382
242 244
235 261
520 579
314 368
595 565
256 251
262 306
599 625
325 390
611 614
299 357
351 437
995 735
400 448
915 956
339 473
1263 263
1214 773
375 905
759 1381
469 487
489 619
695 1727
561 554
1366 891
612 498
573 756
1558 904
606 548
1177 1544
649 587
1016 866
1489 1294
549 732
769 747
985 944
643 1086
1187 668
883 1326
774 1025
701 1279
1179 1034
788 1112
815 1151
1141 1181
992 1106
1271 882
1355 895
1449 867
1131 1142
870 1596
1439 1023
1346 1091
1143 1308
1570 1077
1584 1136
1320 1314
1495 1195
1475 1243
1273 1554
1404 1485
1546 1392
1425 1639
1550 1736
115006752 936120456
1
sift 100
302 522
16 48
45 52
1192 1066
178 169
77 81
223 193
109 84
213 269
142 154
283 233
192 391
282 261
336 311
317 297
486 365
287 329
723 401
358 385
579 463
373 408
638 538
437 387
606 615
319 620
563 685
510 503
561 748
659 590
637 791
603 794
865 698
511 1293
453 1585
746 778
642 885
1285 562
552 1099
761 870
757 809
1318 680
1026 702
852 894
502 1455
807 1092
949 772
907 1001
700 942
809 1144
716 1030
1444 808
882 890
1417 911
988 864
1089 1239
896 899
1405 1090
1231 761
1260 1916
993 976
868 1139
1368 863
889 1243
1207 932
931 1332
1116 1164
1297 1019
1284 1044
1463 969
1649 918
1074 1341
1532 994
1427 1059
854 1844
1146 1314
1305 1194
1330 1183
1262 1266
1536 1182
1408 1287
1481 1241
1624 1211
1582 1260
1520 1319
1556 1333
1242 1658
1381 1496
1618 1351
1343 1595
1327 1678
1283 1756
1475 1558
1313 1732
1587 1515
1490 1705
1715 1484
1655 1570
1593 1688
1577 1874
1704 1763
115006752 1029832138
1
sift 267
15 16
21 28
50 69
109 73
106 108
118 99
110 98
112 117
121 129
142 122
153 135
131 152
168 128
196 189
178 149
192 255
185 160
226 238
197 175
281 211
223 184
280 276
213 217
278 281
268 202
336 264
251 208
348 293
306 193
347 315
283 203
314 350
229 266
321 353
282 220
427 343
289 223
414 298
287 269
345 446
316 253
498 327
298 295
419 380
386 292
384 449
456 312
590 383
373 360
431 518
437 349
527 433
470 348
391 650
390 463
635 422
735 359
402 681
758 401
458 583
450 689
602 465
511 603
531 519
745 458
500 564
592 548
512 558
607 545
516 601
544 643
606 506
598 608
723 476
626 585
552 597
659 550
561 600
866 471
638 555
658 587
643 561
809 492
637 632
732 638
662 616
685 709
647 641
908 552
660 652
759 837
623 696
807 870
676 684
1285 675
690 688
906 958
741 634
1108 911
755 626
1318 827
624 763
1353 852
681 711
1177 1050
749 637
1405 1035
737 668
1417 1062
733 677
1732 1787
644 772
801 625
675 750
632 796
716 724
757 714
833 653
722 759
972 621
776 739
911 649
818 704
903 660
763 756
700 810
832 719
753 775
865 730
709 855
952 703
1039 663
882 754
788 822
986 728
949 748
687 1100
868 830
928 811
887 842
841 869
815 901
789 944
1109 735
960 807
857 889
988 823
875 898
863 935
971 858
831 982
913 907
975 876
859 993
1040 838
948 916
979 891
889 971
934 952
1110 794
1032 875
1026 883
1079 843
964 969
798 1167
930 1056
955 1066
1049 972
931 1163
826 1279
1397 834
1191 942
1062 1095
1235 941
1113 1059
969 1277
855 1439
1131 1099
1211 1045
1497 873
1427 915
1357 955
1088 1210
1242 1065
1159 1122
1339 1015
1368 1005
1072 1273
976 1468
1224 1125
1176 1165
1648 906
1320 1082
1284 1105
1425 1046
1494 1031
1305 1131
1297 1138
1196 1235
1373 1111
1134 1316
1533 1038
1371 1136
1238 1257
1428 1123
1261 1237
1311 1205
1213 1295
1137 1384
1594 1057
1216 1320
1262 1265
1582 1080
1146 1426
1630 1113
1123 1603
1459 1232
1583 1162
1170 1538
1601 1170
1463 1251
1523 1226
1234 1488
1185 1575
1565 1213
1283 1455
1120 1740
1475 1301
1271 1504
1392 1378
1473 1350
1486 1339
1439 1390
1618 1261
1520 1345
1359 1491
1481 1382
1649 1284
1332 1568
1567 1359
1264 1670
1465 1462
1635 1308
1254 1694
1646 1325
1668 1312
1564 1416
1657 1348
1455 1530
1259 1757
1351 1665
1704 1332
1580 1452
1334 1703
1577 1466
1624 1472
1505 1635
1534 1658
1679 1499
1598 1671
1590 1728
1696 1626
1715 1625
1619 1774
1578 1796
1713 1786
1658 1802
115006752 1150832366
1
sift 450
7 12
2 0
138 140
52 53
4 4
20 40
23 26
563 556
50 66
34 33
54 91
31 39
761 743
171 202
46 46
89 62
45 51
800 800
178 229
55 50
81 119
62 67
186 219
86 81
129 129
103 69
227 177
148 76
114 160
105 125
197 245
130 105
144 149
127 120
213 243
124 122
154 170
125 131
223 267
132 135
157 301
131 143
219 331
142 151
199 227
205 127
261 265
137 190
229 201
180 139
257 273
141 197
267 291
160 221
286 284
183 187
290 295
215 200
283 314
195 239
268 343
196 235
251 410
208 218
274 349
226 228
376 323
271 195
264 435
218 251
306 505
231 240
373 412
228 274
369 442
241 252
332 512
256 296
390 431
278 285
450 433
214 406
511 465
330 250
401 543
262 318
456 670
294 298
386 843
281 330
569 521
277 347
544 566
324 305
437 761
246 443
607 661
331 342
520 823
395 297
519 929
321 368
611 732
397 312
539 852
314 395
659 826
346 366
698 729
340 418
595 1022
367 369
646 931
384 361
809 754
391 362
685 934
429 357
731 1194
339 460
617 1353
341 492
807 1065
402 389
1092 795
443 370
907 1041
379 422
695 1484
360 455
953 1055
398 416
995 1156
436 377
1378 881
365 454
1214 1074
399 462
1011 1360
419 453
1260 1176
478 401
1318 1150
347 573
1081 1628
462 436
1403 1341
463 450
1367 1374
458 477
1177 1737
427 555
1489 1428
468 509
1518 1500
414 592
441 572
512 489
469 537
394 674
485 519
507 522
499 531
516 524
457 621
498 550
434 667
500 557
477 601
493 586
531 568
543 560
546 561
524 604
636 510
577 562
430 894
552 610
733 496
622 553
553 616
494 708
548 643
573 633
535 669
625 584
609 629
561 681
537 719
608 676
612 685
649 662
639 672
701 622
650 683
630 712
727 638
662 703
654 711
606 776
711 686
682 716
741 663
683 735
600 846
675 758
869 605
705 726
575 1024
709 750
841 655
509 1322
767 717
718 772
616 970
830 677
753 738
689 838
579 1139
878 675
697 857
850 702
722 820
909 679
700 855
694 884
713 877
826 739
1614 515
729 893
664 1068
788 815
774 837
736 906
772 841
764 862
768 874
765 880
815 808
785 859
870 775
757 935
950 762
948 771
845 844
1004 745
802 887
1461 588
801 916
702 1130
990 774
895 831
823 914
799 951
832 904
921 833
749 1091
968 821
601 1557
889 879
916 868
755 1106
690 1290
754 1146
956 872
930 911
817 1017
997 847
1066 789
792 1111
970 896
858 1006
955 930
929 948
901 966
810 1097
914 985
960 968
833 1126
1100 817
887 1061
922 1028
897 1052
875 1101
949 1013
912 1067
883 1121
1072 903
972 1038
952 1059
892 1127
911 1120
1010 1012
1117 888
932 1148
973 1122
1053 1021
853 1287
846 1323
1176 921
1001 1152
1043 1092
822 1377
974 1188
1084 1036
923 1261
1216 945
1088 1081
1158 989
1223 954
1009 1205
1008 1217
1091 1112
1039 1181
1236 965
1012 1250
1186 1011
962 1320
1017 1238
1120 1119
1159 1056
1137 1109
879 1471
1133 1118
1261 984
1080 1169
1095 1162
920 1436
1358 932
1027 1302
1175 1105
959 1422
1045 1282
1383 947
988 1396
1500 915
1213 1124
1222 1134
1145 1192
1033 1424
1068 1361
1077 1340
980 1546
1099 1305
1488 986
1131 1266
1217 1197
1562 974
1144 1301
1025 1540
1075 1450
1234 1230
1143 1330
1034 1565
1109 1404
1212 1269
1449 1103
1484 1084
1431 1129
1287 1214
1323 1182
1252 1259
1283 1245
1113 1468
1139 1418
1151 1408
1359 1200
1056 1626
1470 1160
1286 1280
1259 1334
1638 1082
1249 1363
1493 1170
1179 1463
1098 1614
1152 1508
1311 1313
1313 1311
1330 1310
1227 1458
1167 1525
1262 1400
1474 1240
1253 1423
1168 1542
1351 1348
1547 1201
1338 1370
1163 1616
1328 1402
1292 1446
1365 1382
1148 1652
1284 1472
1373 1413
1198 1665
1297 1524
1309 1516
1293 1539
1407 1437
1709 1196
1459 1412
1312 1545
1385 1494
1678 1251
1270 1624
1231 1690
1251 1660
1528 1398
1438 1505
1446 1501
1368 1596
1577 1406
1640 1365
1397 1590
1609 1401
1497 1503
1425 1570
1575 1433
1598 1421
1346 1664
1530 1509
1546 1474
1555 1491
1483 1563
1572 1493
1702 1384
1534 1548
1445 1642
1526 1560
1305 1742
1593 1528
1428 1676
1381 1732
1263 1756
1672 1504
1519 1678
1600 1604
1608 1637
1517 1719
1520 1725
1713 1534
1584 1692
1738 1376
1680 1659
1582 1741
1694 1669
1727 1618
1730 1634
115006752 1186326363
1
sift 700
297 289
7 8
2 3
302 341
20 19
19 18
15 27
21 21
47 48
27 26
56 52
31 33
89 65
33 32
70 75
35 39
81 82
34 40
114 91
38 34
98 115
41 42
106 100
40 47
113 96
45 45
110 99
48 51
121 116
55 59
129 120
58 61
153 147
68 54
135 144
59 67
149 187
64 66
179 154
62 72
178 164
78 64
185 171
92 79
159 203
84 86
197 190
82 89
199 194
87 88
213 212
105 92
223 210
97 107
204 228
119 93
200 274
104 110
227 251
118 104
229 246
112 112
243 239
120 106
251 234
117 123
279 226
125 113
268 250
127 118
267 248
128 119
283 242
123 126
257 268
130 124
275 275
132 122
306 263
148 114
282 287
131 130
289 278
136 129
287 296
142 131
290 306
160 136
286 318
145 167
292 314
184 134
298 309
167 151
316 300
166 152
342 320
162 156
332 333
165 159
386 292
172 157
369 316
182 150
318 371
173 162
358 364
188 176
373 378
195 168
416 388
183 183
390 413
180 197
401 419
189 189
437 414
192 192
456 400
196 191
470 427
214 180
403 521
202 211
442 477
201 216
450 487
208 209
510 467
217 220
511 558
272 199
517 557
228 229
556 495
226 249
714 444
236 240
544 567
246 230
569 612
248 233
651 527
285 219
598 608
256 256
611 590
262 253
607 609
296 235
603 661
325 224
659 639
277 262
745 568
312 232
588 741
281 260
658 663
310 247
669 656
255 302
646 697
278 286
685 720
280 304
758 625
313 266
617 807
303 301
698 709
321 284
731 713
341 272
728 738
324 281
809 684
329 295
751 739
308 319
862 789
344 291
908 795
328 312
807 927
336 321
957 850
347 317
1037 803
351 325
965 883
331 347
906 948
330 361
910 1022
348 342
835 1086
360 338
953 996
396 327
944 1146
345 366
1108 978
314 412
995 1113
398 339
1155 1015
352 374
1081 1081
366 367
1086 1084
333 429
994 1212
384 351
1181 1038
379 352
1011 1227
375 365
1089 1250
430 336
1285 1069
410 357
1214 1141
338 457
1177 1211
340 453
1499 1074
414 363
1366 1148
399 369
1606 1135
393 381
1353 1286
409 391
1444 1254
388 399
1405 1292
425 384
1092 1711
424 392
1420 1350
427 389
1388 1452
391 421
1260 1674
405 407
1432 1641
367 454
1489 1601
389 428
1478 1654
349 483
411 416
417 422
457 394
441 408
463 393
402 447
436 432
431 456
429 465
477 415
465 435
469 431
481 426
475 436
480 439
518 405
460 464
530 406
524 417
498 442
462 476
458 479
443 499
448 560
526 460
554 449
502 486
500 488
472 541
478 534
493 497
485 512
525 480
541 473
587 461
490 547
725 397
497 545
590 466
512 542
494 573
680 445
527 543
548 506
534 537
531 553
572 507
545 549
546 551
583 500
575 519
579 516
335 1558
552 564
630 493
535 600
555 585
561 586
567 602
616 556
594 571
606 579
601 603
613 593
609 615
608 623
654 578
591 645
610 631
720 532
676 574
623 634
635 618
638 624
650 629
643 633
624 647
683 605
649 636
663 627
655 637
622 671
660 642
453 1160
693 632
671 649
580 763
641 682
662 673
736 620
647 698
553 877
675 696
690 685
681 699
704 676
697 680
827 596
711 688
917 563
773 640
856 584
891 572
744 693
713 733
618 917
718 745
716 755
755 718
765 710
747 725
774 708
687 815
709 778
700 790
812 687
741 760
699 822
776 740
771 754
820 706
753 773
757 780
707 859
833 716
810 728
749 798
794 761
802 750
788 771
868 722
797 768
754 817
763 810
871 731
722 930
767 858
792 820
866 764
903 742
784 841
615 1208
811 806
921 757
837 792
954 746
764 931
826 821
832 840
902 785
838 836
817 860
814 866
739 1030
847 848
815 876
861 830
962 770
923 793
879 818
830 890
853 861
791 962
983 784
823 923
805 944
841 905
863 880
845 922
860 899
884 870
894 867
865 921
991 808
880 907
887 903
905 892
897 908
972 854
973 871
1027 814
889 946
930 925
798 1057
948 902
942 932
939 942
1033 843
692 1368
988 909
928 983
955 953
911 997
960 955
979 935
938 985
1189 753
964 965
1016 901
949 994
990 963
936 1025
882 1051
1065 864
975 1010
1002 972
952 1031
1032 940
982 1013
950 1042
1042 945
840 1136
1118 853
875 1120
1008 1028
1098 896
1056 960
1192 812
855 1158
1148 849
857 1161
1040 1011
1028 1036
1043 1029
997 1063
1076 974
1010 1052
992 1093
1060 1033
1026 1055
1078 1021
858 1259
1231 869
1110 998
1039 1076
1045 1072
987 1143
801 1422
1062 1060
971 1189
1306 857
1009 1159
958 1230
1047 1123
1125 1044
1050 1129
1080 1082
1299 920
1217 1005
1223 1004
1014 1209
1088 1112
969 1281
1099 1101
1293 939
1191 1037
1138 1071
1247 1016
1126 1099
1068 1171
1115 1126
1127 1108
1053 1217
1133 1105
1072 1192
1139 1109
1292 1012
998 1337
1356 979
1049 1290
1159 1132
1251 1061
1079 1233
1352 1019
1082 1237
1176 1131
1200 1118
1119 1203
1208 1130
1238 1102
1145 1180
1147 1177
1249 1098
1137 1198
1113 1251
1198 1175
1184 1186
1094 1304
1157 1218
1382 1092
1185 1240
1123 1332
1664 954
1393 1094
968 1669
1310 1137
1143 1313
1211 1245
1256 1195
1179 1272
1365 1140
1170 1318
1213 1269
1168 1334
1182 1324
1201 1305
1261 1236
1262 1246
1277 1235
1212 1328
1071 1600
1357 1191
1335 1205
1414 1169
1582 1075
1227 1340
1422 1170
1226 1357
1368 1197
1161 1446
1419 1183
1359 1221
1222 1404
1224 1406
1561 1115
1315 1277
1234 1403
1397 1243
1297 1319
1457 1213
1162 1510
1327 1309
1385 1264
1268 1407
1497 1201
1339 1327
1449 1256
1320 1356
1347 1354
1287 1425
1228 1514
1407 1315
1242 1489
1539 1225
1370 1380
1429 1323
1431 1330
1338 1434
1600 1214
1369 1410
1371 1414
1083 1717
1257 1538
1401 1389
1328 1465
1351 1453
1284 1521
1465 1362
1358 1455
1398 1430
1532 1297
1263 1583
1259 1592
1271 1569
1311 1495
1596 1261
1445 1401
1525 1336
1302 1543
1494 1378
1428 1449
1411 1460
1512 1383
1657 1249
1470 1437
1549 1341
1536 1370
1305 1606
1475 1441
1546 1369
1576 1351
1283 1645
1425 1504
1608 1346
1376 1580
1342 1612
1459 1486
1511 1459
1519 1454
1409 1567
1583 1411
1486 1493
1589 1432
1462 1556
1533 1476
1396 1618
1565 1457
1530 1497
1346 1665
1312 1696
1645 1413
1643 1419
1520 1542
1484 1574
1355 1676
1637 1436
1594 1467
1648 1433
1438 1627
1598 1475
1617 1471
1567 1517
1507 1604
1555 1561
1526 1610
1577 1537
1638 1474
1624 1491
1592 1535
1482 1634
1590 1578
1584 1594
1644 1531
1682 1468
1649 1528
1554 1626
1619 1597
1635 1589
1607 1621
1652 1582
1628 1608
1681 1529
1485 1705
1675 1563
1680 1550
1523 1701
1618 1632
1609 1639
1575 1660
1655 1611
1585 1663
1668 1637
1672 1681
1674 1695
1713 1661
1720 1667
1718 1720
1740 1728
115006752 1474416471
1
sift 648
297 279
7 7
1 0
77 52
16 12
21 16
302 347
52 34
24 14
138 124
56 44
32 20
492 354
54 50
34 21
563 503
81 59
31 28
89 73
29 31
746 647
94 78
33 26
106 63
40 29
761 727
110 79
38 32
113 98
45 33
800 766
129 88
55 38
114 112
59 37
1206 943
149 87
58 39
144 122
64 48
1522 1089
154 135
62 49
122 214
86 55
1728 1114
157 182
97 53
186 171
67 76
199 181
79 71
197 191
104 56
227 177
119 70
213 196
105 91
223 208
112 89
229 197
148 68
219 227
127 92
250 237
123 94
268 267
130 96
267 255
125 103
286 235
128 109
290 244
126 121
292 243
145 99
274 272
131 110
283 257
132 119
287 265
142 126
264 296
136 132
289 293
147 137
306 314
162 138
358 302
167 151
318 361
180 142
332 357
177 148
404 305
192 140
373 358
165 163
390 360
160 168
401 377
205 136
415 404
172 160
450 402
183 155
437 448
173 166
451 436
193 161
470 415
190 183
510 408
195 185
511 413
208 174
456 482
202 211
416 546
216 193
517 439
218 205
544 479
214 215
569 474
231 194
520 599
226 207
592 545
228 213
539 603
221 225
607 584
241 217
598 596
271 198
611 590
238 222
603 626
255 212
519 756
322 203
646 655
256 242
658 639
222 327
685 608
262 261
659 665
280 234
698 683
259 288
617 731
277 278
728 743
281 281
651 899
305 262
731 796
308 263
809 713
330 239
807 799
296 300
906 803
329 284
910 828
341 274
994 878
272 350
695 1601
321 297
1092 931
303 318
1045 1020
320 321
759 1566
344 307
1214 938
314 337
1181 1055
299 362
965 1390
397 276
1108 1187
346 316
1081 1235
348 325
1177 1189
331 353
1260 1127
384 311
1432 1201
360 331
1367 1256
339 375
1558 1147
351 355
1476 1209
365 346
1388 1295
340 394
1542 1299
391 335
1405 1435
396 341
1403 1445
367 366
1353 1500
323 432
1420 1460
324 445
1489 1419
327 456
1444 1475
402 351
1732 1548
453 328
436 339
430 348
398 371
379 390
399 388
388 396
419 378
443 368
420 393
505 334
462 367
424 400
395 433
393 452
417 428
427 443
458 412
414 466
463 410
441 447
434 453
452 438
478 405
524 403
497 425
457 476
469 469
500 437
494 458
488 462
477 478
473 480
516 454
512 459
479 522
493 496
531 473
507 499
489 561
546 493
425 740
535 519
552 504
525 534
553 507
580 489
601 484
561 512
528 547
577 525
555 537
622 500
548 568
578 543
623 506
537 585
575 569
541 593
527 632
572 578
625 532
585 582
609 563
630 571
636 574
612 591
606 600
591 630
590 641
608 622
687 558
639 588
628 617
643 602
649 612
650 615
610 667
648 628
676 601
683 598
600 689
662 620
616 676
741 556
727 572
645 672
733 581
593 741
675 654
671 663
604 732
682 659
413 1644
647 705
700 645
716 636
711 653
694 670
709 660
574 875
704 673
663 729
767 625
785 613
708 700
699 742
763 682
768 686
740 703
713 754
830 650
736 739
760 702
702 762
747 715
774 692
729 753
845 657
878 637
722 786
653 937
776 747
755 774
757 775
771 761
764 782
788 757
850 704
777 765
772 783
794 759
841 723
869 714
948 687
839 751
693 982
706 945
801 797
817 771
749 869
922 717
802 808
939 725
792 841
990 698
814 810
754 906
836 807
810 832
815 834
889 764
822 838
780 876
1004 711
791 881
888 792
870 809
1082 681
833 856
901 816
865 844
896 818
904 821
726 1056
837 872
851 870
861 864
1223 651
887 846
950 812
997 779
882 867
853 901
875 877
930 852
989 830
905 871
992 831
884 890
946 861
914 887
832 987
983 847
1461 606
1066 769
952 883
909 922
960 880
883 955
955 888
969 896
941 928
949 921
897 970
872 1001
968 917
973 920
979 915
1005 895
1002 904
1119 793
988 925
856 1061
848 1082
1015 911
932 1019
972 990
929 1032
962 1012
911 1044
923 1041
820 1135
974 1022
797 1195
947 1038
840 1131
998 1003
1062 912
921 1073
1008 995
1010 992
1038 959
1039 962
866 1122
1043 964
1072 919
935 1093
1053 972
913 1106
964 1074
1075 936
1106 918
999 1064
1156 886
1009 1069
1040 1051
1226 873
1213 882
1216 885
1019 1105
1115 997
959 1179
1091 1027
1176 947
1186 961
991 1182
1025 1136
931 1257
919 1274
1034 1137
1133 1031
1159 1006
1083 1088
1017 1158
1500 817
1056 1151
1088 1118
1080 1123
1227 1018
892 1400
1145 1071
1222 1030
1137 1096
985 1300
1185 1052
1286 981
1131 1111
1033 1238
1109 1142
1151 1109
1192 1086
1431 924
1095 1177
1182 1102
1358 988
1042 1278
1229 1081
1251 1050
1261 1060
1217 1116
1139 1168
1488 951
1591 905
1158 1161
1098 1241
1148 1181
1287 1094
1099 1285
1113 1266
1049 1421
1136 1252
1219 1194
1262 1139
1302 1124
1234 1192
1259 1157
1179 1246
1152 1276
1268 1175
1126 1342
1338 1133
1231 1236
1252 1228
1201 1302
1284 1219
1168 1355
1409 1140
1249 1259
1303 1217
1198 1338
1143 1427
1449 1148
1184 1398
1474 1146
1351 1221
1311 1239
1256 1316
1359 1225
1326 1248
1255 1328
1490 1154
1309 1271
1396 1222
1211 1433
1313 1272
1273 1325
1459 1196
1330 1283
1473 1204
1197 1486
1283 1365
1292 1362
1308 1337
1297 1361
1196 1543
1436 1263
1407 1293
1346 1344
1373 1322
1401 1304
1369 1327
1263 1461
1277 1447
1368 1346
1497 1242
1238 1528
1435 1306
1312 1420
1546 1231
1365 1383
1484 1279
1658 1165
1617 1205
1503 1282
1254 1558
1357 1426
1642 1202
1398 1409
1471 1357
1638 1220
1305 1515
1428 1397
1575 1264
1486 1348
1438 1405
1609 1262
1457 1403
1625 1254
1555 1309
1445 1425
1534 1349
1480 1417
1350 1559
1456 1451
1593 1315
1332 1576
1347 1568
1429 1513
1462 1487
1465 1491
1526 1439
1547 1401
1375 1593
1637 1334
1553 1438
1572 1418
1530 1479
1464 1552
1517 1518
1608 1442
1514 1545
1583 1473
1709 1330
1640 1422
1568 1494
1425 1645
1619 1468
1519 1573
1592 1489
1629 1459
1657 1424
1704 1385
1528 1598
1533 1590
1600 1531
1694 1431
1672 1450
1735 1261
1577 1583
1487 1662
1584 1581
1679 1523
1510 1687
1687 1505
1594 1639
1730 1436
1630 1638
1653 1622
1722 1521
1613 1669
1696 1585
1674 1619
1661 1633
1663 1632
1740 1320
1506 1724
1550 1720
1698 1667
1727 1653
1731 1706
115006752 1523815439
1
sift 747
63 68
7 10
1 0
77 67
16 30
2 1
225 181
20 26
4 3
138 98
52 46
19 29
297 295
54 57
21 24
302 301
81 74
24 19
362 307
89 70
32 35
746 690
106 80
31 38
1441 944
98 126
30 41
762 777
113 104
35 36
121 113
34 39
852 815
114 127
33 42
149 122
27 49
1728 1256
144 144
40 45
122 184
38 48
154 154
45 50
219 119
55 52
157 207
59 55
178 190
62 61
186 199
64 60
179 229
69 66
199 211
67 85
197 215
101 62
213 226
85 71
227 222
86 75
223 236
78 82
229 241
92 79
318 223
104 69
250 256
97 77
257 255
87 99
267 277
103 89
268 281
91 117
264 293
109 91
283 269
96 108
286 265
105 100
290 266
108 105
287 275
112 114
292 284
116 109
289 297
111 123
306 311
123 112
279 312
130 121
317 322
125 129
342 330
126 131
332 373
128 135
358 335
148 107
373 349
131 139
369 392
145 134
403 355
132 149
390 385
136 157
401 367
142 152
415 422
139 160
442 399
147 165
386 444
161 146
450 435
176 150
451 450
162 170
470 434
167 173
437 468
166 182
456 457
160 195
510 429
165 191
416 540
180 178
511 446
177 180
517 464
183 188
759 402
188 197
544 496
193 206
569 493
190 208
539 544
196 200
592 558
195 205
607 584
208 204
598 598
496 130
611 586
205 227
595 634
218 230
519 741
214 237
603 654
226 235
626 642
228 234
659 657
231 232
685 637
221 250
658 699
236 239
651 717
241 245
617 750
255 248
646 743
271 242
728 677
256 271
698 715
278 261
809 606
240 306
731 774
262 283
695 878
281 274
758 864
280 278
807 793
277 289
910 761
322 259
906 830
248 334
953 838
304 279
908 1001
308 287
994 978
330 285
1181 814
296 313
1214 825
341 286
1108 957
329 300
1092 1015
321 309
965 1260
344 303
1081 1114
272 389
981 1346
314 325
1366 975
336 333
1417 1023
313 357
1177 1190
348 323
1155 1244
340 342
1478 1089
331 359
1089 1436
346 338
1542 1154
324 364
1388 1336
397 315
1405 1385
351 358
1420 1376
345 371
1476 1338
323 410
1489 1334
395 328
1444 1395
339 393
1285 1614
320 426
1353 1564
423 327
1281 1705
361 370
1515 1670
347 400
1603 1646
392 351
1732 1479
380 361
1440 1806
375 368
365 387
367 384
384 363
379 407
398 403
396 409
405 408
443 372
399 417
433 388
424 405
436 394
417 420
460 381
429 415
393 436
327 548
419 430
414 443
505 382
425 442
441 432
427 453
540 365
448 440
452 448
463 439
457 463
526 419
465 458
458 474
493 447
494 449
469 479
480 470
534 431
507 455
473 485
498 460
370 660
477 487
516 452
500 467
484 481
497 478
488 489
468 534
501 510
509 525
499 545
528 518
634 465
546 516
535 523
601 490
531 532
522 550
490 596
552 527
577 517
555 530
545 549
525 569
561 543
527 580
524 585
597 526
580 553
557 578
541 604
572 577
622 537
548 612
574 592
739 488
453 898
624 554
654 542
610 572
752 497
609 583
575 643
606 600
647 565
635 581
571 661
602 611
648 571
608 607
585 655
614 620
612 623
600 645
649 601
474 951
590 675
630 630
587 685
643 613
591 674
662 609
684 594
689 590
650 658
675 646
506 950
578 751
579 763
711 619
709 624
676 664
683 662
616 745
690 671
694 663
716 647
681 693
663 704
741 629
670 706
653 746
699 702
775 649
767 656
702 720
708 729
678 768
705 732
774 669
700 740
784 667
697 762
733 737
753 724
763 716
713 787
736 771
755 749
869 678
760 781
776 753
839 709
891 681
772 778
830 731
722 843
747 817
845 730
861 713
757 805
1093 588
857 721
655 1035
765 820
764 828
909 723
718 930
826 772
833 764
841 758
788 819
754 863
823 795
792 833
858 776
968 727
917 742
817 810
850 790
948 736
791 853
794 851
870 791
815 832
856 804
801 858
844 834
814 852
1023 734
865 822
903 798
777 945
837 857
926 799
749 1010
879 823
914 816
840 871
832 897
810 916
822 918
964 802
726 1098
882 850
972 808
950 821
901 842
1009 782
1461 587
836 940
797 980
884 870
853 919
811 956
897 866
887 909
778 1061
930 874
922 893
997 826
895 923
889 938
939 900
1082 760
952 885
883 948
932 917
989 854
1015 835
866 974
923 935
849 1006
962 903
971 896
674 1364
875 992
820 1058
949 933
960 924
905 959
894 970
982 911
916 961
992 899
973 939
911 977
931 971
955 962
1040 876
946 990
983 960
1144 789
988 967
1028 934
1072 865
1066 886
928 1071
947 1047
1006 984
1005 999
1083 891
974 1039
1039 965
1008 1018
1062 949
1017 1014
1053 972
1192 827
812 1204
919 1132
1016 1053
1187 847
969 1102
1027 1059
998 1096
1018 1074
1061 1009
848 1221
1045 1043
1038 1069
999 1104
1138 941
991 1122
1216 894
1080 1019
1293 836
1064 1063
1077 1038
827 1304
1176 942
1088 1048
892 1246
1091 1050
1133 1017
987 1179
1226 954
954 1237
959 1234
1042 1148
1033 1159
1159 1027
1145 1066
1213 1002
1119 1095
1365 908
1110 1100
1229 1011
938 1314
1222 1031
1238 1012
1056 1172
1136 1097
1200 1052
1230 1030
1021 1227
1050 1191
1025 1231
1113 1129
1191 1076
1242 1032
1488 875
1116 1146
1251 1045
1131 1145
1151 1121
1170 1108
985 1345
1014 1297
1168 1116
1231 1092
1137 1150
1109 1176
1060 1251
1283 1064
1049 1317
1270 1099
1493 998
1263 1131
1196 1183
1182 1188
1139 1229
1206 1177
1217 1168
1261 1149
1099 1296
1031 1461
1268 1152
1143 1261
1429 1085
1152 1258
1126 1302
1614 989
1101 1342
1223 1222
1098 1383
1179 1263
1327 1153
1282 1186
1262 1210
1157 1305
1235 1241
1198 1273
1302 1185
1334 1169
1271 1217
1277 1213
1292 1198
1224 1283
1162 1349
1287 1226
1278 1243
1425 1157
1522 1117
1359 1192
1338 1208
1431 1161
1249 1279
1193 1405
1201 1398
1340 1252
1227 1389
1373 1238
1413 1214
1284 1313
1297 1300
1352 1295
1256 1419
1234 1466
1680 1119
1349 1321
1711 1110
1459 1269
1312 1380
1315 1390
1339 1374
1313 1403
1252 1491
1407 1316
1500 1271
1335 1423
1385 1359
1347 1415
1505 1277
1474 1301
1455 1315
1559 1250
1582 1236
1418 1350
1273 1512
1305 1483
1331 1471
1368 1441
1392 1438
1375 1456
1638 1239
1437 1410
1333 1501
1473 1378
1401 1458
1398 1474
1503 1361
1490 1396
1446 1450
1255 1642
1594 1309
1530 1388
1528 1406
1486 1444
1514 1432
1534 1408
1311 1621
1545 1416
1585 1372
1470 1493
1609 1354
1584 1381
1438 1536
1357 1607
1332 1650
1642 1356
1325 1683
1416 1605
1640 1400
1608 1442
1698 1333
1574 1480
1546 1495
1643 1424
1536 1523
1445 1617
1669 1394
1577 1496
1428 1643
1464 1615
1649 1454
1523 1574
1307 1776
1693 1391
1571 1525
1593 1522
1713 1407
1494 1626
1533 1594
1555 1570
1583 1554
1519 1624
1644 1505
1598 1555
1648 1504
1589 1571
1702 1478
1656 1516
1550 1630
1511 1693
1463 1741
1655 1529
1657 1528
1575 1634
1617 1606
1592 1645
1687 1538
1636 1603
1679 1556
1487 1760
1601 1656
1682 1568
1630 1637
1400 1802
1715 1549
1661 1609
1569 1722
1573 1726
1668 1619
1615 1709
1646 1663
1532 1788
1635 1717
1722 1576
1674 1685
1688 1668
1696 1684
1731 1577
1645 1787
1637 1793
1694 1779
1720 1769
1663 1807
115006752 1643728630
1
sift 59
178 110
142 120
1016 1038
186 127
223 136
346 251
213 140
251 159
500 401
268 165
317 204
535 407
287 232
298 259
606 433
373 279
659 405
577 467
622 473
1318 645
480 575
405 744
1405 712
1046 417
708 597
1489 749
635 657
768 590
1388 977
576 811
557 874
694 788
882 674
1664 557
879 844
935 910
1450 717
897 986
919 1010
952 1074
985 1100
927 1199
1001 1159
1012 1230
1017 1318
1270 1142
1025 1516
1395 1187
1637 1113
1152 1573
1212 1831
1585 1607
1459 1826
1643 1612
1690 1593
1617 1717
1583 1832
1736 1638
1735 1692
115006752 1716575903
1
sift 129
362 218
94 120
2 0
138 91
38 72
59 75
297 299
178 140
132 79
302 314
119 95
130 133
185 155
142 151
1593 1140
205 246
197 178
223 197
160 228
268 212
208 234
282 248
195 256
256 269
231 230
317 282
228 244
262 316
430 156
358 363
296 236
339 424
277 344
373 417
414 333
379 382
346 380
539 395
333 443
351 438
397 358
598 648
396 372
477 520
406 392
659 610
384 558
683 403
365 684
796 687
469 574
612 767
500 560
1285 807
577 527
773 1114
434 984
1405 1154
501 916
884 1217
512 951
1318 1582
708 658
905 1219
622 811
543 982
985 1320
629 832
610 867
1179 1492
580 1025
645 971
1139 1747
575 1165
635 1064
1249 1614
623 1179
614 1306
1369 1677
699 1115
1046 780
830 1007
765 1113
736 1225
694 1430
689 1546
697 1480
663 1687
882 1148
749 1444
771 1391
799 1381
713 1879
752 1744
797 1593
810 1570
961 1352
879 1535
806 1761
977 1423
817 1779
904 1565
887 1685
950 1591
932 1712
833 1945
926 1812
997 1652
972 1781
935 1877
1099 1496
1056 1671
1027 1876
1358 1295
1261 1445
1008 2046
1664 1143
1062 1969
1256 1571
1148 1814
1144 1970
1273 1733
1525 1434
1364 1632
1327 1741
1247 1932
1466 1678
1493 1861
1735 1853
115006752 1785851268
1
sift 427
52 65
2 0
98 66
34 38
81 131
29 71
89 122
45 61
121 135
55 60
113 143
58 76
114 178
62 82
144 163
86 96
154 184
69 118
178 234
103 89
186 227
105 139
199 237
111 144
157 308
124 136
197 259
128 146
213 258
125 149
229 232
131 151
257 279
132 159
286 285
142 175
290 304
137 197
251 358
180 157
268 345
141 208
287 318
162 186
267 351
205 164
283 333
183 196
274 367
160 236
319 400
195 242
318 420
196 243
317 484
208 218
373 418
215 220
342 469
226 230
369 423
218 252
390 411
255 235
450 459
241 266
401 509
228 288
511 470
256 311
510 475
246 327
517 485
278 300
437 618
216 437
456 629
262 332
569 504
294 307
544 534
281 336
607 662
259 369
520 787
331 301
611 670
277 415
603 719
397 294
539 856
320 354
698 685
321 380
626 777
366 347
595 862
314 412
685 764
384 346
659 818
340 398
646 842
346 396
910 717
341 424
1092 665
402 362
617 1322
391 375
807 920
398 371
731 1110
367 391
907 959
339 465
953 1013
351 453
994 1104
375 422
1215 922
365 441
944 1204
429 395
995 1192
443 383
915 1296
379 440
1558 928
399 444
1181 1290
388 457
1081 1483
347 533
1367 1213
462 425
1318 1312
396 495
1177 1500
463 478
1489 1286
540 438
1388 1506
497 471
414 567
524 474
394 636
469 517
441 571
434 612
507 508
500 522
493 526
457 610
477 591
501 558
430 716
546 528
733 476
561 550
577 535
622 514
636 507
552 581
543 596
535 621
623 549
632 553
625 557
609 585
647 561
582 660
572 673
608 659
612 658
618 652
630 643
705 574
548 737
680 606
650 644
649 648
675 655
662 674
606 726
590 776
983 515
727 634
687 689
741 650
683 711
711 692
682 715
600 861
587 918
527 1093
663 775
830 630
850 623
579 994
718 733
869 642
722 761
509 1274
694 813
736 767
700 828
774 745
689 890
841 696
1024 625
1130 582
763 797
1066 619
788 770
713 889
772 800
826 769
815 782
729 916
1461 536
754 883
997 698
760 899
992 710
845 798
948 739
749 930
823 824
757 929
990 721
801 849
977 740
889 792
978 756
792 909
840 863
755 1000
837 879
930 830
865 896
833 950
928 872
968 843
882 919
817 985
946 887
979 878
1187 709
955 893
989 873
802 1045
902 952
875 977
1015 857
949 925
964 924
897 967
956 937
970 931
914 980
960 951
1053 858
887 1014
1216 752
894 1025
974 992
952 1019
932 1040
1158 819
883 1082
962 1030
911 1069
1100 881
1217 807
848 1145
923 1098
1043 986
926 1116
1009 1062
1176 882
1097 958
1001 1080
888 1187
1008 1085
1091 989
822 1306
988 1123
1306 832
1016 1099
1017 1107
1040 1087
985 1141
1213 935
920 1247
959 1217
1120 1036
935 1250
1145 1020
1170 1006
1044 1140
1182 1010
1222 981
1045 1161
1137 1051
1027 1190
1133 1065
1080 1138
1334 946
1563 837
867 1487
1159 1083
1033 1252
1212 1067
1229 1055
1077 1196
1010 1326
1287 1026
1000 1368
1242 1061
1131 1160
1261 1056
1083 1227
1098 1208
1144 1149
1545 913
1548 910
1286 1074
1358 1041
1113 1239
1168 1181
1268 1105
1431 1032
1109 1271
1025 1517
1139 1315
1283 1163
1179 1265
1151 1316
1056 1510
1262 1205
1638 1017
1227 1268
1313 1175
1449 1115
1359 1166
1219 1308
1234 1269
1292 1209
1175 1363
1327 1198
1338 1194
1184 1376
1143 1430
1249 1283
1297 1236
1252 1299
1470 1144
1099 1531
1152 1446
1457 1165
1438 1172
1474 1151
1411 1191
1284 1301
1351 1248
1274 1340
1312 1279
1311 1333
1251 1451
1346 1358
1479 1238
1148 1569
1211 1528
1486 1249
1368 1364
1270 1457
1373 1362
1365 1371
1328 1403
1352 1382
1407 1343
1385 1357
1256 1485
1647 1184
1309 1461
1238 1559
1609 1237
1305 1516
1425 1436
1483 1395
1459 1449
1273 1595
1546 1394
1277 1604
1473 1467
1555 1405
1401 1530
1530 1447
1347 1583
1510 1478
1713 1280
1585 1422
1582 1427
1517 1489
1554 1470
1526 1493
1357 1615
1445 1573
1519 1532
1704 1373
1584 1480
1702 1420
1657 1464
1727 1386
1521 1588
1443 1621
1577 1549
1722 1409
1568 1564
1600 1548
1674 1513
1687 1502
1730 1453
1601 1620
1608 1618
1712 1626
115006752 1861578657
1
sift 147
297 299
77 70
22 20
138 105
182 165
33 33
302 339
563 620
38 47
362 298
1192 757
34 57
746 838
64 55
762 882
101 60
852 795
73 86
896 1017
87 102
1114 1280
103 124
1593 1668
119 104
111 155
141 125
127 142
130 145
131 172
148 162
151 158
160 176
165 183
174 186
162 214
195 226
208 224
228 218
231 217
256 250
262 281
308 264
277 311
339 286
312 345
305 365
299 372
335 341
396 294
344 338
473 278
351 390
340 426
379 396
405 374
555 314
399 414
384 485
477 441
397 558
490 467
469 510
502 514
481 555
683 432
417 746
577 497
480 657
572 576
724 463
462 747
458 791
781 477
499 873
613 709
547 797
610 766
553 1172
580 1145
623 1076
773 802
736 877
654 1066
640 1119
1223 612
765 962
576 1585
738 1060
942 845
830 978
850 963
694 1267
749 1131
689 1397
741 1214
884 1009
855 1067
763 1225
905 1048
797 1178
883 1095
841 1150
923 1078
868 1127
817 1222
810 1249
983 1075
950 1196
879 1315
1044 1139
935 1309
961 1285
900 1391
974 1297
962 1338
960 1360
921 1435
833 1593
1101 1154
1072 1221
919 1551
990 1479
1038 1410
889 1633
1056 1405
897 1632
996 1555
1049 1460
1127 1288
987 1588
1110 1372
1106 1387
1139 1321
1247 1173
997 1619
1179 1278
1148 1385
1112 1485
1249 1304
1227 1570
1176 1620
1144 1652
1369 1466
1136 1673
1493 1488
1562 1474
1693 1597
115006752 1906096636
1
sift 518
297 326
20 21
2 0
138 125
52 45
21 22
492 468
106 58
23 19
746 691
81 102
34 30
89 110
31 36
762 727
94 108
29 47
121 121
40 39
1114 1052
113 134
45 50
129 120
55 51
1728 1242
114 148
64 55
144 143
62 61
170 141
86 70
154 163
67 103
219 133
79 95
135 232
103 69
178 210
96 116
186 206
105 123
199 218
148 79
227 192
130 111
197 240
124 118
213 243
119 128
229 227
125 139
223 257
128 140
257 265
131 137
286 274
132 144
290 285
142 153
267 311
136 171
251 337
147 178
283 297
205 136
268 320
165 157
287 303
141 194
274 333
162 164
318 407
183 189
306 440
160 226
317 438
173 200
332 447
193 219
264 629
196 212
342 451
195 224
369 394
172 262
373 408
208 209
390 410
218 214
401 481
226 237
450 454
271 193
515 390
231 246
510 465
255 231
451 515
241 251
511 471
228 268
437 556
214 290
517 484
221 282
759 381
278 271
456 630
256 295
544 543
395 221
592 568
280 293
607 652
259 318
520 822
262 319
611 717
330 269
539 794
281 315
603 731
277 353
626 711
397 284
698 696
320 362
728 671
321 366
659 789
340 358
646 809
384 313
685 807
346 360
595 972
344 369
809 756
341 372
617 1001
366 351
1092 680
331 401
731 996
329 403
807 910
375 373
910 866
325 456
907 934
391 365
953 992
367 392
995 1002
339 457
944 1107
351 433
1181 891
402 389
1318 846
436 379
915 1310
396 412
1214 1077
365 459
1045 1247
379 444
1260 1258
429 406
1081 1585
405 435
1177 1435
419 453
1367 1267
444 419
1403 1378
399 475
1558 1269
462 429
1489 1523
347 587
463 434
356 611
398 518
414 513
368 577
458 492
497 461
452 514
524 466
441 538
394 634
507 496
469 550
457 586
465 575
498 523
485 542
477 582
488 565
500 554
430 690
493 572
434 687
501 573
489 592
543 532
553 530
546 562
622 520
552 591
577 570
535 623
561 598
623 557
541 642
548 641
618 599
579 640
752 512
555 661
609 620
625 609
537 703
438 1034
506 792
572 708
564 746
608 673
649 656
630 676
612 695
709 636
606 749
632 726
650 713
590 774
643 722
703 644
654 719
675 698
662 720
645 741
711 668
600 793
727 663
687 734
527 988
741 658
733 675
683 757
682 760
705 736
509 1127
768 706
689 784
574 1020
530 1136
610 932
663 840
830 678
850 685
968 647
840 715
700 831
718 820
983 657
736 817
729 838
877 740
708 885
697 917
722 874
757 833
845 763
713 904
774 815
855 761
677 1005
676 1018
802 799
788 827
772 853
990 748
801 842
760 924
749 935
841 823
755 939
948 773
811 849
815 850
823 843
791 912
872 848
814 915
889 855
960 818
992 803
870 899
997 814
865 930
916 895
1342 674
817 990
1028 828
971 879
832 994
946 902
911 936
989 880
792 1084
837 1019
1226 751
887 969
1066 829
930 954
884 984
979 927
955 940
914 966
897 987
857 1040
853 1069
998 937
882 1036
972 965
928 1010
901 1027
964 979
973 991
1223 790
822 1144
834 1148
949 1032
894 1083
1083 888
701 1462
1123 867
969 1051
846 1172
1097 908
952 1080
1039 978
1053 970
1106 914
1176 856
1010 1041
875 1181
848 1202
1138 896
941 1121
956 1117
883 1184
1217 862
1062 1011
962 1139
912 1189
935 1187
932 1200
923 1208
974 1177
1009 1133
1461 802
1008 1141
1017 1145
1213 941
1016 1164
1043 1130
1068 1110
988 1209
1119 1061
1027 1197
920 1354
959 1309
1133 1097
1216 1025
1145 1100
1159 1087
1500 878
1222 1039
1080 1173
1098 1156
1283 981
1182 1082
1358 950
985 1321
1286 999
1431 957
1233 1098
1261 1085
866 1654
1293 1063
1137 1196
991 1456
1131 1206
1287 1093
999 1483
1033 1402
1113 1263
986 1541
1095 1308
1251 1165
1268 1163
1005 1551
1479 1070
1056 1501
1229 1239
1474 1092
1262 1204
1414 1118
1136 1356
1167 1328
1158 1361
1042 1626
1274 1248
1139 1418
1449 1159
1312 1227
1252 1278
1179 1389
1484 1160
1327 1236
1238 1331
1234 1339
1143 1487
1351 1246
1231 1396
1488 1188
1152 1519
1249 1376
1148 1532
1151 1536
1313 1295
1365 1264
1338 1288
1709 1089
1270 1379
1373 1280
1311 1351
1340 1337
1475 1245
1638 1169
1292 1394
1548 1211
1256 1465
1471 1265
1407 1313
1332 1384
1297 1424
1352 1370
1326 1407
1369 1380
1438 1344
1401 1385
1368 1467
1225 1688
1198 1720
1708 1219
1609 1289
1404 1489
1305 1587
1462 1440
1277 1649
1584 1336
1385 1533
1561 1366
1530 1414
1459 1494
1428 1543
1227 1790
1486 1508
1517 1491
1546 1460
1519 1531
1585 1503
1640 1448
1600 1498
1672 1421
1577 1539
1514 1609
1617 1521
1520 1615
1534 1608
1505 1651
1511 1653
1575 1572
1702 1443
1397 1757
1445 1716
1510 1664
1381 1781
1425 1748
1553 1630
1593 1620
1494 1726
1636 1611
1713 1535
1687 1547
1657 1593
1568 1696
1587 1686
1684 1599
1680 1603
1608 1707
1722 1544
1555 1755
1688 1616
1661 1698
1674 1689
1625 1751
1707 1672
1727 1628
1724 1681
1637 1803
1715 1771
1712 1783
1730 1730
115006752 2095558067
1
sift 100
178 139
45 41
563 515
142 141
185 152
231 191
746 674
223 180
251 194
226 250
761 819
268 203
289 190
222 378
896 855
283 274
317 253
349 225
852 905
346 293
539 356
314 452
1522 1162
365 583
598 577
431 527
1330 1315
500 556
659 581
512 646
1593 1378
434 955
1165 728
465 841
606 596
1318 902
498 837
622 675
1285 945
501 927
548 890
1405 1242
649 754
543 967
623 842
590 1028
644 926
687 865
654 917
635 1081
727 931
855 807
576 1627
709 1114
768 1024
841 914
830 951
663 1308
741 1102
869 939
737 1156
765 1129
749 1160
983 907
697 1338
977 1011
713 1449
1084 996
833 1279
950 1147
903 1197
794 1438
799 1503
810 1463
1066 1097
817 1477
889 1341
923 1323
806 1574
931 1375
914 1443
792 1703
997 1319
879 1525
967 1430
1111 1261
1099 1464
1119 1442
1256 1437
1327 1357
1488 1302
1562 1275
1261 1629
1474 1416
1252 1675
1266 1672
1259 1737
1638 1434
1217 1758
1550 1599
