1186326363 1240301939
1
sift 55
433 538
190 195
1 3
212 222
18 22
210 230
24 29
267 342
33 32
299 322
32 66
364 421
34 61
353 469
47 179
378 500
104 89
639 695
112 127
1069 532
132 115
1014 744
124 151
130 169
656 1091
272 138
236 225
1260 1278
256 315
252 316
325 346
340 366
247 787
581 313
404 454
431 498
516 450
604 552
460 905
593 690
509 846
640 694
579 819
681 808
870 867
827 893
1386 654
892 944
934 943
1628 668
1160 936
1097 1155
1466 954
1272 1152
1241 1236
1186326363 1474416471
1
sift 481
6 3
1 0
8 7
21 16
28 12
45 33
52 44
58 40
82 59
61 39
84 78
72 49
100 63
107 53
99 79
95 64
116 67
93 70
96 98
110 56
90 113
92 91
120 88
112 89
102 105
113 103
135 122
124 96
146 135
126 94
144 178
117 106
195 145
119 109
170 171
130 110
165 214
131 126
194 181
167 99
190 191
129 132
207 173
133 136
212 196
150 123
210 208
156 138
251 177
151 151
246 197
161 167
234 238
183 155
250 267
184 162
277 256
169 186
290 254
173 185
275 273
188 183
306 244
208 169
318 235
209 174
296 265
180 215
263 314
211 211
278 293
221 205
452 240
229 213
364 302
249 207
333 357
222 270
377 359
264 226
448 312
302 212
413 360
256 242
419 377
248 255
427 415
252 260
414 448
235 300
400 482
262 278
467 408
260 281
487 402
304 234
388 546
272 274
558 413
295 284
557 439
361 239
567 479
301 318
612 474
330 297
326 1566
345 282
590 590
407 241
609 584
327 341
607 595
373 291
504 720
342 325
661 626
351 311
639 665
325 355
663 639
338 331
719 607
288 414
526 898
336 348
697 655
281 445
662 691
334 389
709 683
352 390
684 713
420 336
738 743
432 339
713 796
368 387
683 1025
447 351
807 731
392 400
926 798
463 346
947 804
399 396
1022 828
393 410
1038 1055
454 366
1072 1020
363 466
1141 938
389 443
1212 878
550 329
1081 1235
417 403
978 1187
476 367
1473 979
453 394
1210 1188
408 447
1711 931
499 368
1254 1475
394 476
1291 1434
415 478
1674 1127
431 469
1451 1294
479 412
1286 1500
488 437
1641 1201
468 467
1257 1578
545 425
1350 1460
530 454
542 459
471 505
384 740
497 496
551 493
525 511
603 484
472 594
512 557
493 571
506 568
510 573
507 578
518 570
586 512
547 562
599 518
482 641
610 515
634 506
671 500
543 632
615 563
648 532
574 601
579 600
593 592
614 583
605 598
556 676
633 602
623 622
629 615
636 612
645 630
631 667
516 840
673 620
760 556
649 663
688 653
626 730
619 738
675 674
794 564
696 654
815 558
652 695
700 659
689 677
640 784
618 837
708 692
796 624
698 705
680 744
761 672
790 645
778 660
842 613
721 714
858 625
1077 552
733 754
740 747
810 682
717 773
889 649
632 982
825 688
754 761
922 657
1160 549
659 933
969 642
771 757
728 832
898 675
715 845
743 821
902 687
716 856
914 690
780 775
822 742
891 710
836 750
785 815
904 722
963 698
784 847
942 725
860 771
775 862
781 865
820 841
792 872
866 810
798 869
732 1001
946 764
876 834
930 786
897 813
830 864
817 906
903 846
839 895
921 844
706 1135
851 908
892 871
925 852
870 890
828 940
1079 746
871 920
934 863
840 987
1063 779
966 861
1042 812
793 1041
909 925
955 880
854 990
953 888
935 915
980 879
764 1122
908 970
972 904
993 887
1083 817
812 1086
1031 883
1093 831
994 921
906 1021
768 1195
1029 964
1203 793
1060 912
808 1182
1028 995
982 1032
1010 1023
1120 877
965 1074
849 1181
997 1044
1076 962
1052 992
1011 1051
1087 994
843 1238
1131 947
1005 1116
1422 797
1061 1050
1105 1031
1132 1006
896 1241
1150 1009
1281 896
1115 1042
1130 1037
1003 1180
1217 972
945 1278
1082 1123
1112 1118
1180 1071
1240 1052
1236 1060
1337 1003
1109 1168
1198 1096
1044 1267
1340 1018
1215 1098
1012 1362
1318 1048
1455 988
1161 1183
1404 1030
1097 1260
1196 1152
1154 1216
1138 1229
1101 1285
1246 1139
1324 1102
1445 1039
1456 1035
1229 1179
1255 1149
1099 1342
1425 1094
1221 1225
1201 1242
1366 1130
1140 1383
1321 1185
1163 1354
1175 1338
1434 1133
1195 1316
1300 1218
1251 1266
1485 1113
1272 1246
1197 1346
1407 1175
1403 1192
1186 1398
1191 1426
1369 1231
1213 1403
1315 1293
1231 1395
1305 1302
1338 1281
1567 1140
1059 1706
1500 1176
1453 1221
1471 1205
1486 1196
1488 1199
1245 1433
1249 1424
1235 1447
1474 1220
1408 1277
1592 1157
1319 1361
1334 1355
1388 1305
1296 1404
1214 1531
1290 1421
1521 1219
1442 1289
1313 1427
1495 1239
1410 1327
1314 1432
1436 1334
1346 1442
1618 1222
1401 1425
1430 1409
1322 1514
1574 1279
1301 1551
1449 1397
1561 1309
1493 1348
1411 1473
1639 1262
1354 1568
1713 1165
1509 1389
1426 1517
1660 1264
1412 1541
1379 1602
1497 1479
1454 1573
1645 1365
1535 1489
1665 1344
1583 1461
1556 1487
1610 1439
1627 1405
1597 1468
1607 1459
1655 1393
1476 1590
1705 1332
1467 1639
1606 1515
1653 1455
1530 1604
1696 1420
1596 1569
1681 1450
1594 1581
1698 1444
1504 1645
1728 1320
1375 1736
1716 1497
1695 1619
1630 1682
1707 1620
1731 1740
1186326363 1523815439
1
sift 575
289 295
8 10
1 0
341 301
19 26
3 1
28 30
20 12
82 74
18 29
78 83
21 24
96 104
31 41
90 128
33 38
102 124
40 39
116 113
26 49
115 126
45 50
187 122
59 52
146 154
66 60
153 169
72 61
144 186
63 81
165 184
79 79
164 190
110 69
170 199
95 89
154 229
107 77
207 189
88 99
194 211
92 100
190 215
114 107
212 226
112 114
210 236
113 129
246 241
126 112
234 258
124 121
283 233
117 136
268 255
119 135
248 277
130 139
250 281
129 157
277 270
131 152
296 275
167 134
306 266
156 170
263 311
151 173
318 265
152 182
278 297
183 188
290 304
196 177
299 322
173 205
320 330
191 200
387 299
181 213
333 373
188 208
364 335
209 204
326 402
180 237
377 350
208 227
419 367
221 230
413 385
249 235
376 444
241 240
521 355
222 272
427 434
264 254
400 457
285 252
477 399
256 271
414 468
302 248
467 429
252 282
388 540
260 274
487 435
226 312
558 446
235 313
557 464
286 261
567 496
262 289
612 493
244 319
590 586
272 286
609 584
233 334
608 598
304 278
526 718
295 300
639 657
291 303
684 606
319 287
661 654
330 309
503 878
361 285
719 638
281 364
663 699
321 333
662 735
345 310
738 677
342 323
709 715
325 358
625 864
317 400
697 743
337 370
713 774
347 359
807 750
329 414
926 792
351 363
1022 761
339 403
947 831
365 368
1038 814
407 338
795 1001
352 407
996 838
375 391
739 1220
420 351
1141 825
368 418
1148 975
453 342
883 1260
392 405
1212 978
363 443
847 1409
432 394
1081 1114
381 436
1015 1244
454 384
1210 1189
383 441
1270 1154
393 439
1473 1056
389 453
1166 1370
408 432
1711 1015
394 463
1069 1614
499 372
1654 1089
465 415
1254 1395
550 374
1043 1782
435 458
1250 1436
442 460
1291 1386
415 487
1350 1376
431 479
1451 1337
439 470
1286 1564
537 431
1257 1706
497 447
1643 1541
488 467
479 474
471 509
545 478
424 660
462 582
484 547
532 521
551 516
480 569
472 603
553 532
641 494
549 549
510 570
507 577
461 685
585 530
599 524
578 542
543 580
586 543
506 612
493 630
482 675
547 596
561 589
518 644
579 600
671 537
615 583
618 581
732 511
647 554
593 622
623 607
636 601
574 664
613 631
633 613
572 681
605 662
516 763
646 608
629 658
698 565
603 680
556 745
673 609
688 619
645 674
626 705
696 646
978 512
685 671
794 568
584 804
619 770
760 629
689 695
708 669
699 693
675 732
640 779
721 678
1006 548
796 652
653 803
680 762
695 747
726 734
717 748
858 656
716 764
841 667
773 724
740 753
733 787
1045 594
822 702
710 820
810 716
830 713
836 710
790 740
952 659
742 798
754 794
775 756
637 1035
890 731
780 805
771 819
914 722
922 730
821 772
761 851
728 916
902 736
785 841
980 725
744 929
924 744
782 856
812 827
904 759
818 823
770 903
792 857
854 808
820 833
860 810
596 1304
706 1058
817 863
923 795
876 832
764 974
793 935
768 980
784 960
921 822
866 852
840 897
965 802
715 1099
870 870
931 828
806 956
939 836
930 843
908 866
861 919
882 904
993 816
897 890
1107 737
686 1205
798 1010
925 874
934 859
871 939
903 909
1161 721
962 853
942 900
839 999
867 970
1077 796
892 959
814 1059
955 924
946 938
909 967
1011 876
1063 826
1031 885
1013 911
994 933
953 962
808 1122
916 1034
901 1053
1036 934
966 990
1237 760
997 977
1259 776
1093 899
975 1038
1060 949
1071 941
843 1159
1332 752
1028 1018
1010 1040
982 1072
1140 908
1076 965
813 1225
1160 898
1131 942
1189 896
1037 1076
1187 906
945 1148
998 1100
1082 1019
1061 1045
1072 1043
1103 1013
1120 992
1105 1017
1085 1046
1150 988
960 1172
1112 1048
1132 1027
1005 1168
1054 1125
1217 972
1075 1112
1012 1198
1144 1078
1004 1222
899 1347
1180 1066
896 1383
1269 1002
1357 954
1115 1136
1033 1251
985 1314
1203 1095
1095 1178
1019 1295
1079 1206
940 1460
1143 1179
1129 1191
1109 1229
1404 1031
1198 1150
1182 1160
1281 1102
1251 1129
1214 1156
1236 1149
1337 1096
1097 1278
1317 1109
1101 1296
1194 1195
1099 1302
1334 1116
1221 1192
1154 1275
1225 1200
1309 1153
968 1631
1235 1213
1175 1273
1246 1210
1229 1234
1094 1439
1330 1161
1407 1152
1167 1357
1059 1577
1645 1064
1218 1305
1219 1308
1272 1263
1058 1590
1163 1412
1550 1119
1313 1261
1195 1419
1583 1131
1434 1208
1504 1157
1205 1423
1197 1441
1321 1282
1425 1226
1290 1317
1319 1300
1264 1359
1294 1331
1293 1339
1296 1335
1315 1316
1301 1341
1428 1265
1277 1390
1405 1284
1474 1239
1306 1397
1327 1374
1485 1248
1326 1382
1569 1217
1340 1389
1379 1358
1486 1269
1191 1607
1249 1528
1354 1415
1300 1476
1336 1443
1456 1319
1346 1442
1467 1309
1391 1418
1472 1318
1408 1431
1419 1424
1646 1235
1521 1313
1388 1459
1403 1466
1369 1495
1510 1349
1430 1474
1224 1713
1497 1388
1433 1504
1437 1493
1376 1561
1493 1444
1411 1554
1594 1381
1511 1446
1528 1454
1432 1571
1586 1434
1378 1626
1509 1489
1639 1354
1401 1617
1440 1579
1386 1632
1564 1481
1634 1392
1531 1505
1475 1555
1468 1568
1663 1372
1606 1483
1661 1407
1375 1716
1454 1624
1476 1594
1449 1643
1471 1606
1297 1788
1447 1677
1561 1570
1677 1448
1495 1621
1611 1529
1459 1693
1478 1689
1575 1593
1627 1536
1535 1645
1609 1598
1530 1690
1572 1681
1436 1793
1596 1661
1657 1584
1602 1673
1637 1619
1557 1741
1589 1717
1636 1652
1701 1574
1660 1634
1501 1790
1729 1464
1679 1778
1731 1653
1727 1752
1186326363 1643728630
1
sift 63
164 110
131 120
1183 108
558 682
170 127
190 131
345 235
169 701
1141 1073
210 136
212 140
363 260
234 159
250 165
575 234
278 155
296 177
411 316
267 206
299 204
488 401
276 236
309 259
599 406
378 279
364 299
439 575
494 275
526 327
671 473
639 405
663 443
1072 416
609 487
947 397
618 657
589 622
1367 585
528 755
518 811
1291 711
517 991
622 999
1601 749
818 844
1255 717
1452 977
908 986
1031 1074
1730 974
986 1153
1079 1246
1726 988
1436 1113
1294 1438
1419 1612
1328 1831
1471 1717
1411 1832
1386 1859
1564 1667
1486 1826
1718 1763
1186326363 1716575903
1
sift 107
289 299
164 140
21 19
341 314
93 95
33 34
170 154
124 133
161 193
131 151
190 178
173 256
250 212
210 197
278 191
226 190
256 269
209 234
287 248
235 236
252 315
222 343
267 276
262 344
352 382
296 257
299 282
327 372
415 520
364 363
378 417
407 375
431 574
429 443
607 647
351 558
639 610
488 560
609 753
579 700
593 768
663 678
1069 807
542 951
640 1114
506 1012
1014 1050
614 872
870 1217
631 867
1367 826
671 811
892 1219
518 1166
1291 1155
618 1064
1097 1615
823 801
1601 1627
634 1179
1109 1747
619 1224
1726 1580
725 1009
1272 1492
710 1113
1072 779
1410 1677
633 1531
796 1043
1087 836
627 1687
889 1006
680 1480
822 1115
772 1236
754 1391
728 1570
743 1565
798 1444
768 1593
716 1945
818 1535
814 1876
854 1781
849 1814
860 1779
903 1685
891 1908
1042 1591
1101 1496
1063 1652
993 1899
1483 1158
1016 1932
1236 1445
1009 2011
1195 1571
1455 1295
1028 2046
1060 1969
1167 1851
1150 2002
1309 1741
1361 1678
1485 1599
1622 1939
1186326363 1785851268
1
sift 312
289 331
6 10
3 0
341 340
28 21
7 4
78 122
21 33
82 131
40 38
96 143
45 61
146 184
59 60
195 176
58 70
164 234
72 82
170 227
92 139
194 237
127 136
207 224
113 149
212 258
130 151
246 232
174 126
268 279
133 164
234 358
131 175
296 318
156 186
243 389
197 157
275 366
144 249
316 423
183 196
378 418
168 242
413 411
184 221
467 475
209 218
419 509
221 252
487 459
249 230
558 470
229 288
400 629
222 361
414 618
256 311
612 504
253 332
567 534
271 306
590 670
286 300
609 662
248 351
661 719
260 336
639 818
345 316
720 764
272 424
662 868
351 346
697 842
330 380
713 1110
339 371
926 921
367 347
947 959
325 453
1711 665
420 374
1142 922
365 422
1212 1104
447 362
1113 1192
352 440
1145 1203
407 396
1473 1023
368 443
1081 1483
317 533
1210 1501
411 413
1451 1507
454 391
453 398
399 457
499 383
417 474
476 425
363 567
431 517
382 636
545 471
415 591
679 432
468 542
488 522
497 526
471 605
551 528
586 550
493 643
570 588
500 661
671 514
634 549
507 673
615 585
648 557
599 620
482 776
675 574
593 657
698 561
784 515
623 659
547 741
636 648
646 628
579 726
673 674
696 655
726 626
721 642
620 767
688 692
516 994
626 774
519 995
760 650
652 747
796 619
640 801
700 715
799 645
882 613
708 745
890 630
744 732
815 689
680 834
761 744
917 652
710 827
771 770
904 697
825 755
821 769
622 1124
733 889
810 797
902 739
716 950
778 841
790 828
1077 669
963 721
876 782
754 933
930 761
694 1048
851 811
916 772
792 879
857 832
1063 698
780 929
922 798
817 883
946 792
785 952
798 930
923 824
820 909
1093 710
925 830
828 908
897 847
770 1030
1005 807
935 878
1188 706
854 975
953 893
860 985
966 887
908 967
965 924
867 1025
793 1098
955 951
994 925
903 1014
1083 848
1004 945
1010 991
901 1099
814 1190
1131 882
782 1273
1031 1019
997 1069
1011 1087
843 1252
934 1158
1028 1085
1120 977
896 1208
1485 778
1144 996
975 1196
1105 1065
1422 849
1085 1094
1269 935
1180 1020
991 1220
1132 1083
1082 1138
1204 1036
1072 1161
1198 1051
1079 1183
1317 1007
1236 1056
1138 1148
849 1569
1404 981
1330 1032
1019 1382
1052 1326
961 1511
1088 1277
1255 1114
1097 1282
1095 1324
1221 1166
1109 1315
1075 1427
1061 1451
1229 1217
1246 1205
1407 1105
1251 1239
1334 1181
1308 1199
1437 1144
1186 1376
1197 1364
1272 1265
1319 1236
1335 1232
1101 1531
1119 1515
1434 1194
1340 1268
1264 1357
1460 1191
1315 1343
1195 1485
1403 1269
1453 1248
1238 1496
1313 1430
1493 1249
1645 1163
1369 1394
1214 1548
1245 1528
1521 1301
1495 1333
1191 1615
1294 1526
1639 1237
1296 1540
1465 1403
1235 1604
1389 1530
1661 1280
1561 1405
1504 1436
1486 1449
1497 1447
1354 1583
1627 1384
1454 1532
1717 1227
1634 1396
1665 1358
1346 1618
1596 1465
1594 1480
1626 1470
1609 1494
1655 1477
1541 1588
1412 1632
1669 1565
1186326363 1799436415
1
sift 68
433 529
190 157
1 1
287 241
18 19
267 280
24 20
299 267
51 61
589 614
79 55
606 626
104 93
1069 461
114 105
112 124
124 153
118 163
130 181
161 167
236 259
327 273
340 414
352 395
920 293
407 506
431 483
428 535
404 608
351 804
439 622
549 580
472 730
581 601
593 725
640 706
479 1044
680 739
627 870
588 927
1160 623
825 852
870 866
867 876
728 1050
827 915
634 1330
710 1262
849 1086
817 1129
822 1125
1252 809
716 1375
1028 1016
756 1450
860 1231
1109 1074
986 1218
1155 1148
1097 1238
1125 1295
1170 1234
1195 1208
1598 1116
1137 1534
1448 1406
1564 1449
1502 1621
1186326363 1861578657
1
sift 143
289 299
14 13
341 339
40 57
569 353
66 55
86 86
93 85
270 60
133 121
101 157
118 142
114 162
124 145
130 172
136 176
159 183
161 186
156 214
184 201
169 227
209 224
235 211
229 218
256 250
252 282
262 311
232 345
319 264
327 294
291 338
288 368
295 366
325 390
429 296
375 346
352 396
407 343
436 334
368 415
585 314
351 485
415 441
453 426
431 510
425 554
605 432
547 467
428 625
486 514
439 657
507 576
583 526
476 747
479 791
593 709
478 931
506 840
542 794
631 766
594 860
640 802
619 878
667 797
900 646
618 938
1004 612
578 1066
627 1065
613 1096
634 1076
710 962
610 1210
680 1041
518 1585
1129 680
932 845
721 1128
784 1075
791 1061
889 977
793 1078
762 1146
981 917
870 1009
728 1249
993 926
775 1147
760 1214
798 1131
768 1178
1071 872
892 1048
692 1578
810 1225
770 1338
757 1435
759 1450
905 1150
877 1172
825 1281
860 1222
716 1593
818 1315
1380 799
1217 913
934 1183
849 1385
1016 1173
781 1576
1158 1067
986 1302
1042 1196
955 1360
1010 1298
957 1375
1108 1142
960 1405
998 1372
1156 1134
963 1479
914 1571
1077 1346
1097 1305
908 1632
1109 1321
1192 1221
946 1633
1027 1575
1167 1428
1272 1278
1063 1619
1009 1661
1152 1515
1150 1567
1143 1588
1131 1620
1290 1460
1267 1534
1307 1523
1410 1466
1340 1570
1723 1347
1186326363 1906096636
1
sift 385
289 326
6 3
3 0
569 335
8 8
21 22
852 1391
19 21
40 30
28 28
29 47
82 102
45 50
78 110
59 51
84 108
58 54
116 121
66 55
120 120
72 61
146 163
88 68
164 210
114 79
144 232
92 123
170 206
124 111
194 218
127 118
207 197
113 139
212 243
119 140
210 257
130 137
246 227
133 136
268 265
131 153
234 337
156 164
290 287
196 152
306 285
162 200
296 303
183 189
275 334
168 224
263 440
191 212
326 381
209 209
299 438
221 214
333 447
157 367
378 408
208 267
413 410
249 237
448 388
229 268
419 481
222 345
467 465
256 295
487 454
248 311
414 556
286 271
400 630
253 319
558 471
282 284
567 543
260 315
609 652
262 353
590 717
361 269
661 731
272 372
709 696
291 369
738 671
345 308
639 789
330 366
684 756
367 351
662 852
327 412
697 809
288 485
625 947
325 433
720 807
365 373
713 996
420 364
926 911
352 444
1022 866
453 358
947 934
375 417
1038 891
432 379
1711 680
393 434
1113 1002
317 587
1141 1077
447 389
1146 1107
339 518
1081 1585
368 474
1072 1247
454 392
1473 1166
407 435
1210 1434
363 513
1451 1378
465 406
1674 1258
417 466
476 429
349 699
394 586
382 634
442 523
479 492
431 550
545 461
415 582
435 575
468 541
471 579
488 554
512 542
497 572
472 643
551 562
506 641
516 640
634 557
671 520
493 676
586 598
507 708
599 622
615 620
510 740
648 609
570 712
578 719
593 694
636 656
623 673
980 500
579 749
646 660
727 607
633 722
605 757
657 702
688 668
673 720
696 698
675 736
760 658
614 816
620 817
917 599
543 988
784 657
626 841
519 1088
700 760
640 854
761 741
574 1018
710 782
754 755
618 949
895 665
889 679
815 734
708 815
680 917
851 745
744 821
771 827
780 833
733 904
963 748
790 831
718 939
922 763
902 773
1077 721
905 823
876 850
798 935
828 893
1004 790
955 818
923 843
899 870
822 944
866 915
775 1021
946 855
930 874
785 1026
792 1019
1036 828
1158 761
854 965
921 930
840 994
1005 862
935 927
1063 814
966 902
1093 803
962 912
860 990
870 984
871 991
925 954
770 1139
903 969
953 940
823 1066
908 987
820 1084
965 979
867 1083
1083 878
887 1070
993 966
1071 896
774 1225
1131 856
982 1009
793 1208
939 1063
814 1197
994 1032
679 1621
896 1156
901 1164
1188 877
1189 879
1076 978
1060 1011
1031 1080
1052 1041
768 1422
1054 1059
934 1203
1029 1130
1028 1141
1332 867
1010 1176
808 1456
843 1402
1059 1128
1217 970
1269 941
1105 1097
1112 1091
1161 1040
1132 1087
937 1296
1061 1165
1150 1072
1075 1170
1130 1115
1082 1173
1330 957
849 1532
1203 1061
839 1551
1180 1100
1171 1110
1169 1118
1120 1181
1236 1085
1079 1229
1455 950
1280 1050
1034 1326
1019 1370
1344 1028
1485 946
1012 1394
991 1425
986 1446
961 1500
1404 1039
1255 1158
1140 1264
1097 1377
1246 1204
988 1650
1115 1366
1645 981
1187 1276
1109 1418
1251 1263
1308 1237
1229 1309
1119 1552
1574 1160
1195 1465
1315 1313
1197 1467
1441 1245
1272 1389
1453 1246
1335 1334
1500 1214
1214 1498
1359 1325
1445 1270
1434 1288
1403 1339
1319 1424
1264 1533
1410 1380
1219 1589
1369 1460
1249 1593
1175 1720
1235 1649
1495 1351
1231 1669
1296 1576
1696 1227
1594 1336
1639 1289
1497 1414
1509 1436
1314 1660
1243 1757
1454 1531
1449 1543
1493 1488
1486 1494
1471 1521
1556 1440
1655 1341
1301 1729
1294 1754
1346 1707
1405 1688
1378 1726
1459 1653
1401 1716
1681 1421
1300 1800
1340 1790
1550 1603
1541 1614
1657 1507
1606 1587
1661 1535
1602 1636
1660 1572
1596 1670
1436 1803
1504 1748
1561 1755
1634 1704
1695 1689
1651 1796
1707 1761
1729 1769
1186326363 2095558067
1
sift 85
102 93
21 25
1623 1630
33 43
164 139
154 103
131 141
170 153
145 148
210 180
212 179
266 157
226 192
250 203
411 453
278 190
267 254
488 556
299 253
296 320
435 841
364 384
414 354
442 837
542 646
607 578
579 596
639 581
663 661
686 606
506 890
1014 983
671 675
636 754
1069 945
578 917
634 842
1367 949
618 1081
614 1138
1291 1243
619 1156
721 939
1544 1365
1072 669
518 1627
815 865
627 1308
710 1129
633 1473
905 914
760 1102
708 1190
890 951
981 891
680 1338
778 1114
742 1197
716 1279
1158 807
798 1160
728 1463
914 1118
754 1469
793 1323
1046 1037
1042 1147
818 1525
860 1477
946 1341
1418 911
820 1703
993 1443
1063 1319
1056 1503
1456 1166
1195 1437
1203 1442
1309 1357
1409 1303
1332 1427
1236 1629
1474 1434
1318 1632
1592 1737
