1203176847 1228518096
1
sift 208
253 290
100 98
54 51
87 81
76 77
122 142
147 171
146 173
193 197
196 194
159 242
195 225
176 250
217 215
238 226
183 274
200 259
245 298
220 261
256 316
239 255
268 347
328 239
315 329
349 304
277 371
312 352
304 363
354 323
402 354
331 368
340 483
344 367
448 532
302 444
416 408
296 489
454 527
530 319
407 429
449 361
716 407
388 404
423 476
373 487
490 603
367 502
589 477
435 478
479 625
330 714
554 541
438 484
504 704
496 436
733 512
518 427
643 600
489 474
659 587
472 504
611 707
532 537
586 786
420 687
655 752
570 553
597 839
672 509
723 691
560 677
689 775
511 829
654 834
630 650
619 1001
610 724
816 994
600 743
1002 731
807 546
859 1161
764 593
853 967
768 644
958 1049
634 862
802 1171
620 899
943 1080
635 943
795 1203
917 673
949 1179
762 826
839 1115
706 942
1145 973
877 765
930 1227
718 951
1095 1215
823 838
1322 1163
720 1011
1175 1468
742 961
1330 1173
698 1138
1115 1830
741 1073
1049 1540
759 1055
1328 1751
815 955
1150 1501
837 917
1490 1798
792 1004
1307 1505
827 947
1575 1796
799 1060
1600 1835
660 1528
1579 1877
781 1189
1535 1948
814 1175
826 1220
995 997
1131 906
932 1133
1163 909
988 1112
1041 1091
947 1233
1056 1090
1223 930
1168 1010
926 1316
974 1279
922 1413
934 1410
906 1526
1014 1361
985 1396
954 1445
1234 1099
984 1415
1176 1206
1141 1241
919 1676
1345 1111
1139 1332
939 1749
1281 1269
1297 1252
1405 1200
1605 1094
1152 1453
1036 1731
1173 1454
1027 1794
1293 1309
1257 1358
1171 1539
1264 1383
1051 1810
1240 1418
1081 1761
1052 1854
1132 1669
1183 1728
1313 1478
1486 1391
1272 1686
1436 1511
1299 1755
1606 1491
1321 1861
1335 1860
1812 1403
1685 1514
1628 1608
1434 1811
1348 1919
1808 1473
1551 1735
1469 1825
1545 1780
1466 1901
1497 1928
1493 1934
1861 1585
1571 1933
1576 1930
1544 1961
1591 1944
1623 1936
1711 1871
1841 1763
1751 1887
1774 1955
1963 1757
1906 1874
1912 1880
1857 1943
1203176847 1305823326
1
sift 270
440 466
139 99
29 30
789 832
554 500
54 53
785 846
122 121
80 86
998 1049
619 477
89 89
1044 1037
146 129
101 76
891 1289
717 583
127 92
1130 1253
158 134
121 105
1411 1620
808 607
114 123
1534 1394
183 188
93 162
1175 531
132 135
196 203
135 140
860 684
159 127
245 215
126 201
1276 679
175 166
256 219
194 155
1207 750
240 194
268 249
226 204
856 1038
221 222
306 264
318 198
1489 702
355 230
316 317
279 265
1600 882
344 253
364 303
280 286
1358 1022
348 266
490 362
370 271
1481 1018
362 281
504 369
431 268
1428 1045
379 298
655 438
372 356
1442 1084
423 332
611 495
444 343
2003 1105
435 353
723 430
388 392
1712 1503
411 382
667 455
524 328
631 293
644 598
498 349
492 355
849 597
531 336
475 379
950 655
407 410
508 367
1369 798
481 391
541 377
1570 772
426 474
523 413
1249 896
487 434
449 507
1412 816
731 400
622 464
1319 854
532 532
570 508
1650 840
623 480
592 514
1569 898
651 504
900 402
1645 873
846 411
657 519
1403 988
718 561
948 487
1368 1043
630 664
652 647
1683 946
750 572
755 568
1582 1070
793 552
749 589
1535 1119
747 591
827 541
1490 1179
792 566
705 651
1871 1071
635 744
680 693
1579 1254
822 569
766 633
1872 1093
779 648
802 623
1747 1199
857 586
1049 525
1897 1216
853 606
835 622
1890 1284
881 608
929 588
1973 1436
833 667
842 661
1977 1560
893 662
737 779
1915 1677
852 708
840 716
1975 1710
988 646
945 696
837 757
1078 645
784 792
926 726
993 710
1142 658
1059 699
794 847
1034 734
969 763
1211 666
819 870
880 828
1107 749
1002 794
1150 760
1583 639
995 833
985 844
1220 747
1051 803
1090 810
1139 796
1162 804
871 1069
1264 774
1007 968
1036 964
1134 899
1176 949
1203 914
1245 972
1335 922
1696 795
1281 979
1278 999
1303 976
1771 791
1408 911
954 1457
1248 1051
1405 954
1333 1013
1215 1092
1390 987
1274 1060
978 1512
999 1465
1580 925
1348 1040
1511 970
1545 958
1502 1001
1253 1166
1559 1034
1701 977
1240 1260
1440 1088
1853 940
1467 1101
1606 1048
1487 1095
1472 1116
1616 1061
1307 1263
1623 1072
1514 1137
1698 1055
1497 1150
1486 1203
1782 1057
1346 1331
1811 1068
1525 1266
1844 1102
1469 1327
1682 1210
1726 1187
1752 1198
1763 1195
1607 1329
1841 1183
1567 1384
1750 1262
1884 1171
1576 1410
1845 1226
1788 1267
1757 1314
1684 1368
1908 1222
1739 1426
1651 1568
1802 1441
1827 1455
1816 1483
1856 1449
1614 1695
1769 1637
1983 1416
1820 1643
1940 1517
1722 1751
1966 1490
1946 1552
1894 1671
1957 1606
1869 1715
1991 1658
1203176847 1358582240
1
sift 110
170 169
146 165
54 61
233 179
57 80
70 212
260 235
196 203
193 198
159 265
238 180
217 238
176 231
195 219
328 171
183 338
220 245
245 339
211 381
256 313
227 360
277 374
331 334
282 401
344 333
350 371
388 355
402 367
405 391
423 466
373 468
479 494
435 458
372 608
438 463
454 588
630 420
504 604
457 607
594 522
419 750
768 461
837 528
490 748
790 572
623 733
706 803
611 864
1138 563
619 898
792 751
655 929
720 858
999 813
815 775
859 1011
742 889
853 1065
759 1004
816 1246
781 1056
746 1481
855 931
890 1556
977 891
839 1388
985 950
1328 1060
926 1021
1003 1438
1223 828
1747 1703
1165 862
930 1733
1058 937
2001 1737
932 1136
1014 1064
1240 881
934 1185
1332 851
1041 1078
984 1172
1257 927
919 1317
1323 996
906 1507
1297 1057
1486 984
1232 1189
922 1694
1235 1232
1157 1321
939 1745
1667 1138
1497 1270
1281 1440
1605 1244
1576 1306
1604 1430
1648 1432
1333 1801
1651 1520
1452 1725
1571 1776
1479 1858
1743 1729
1688 1848
1774 1769
1820 1926
1203176847 1430327691
1
sift 103
122 112
54 50
1954 2424
146 133
176 226
196 135
193 152
195 160
238 189
217 167
159 240
183 230
331 268
245 257
328 279
256 262
352 319
304 469
350 283
388 324
344 361
490 561
372 366
423 416
438 400
611 606
576 351
659 489
373 597
655 717
435 529
720 989
449 526
816 974
532 494
792 899
481 591
1631 1081
419 728
853 862
630 579
1579 1746
511 802
802 1077
610 640
1683 2019
781 731
797 1150
706 949
1747 2014
799 809
930 1110
815 894
1744 2380
718 1111
999 1268
759 1058
837 965
1323 980
741 1223
1163 777
1307 1346
1056 872
830 1201
1049 1731
947 1089
1041 1167
1758 2348
1223 984
934 1418
1936 2400
984 1398
926 1492
1232 1183
1313 1117
1235 1232
906 1768
1014 1548
1574 1049
1132 1489
1297 1321
989 2273
1732 1261
1386 1476
1271 1641
1281 1705
1321 1908
1304 2114
1486 1850
1348 2098
1233 2404
1457 2075
1571 1925
1452 2095
1434 2161
1651 1863
1497 2067
1648 1920
1576 2144
1761 2180
1821 2136
1774 2331
1856 2403
1203176847 1689478995
1
sift 342
1287 878
86 68
26 19
171 73
21 23
100 67
42 43
269 235
51 36
122 96
41 47
297 264
57 35
139 97
52 57
325 242
55 61
146 115
108 51
393 357
80 63
157 119
87 65
454 353
71 88
184 134
93 71
448 372
102 75
196 146
111 102
479 423
110 117
217 154
114 118
554 411
132 104
252 171
144 98
586 453
131 121
245 194
126 138
654 473
159 122
256 204
135 177
619 504
154 147
282 224
147 157
765 496
203 133
306 228
204 140
689 569
218 136
277 248
200 149
717 563
194 166
275 258
150 234
860 729
210 155
268 269
226 173
1175 659
227 176
315 253
221 187
1231 690
209 206
364 276
240 197
1331 726
224 216
466 260
251 239
1207 767
318 213
401 334
219 319
1489 727
320 227
490 343
327 222
1276 790
349 238
583 300
322 265
1228 834
362 240
527 377
321 278
1358 912
404 219
574 371
355 257
1481 865
335 287
504 450
390 255
2003 745
295 315
611 458
354 288
1442 993
338 318
644 436
313 340
1428 1077
329 354
667 435
372 311
1671 1016
339 364
655 447
423 297
1674 1021
388 331
1073 387
407 322
1932 952
433 317
817 525
380 397
1712 1069
435 333
942 612
442 329
1398 1254
405 384
949 616
431 366
1575 1235
498 330
783 836
524 320
1790 1132
449 367
1102 665
426 392
1753 1168
531 341
1216 683
373 481
1542 1390
549 350
1095 792
519 386
1762 1321
629 338
1210 756
539 401
1600 1478
541 400
1412 802
515 417
1322 1728
545 408
1369 840
508 431
720 346
1388 905
487 479
589 451
1569 866
622 440
668 422
1490 909
680 441
612 492
1367 986
651 478
731 443
1535 930
659 483
332 1355
1403 1009
614 539
615 544
1683 920
790 460
775 471
1709 933
624 556
948 439
1519 1037
625 579
755 510
1579 1034
871 468
750 531
1483 1073
850 495
858 501
1873 990
706 573
714 583
1747 1105
1027 477
835 527
1445 1332
792 547
802 567
1800 1116
822 566
526 982
1976 1035
793 594
839 564
1744 1177
853 570
682 692
1645 1257
969 553
910 598
1977 1392
852 622
1002 568
1973 1496
988 580
866 621
2001 1590
929 600
857 635
841 646
661 813
975 614
809 723
842 713
1141 617
848 750
1142 658
1150 662
704 1052
1078 704
1154 674
761 1094
1583 632
1034 808
1416 670
993 846
985 869
1046 824
733 1330
1068 833
1139 803
1173 788
1084 896
992 988
1220 800
984 1024
1330 779
1215 849
1266 830
1346 784
1296 827
1362 795
1405 791
1192 943
1965 691
1238 899
1318 867
1672 762
1036 1113
1502 798
1303 886
1019 1150
1217 975
1559 814
1379 883
1315 917
1353 911
1434 875
1390 902
1472 862
1626 815
1469 877
1558 847
1836 777
1496 889
1511 891
1277 1017
1597 873
1348 979
1064 1261
1684 872
1580 913
1214 1110
1263 1097
1203 1138
1307 1065
1278 1100
1323 1070
1553 968
1696 924
1211 1182
1739 928
1844 885
1751 934
1606 989
1134 1395
1623 997
1788 945
1682 992
1714 1030
1153 1621
1447 1206
1706 1081
1782 1047
1845 1025
1820 1042
1616 1163
1812 1114
1940 1063
1451 1417
1763 1192
1784 1176
1497 1431
1856 1194
1440 1605
1920 1243
1701 1466
1509 1659
1869 1327
1802 1386
1811 1385
1480 1702
1700 1523
1908 1334
1919 1323
1991 1237
1740 1495
1886 1371
1946 1345
1862 1456
1949 1425
1881 1526
1711 1735
1996 1468
1203176847 1788219329
1
sift 112
120 110
146 175
54 66
253 266
57 86
131 136
196 208
193 192
861 768
159 256
238 163
183 351
176 234
195 210
328 153
245 329
344 322
256 331
329 410
402 383
350 365
407 436
388 360
454 638
438 390
423 496
532 347
479 640
481 469
623 566
419 593
554 687
630 443
586 727
768 499
611 732
511 701
717 689
706 763
689 723
792 751
619 842
995 644
816 967
815 764
802 852
799 782
1428 1423
742 844
720 1208
759 890
947 753
853 1011
781 929
959 815
1003 1126
1165 745
985 821
1307 1230
977 840
932 901
1150 1561
1176 793
1240 766
1330 1405
1023 927
984 962
1212 814
934 1034
1041 936
906 1142
1486 790
1139 941
1232 907
1235 931
1152 1062
1267 972
1313 946
1297 1020
1157 1159
1551 944
1485 998
922 1603
1051 1414
1132 1306
1605 1003
1386 1100
1667 1002
1199 1365
1576 1110
1414 1185
1281 1296
1497 1144
1154 1520
1457 1197
1193 1557
1628 1175
1135 1618
1299 1421
1321 1416
1417 1449
1571 1386
1451 1477
1651 1373
1607 1562
1856 1464
1809 1505
1774 1530
1644 1633
1864 1550
1867 1554
1869 1575
1203176847 2014127030
1
sift 152
120 134
183 285
1 2
163 172
217 295
38 44
170 180
196 283
39 51
233 231
245 370
53 63
253 257
277 292
70 64
215 332
1570 1514
73 90
260 438
282 472
76 85
499 414
80 104
392 362
611 682
98 95
92 111
507 428
817 1032
140 109
125 122
903 771
942 1082
56 409
136 135
130 139
164 140
160 154
155 169
182 157
1698 107
230 188
195 225
210 205
208 223
212 239
224 228
204 245
207 242
243 206
239 262
227 278
309 263
272 291
296 351
354 296
363 316
378 343
417 322
414 328
449 349
299 548
388 417
687 282
470 398
439 440
495 410
518 426
446 483
503 442
472 506
539 467
427 607
556 489
622 468
579 545
589 575
718 498
681 640
702 638
750 609
715 643
658 691
788 653
790 655
805 675
813 703
914 729
1027 709
945 773
895 794
901 801
852 905
933 838
892 906
1177 748
773 1156
1046 866
1078 867
1094 924
1100 977
1054 1014
1155 964
1067 1037
1265 902
1026 1101
1208 941
1545 824
1416 894
1258 1038
1204 1085
1390 988
1435 969
1257 1097
1362 1050
1515 986
1348 1098
1324 1112
1296 1137
1413 1128
1323 1181
1277 1289
1464 1143
1263 1328
1623 1100
1841 1008
1684 1093
1847 1029
1803 1069
1559 1191
1640 1150
1644 1148
1606 1176
1896 1058
1455 1316
1506 1325
1696 1212
1626 1320
1619 1334
1659 1307
1812 1218
1754 1276
1596 1390
1788 1259
1710 1352
1706 1358
1853 1309
1863 1313
1608 1499
1739 1478
1811 1465
1818 1472
1203176847 2019709110
1
sift 178
440 661
606 271
54 66
531 287
444 348
97 62
998 973
619 345
240 168
668 371
890 324
318 158
1573 1977
1358 865
200 262
948 549
1278 943
220 269
1871 755
280 302
789 1085
1782 857
379 325
1872 958
356 351
1616 1445
331 385
1973 1374
431 360
1307 1990
435 365
438 369
541 342
373 479
474 393
485 414
481 418
639 352
523 401
557 388
560 425
681 395
623 483
646 498
651 502
530 710
610 554
700 513
759 520
923 477
680 639
842 524
771 559
939 499
750 610
1078 481
826 547
705 704
719 690
763 646
919 597
1086 533
862 644
779 739
955 604
787 747
770 768
970 605
827 713
1142 540
630 1062
823 729
1119 579
806 783
729 929
926 738
945 740
1107 645
1046 730
959 815
837 925
840 928
1053 770
1014 796
898 878
1034 799
893 947
954 914
1193 789
1131 820
1134 818
794 1299
947 1002
993 950
1173 831
1051 933
1152 850
1362 763
1087 940
1139 887
1354 776
995 1084
956 1137
1154 922
1658 720
991 1123
1059 1043
1268 849
1696 762
1171 1009
1221 965
1233 957
1771 771
1040 1263
1076 1219
1158 1145
1028 1354
1706 816
1183 1173
1299 1007
1260 1076
1007 1528
1464 981
1686 877
1176 1315
1289 1159
1271 1234
1417 1102
1297 1237
1594 1033
1274 1301
1476 1113
1420 1189
1652 1059
1281 1432
1321 1428
1405 1364
1636 1213
1349 1517
1375 1512
1390 1491
1352 1546
1728 1253
1313 1628
1380 1568
1647 1342
1705 1333
1559 1459
1960 1161
1259 1902
1514 1557
1214 2105
1253 2029
1623 1552
1567 1648
1648 1558
1682 1548
1465 1874
1630 1701
1739 1598
1655 1706
1577 1814
1815 1563
1525 1921
1988 1365
1752 1727
1906 1597
1788 1752
1912 1692
1565 2125
1911 1751
1926 1793
1716 2104
1718 2133
1827 2034
1864 2032
1941 2037
1946 2121
1203176847 2045004962
1
sift 117
100 113
54 56
87 92
147 194
122 143
193 208
146 167
159 288
158 190
195 247
196 184
238 220
183 268
349 276
245 316
331 292
256 313
344 364
282 357
421 435
268 408
407 466
277 392
423 464
305 381
481 448
443 594
549 409
490 610
435 487
479 673
570 467
611 696
630 529
659 524
790 536
717 744
770 652
654 876
532 1063
859 849
718 774
746 859
706 793
816 987
635 983
853 809
759 836
1600 968
968 718
802 1505
1163 658
1175 1786
741 982
1049 1737
720 1011
1519 1826
698 1103
1579 1873
742 1071
799 995
666 1330
755 1140
880 960
781 1100
963 958
948 1024
930 1146
938 1136
1165 948
1171 969
922 1290
1003 1219
939 1468
1232 1084
1297 1040
1346 1030
926 1620
906 1711
1264 1169
1606 1033
1117 1462
1281 1249
1335 1226
1225 1342
1132 1540
982 1852
1299 1353
1122 1680
1628 1166
1307 1416
1827 1112
1271 1504
1545 1300
1303 1521
1559 1374
1432 1469
1240 1757
1434 1537
1682 1336
1644 1375
1810 1281
1233 1890
1684 1443
1452 1678
1648 1507
1469 1679
1348 1838
1502 1751
1789 1510
1906 1432
1841 1601
1651 1787
1997 1554
1869 1822
1820 1877
1848 1892
1203176847 2124113243
1
sift 111
28 22
54 65
220 239
367 256
331 327
378 306
523 345
475 369
557 364
666 323
560 452
532 554
651 504
647 544
549 766
635 603
680 565
787 525
1078 414
939 466
793 536
530 1106
705 640
919 507
970 519
1119 489
1086 516
826 633
827 694
926 674
1052 607
1258 539
779 874
893 810
880 823
1261 585
837 891
1032 753
988 795
955 857
852 984
1135 717
959 867
824 1064
1131 768
1058 843
945 998
1362 683
1672 618
1014 1011
1192 844
794 1494
1193 849
1696 634
1354 755
1233 853
1051 1077
1527 732
1221 902
1506 771
995 1319
1152 1085
1590 829
956 1534
1116 1310
1183 1351
1476 1047
1754 894
1274 1315
1299 1277
1452 1162
1289 1408
1321 1377
1176 1635
1996 924
1146 1815
1759 1194
1927 1075
1405 1479
1297 1624
1911 1143
1718 1329
1314 1676
1728 1350
1284 1785
1342 1671
1294 1753
1352 1670
1559 1497
1350 1824
1988 1236
1623 1594
1432 1870
1380 2005
1417 1932
1599 1722
1543 1844
1684 1818
1612 2028
1815 1765
1811 1776
1554 2152
1465 2257
1752 2201
1716 2296
1892 2096
1894 2195
1757 2375
1946 2115
1940 2183
1966 2133
1203176847 2130703568
1
sift 141
100 115
54 50
384 360
122 142
80 87
146 170
87 88
1753 1741
183 225
157 178
196 180
147 194
1656 2013
245 310
198 230
256 337
175 266
454 442
195 251
304 368
238 240
479 543
220 314
277 413
229 317
490 572
321 350
268 498
349 326
586 718
449 424
611 730
407 472
615 694
549 375
717 878
423 501
614 792
395 603
859 1345
421 746
752 791
498 761
1175 1814
511 870
866 926
1786 380
1322 2003
790 546
1428 2014
532 898
651 759
718 760
770 716
835 645
719 810
878 654
579 1163
706 901
883 728
720 967
634 1215
948 769
853 839
759 946
806 893
746 1026
827 900
781 981
681 1288
1206 707
852 959
989 881
945 915
842 1015
832 1051
774 1213
823 1103
1163 811
947 1006
897 1074
786 1300
1028 973
822 1252
1129 922
868 1234
1056 1053
1027 1121
1141 1028
921 1314
1131 1114
1041 1248
1253 1018
1190 1131
1030 1331
1345 1021
919 1563
1165 1253
1264 1157
939 1593
1469 1002
1075 1391
895 1825
1293 1198
1152 1348
1116 1434
1214 1326
1405 1199
1082 1568
1234 1338
1606 1111
1150 1498
1171 1485
1628 1162
1313 1317
1086 1886
1323 1430
1342 1469
1281 1566
1348 1551
1290 1648
1233 1885
1299 1780
1545 1526
1463 1610
1517 1575
1682 1443
1271 1937
1559 1688
1446 1838
1333 1979
1502 1844
1731 1673
1591 1842
1644 1832
1684 1788
1788 1734
1603 2022
1775 1958
1859 1930
1820 1971
1203176847 2146998783
1
sift 213
120 133
100 116
27 29
163 159
325 494
54 58
170 164
122 151
57 76
233 199
454 599
80 93
260 246
146 174
87 99
253 269
479 613
132 126
903 936
196 204
97 225
1958 1563
448 673
147 180
183 233
149 182
554 692
159 241
217 224
221 185
586 848
200 237
245 316
175 301
654 842
238 244
252 329
220 273
717 852
213 311
256 321
247 309
689 1022
377 232
282 346
362 263
619 1245
354 295
277 382
349 323
990 814
315 352
304 370
350 333
859 1134
268 449
490 568
344 366
1175 1593
331 387
527 581
322 437
1887 1126
301 469
643 646
530 286
1674 1604
449 336
723 616
372 422
411 396
655 827
518 341
492 360
816 953
537 343
388 461
949 1149
496 389
407 486
943 1165
423 483
549 416
1102 1210
323 766
380 634
1631 914
421 545
540 473
481 517
589 502
498 669
511 670
720 493
647 601
659 578
541 783
579 758
762 586
630 755
733 660
634 786
747 681
750 684
706 751
700 770
718 768
917 640
794 713
635 983
746 794
741 821
759 812
770 829
878 722
779 889
858 788
729 1014
935 762
853 834
877 826
948 774
660 1224
781 981
945 803
788 999
852 923
988 819
894 900
786 1046
814 1013
698 1287
797 1111
922 972
913 996
837 1069
822 1121
1037 946
930 1055
802 1272
1060 987
1041 1010
1141 951
1259 884
906 1302
939 1243
1253 930
895 1357
954 1239
1030 1146
934 1343
1184 1031
959 1309
926 1379
1165 1061
1171 1058
919 1405
1152 1082
1058 1186
1005 1289
881 1517
995 1336
1049 1281
1405 973
1014 1399
999 1436
1352 1030
1078 1342
1234 1168
1032 1484
1150 1313
1223 1212
1294 1155
1173 1337
1509 1038
1086 1468
1281 1191
1390 1133
1164 1462
1345 1228
1233 1391
1193 1478
1628 1122
1335 1350
1157 1585
1348 1349
1606 1172
1635 1162
1289 1437
1221 1527
1299 1421
1219 1536
1321 1414
1435 1328
1472 1303
1208 1590
1436 1416
1505 1389
1333 1529
1466 1455
1380 1543
1545 1444
1396 1578
1857 1259
1666 1422
1446 1592
1684 1446
1452 1607
1648 1559
1502 1613
1644 1609
1861 1522
1966 1504
