1228518096 1240301939
1
sift 57
173 188
86 73
174 216
171 238
194 195
197 202
220 194
248 259
225 205
277 246
215 222
403 369
273 284
724 455
328 342
650 510
354 322
682 547
307 403
662 750
380 417
955 791
477 532
1206 706
476 560
896 897
587 545
1178 748
520 644
1060 841
597 601
1189 785
625 683
1004 909
637 695
1125 919
736 622
1072 963
707 684
1522 756
775 723
1011 1195
679 930
1145 1173
1144 603
1269 1118
796 824
1824 881
869 741
1445 1183
973 744
1850 1016
786 978
1791 1075
1079 1000
967 1175
1215 1090
1228518096 1305823326
1
sift 62
131 70
242 127
51 53
541 500
128 120
830 341
274 188
248 220
786 429
372 158
486 510
298 215
367 253
775 650
332 239
937 1004
394 380
374 385
1468 531
475 331
582 384
478 353
1835 882
513 359
703 356
468 397
537 532
691 430
724 514
707 495
967 606
650 664
781 647
1079 574
1004 566
947 630
1171 623
943 744
1540 525
1116 785
958 757
784 983
1837 956
909 805
1558 621
1505 1263
1316 726
1206 949
1948 1119
886 1530
1224 1155
1642 921
1716 1010
1391 1203
1591 1165
1936 1072
1773 1161
1445 1457
1825 1327
1735 1557
1930 1410
1908 1644
1228518096 1358582240
1
sift 464
1 3
37 53
19 16
112 125
49 48
21 22
128 140
89 95
26 24
125 155
70 82
27 29
130 158
81 121
29 31
168 169
96 112
30 32
157 178
90 137
45 39
195 179
103 122
42 52
285 209
142 139
46 54
286 235
173 165
51 61
228 253
174 186
69 89
290 263
183 175
114 136
334 236
194 203
145 134
400 398
197 198
100 168
486 479
232 201
155 145
511 506
208 228
159 153
830 981
225 219
148 170
905 768
220 222
171 173
937 879
215 238
188 211
977 934
275 206
192 207
1696 806
242 265
226 180
1103 1235
304 244
239 171
1209 1203
303 248
213 196
1172 1447
316 313
235 174
1518 1145
272 405
214 232
1976 875
298 339
270 191
1673 1118
346 302
312 185
1442 1691
307 363
250 231
1953 1625
329 336
267 227
347 325
251 258
328 387
262 242
348 370
261 245
332 394
327 221
354 367
268 262
371 374
350 226
394 358
392 233
373 418
319 269
380 417
321 271
434 376
305 278
598 289
343 267
349 501
247 391
397 437
310 292
424 436
320 300
405 487
301 314
330 632
357 287
477 443
339 307
475 465
379 284
496 473
382 282
460 521
331 315
515 502
294 382
498 518
325 342
483 538
341 326
531 522
317 361
536 524
391 299
625 494
345 347
644 461
367 333
596 508
368 334
526 589
359 380
587 532
418 309
705 467
403 354
520 624
430 352
582 559
398 407
632 561
390 415
646 551
353 455
616 594
442 379
704 604
451 377
703 608
452 390
817 572
521 413
603 748
588 378
637 717
579 385
745 622
578 392
602 778
457 460
790 626
490 440
727 671
446 481
736 689
478 458
772 680
484 463
691 782
487 468
843 686
499 456
1007 620
473 491
1134 592
556 424
796 770
425 547
707 864
366 672
1013 666
482 503
834 804
503 483
752 929
472 517
940 759
558 438
965 753
548 459
865 880
517 498
1001 898
650 420
1011 858
495 555
1144 857
505 546
1107 900
645 448
1214 852
545 554
973 1032
607 519
967 1065
624 514
1069 983
673 496
818 1527
500 670
1160 1012
620 567
993 1247
689 526
1177 1135
804 469
1115 1234
669 544
1506 1019
627 607
1566 1027
672 570
1238 1388
690 560
1079 1621
774 523
1455 1258
724 550
1227 1733
725 552
1337 1519
619 635
1799 1233
747 549
1457 1560
638 639
1975 1241
844 598
1801 1579
789 631
1931 1483
782 651
1948 1575
528 1041
1877 1684
687 749
1939 1637
712 719
1876 1844
802 660
792 669
1909 1891
738 727
824 679
750 765
810 721
734 797
744 785
1027 627
765 827
771 829
1219 609
883 732
857 767
874 761
904 742
997 690
822 831
862 809
896 781
819 863
955 775
1032 730
1017 745
1004 751
906 811
1057 729
930 805
942 803
911 815
1165 709
849 924
889 885
981 821
987 836
1280 741
961 889
916 928
980 905
887 1066
710 1471
1084 892
1146 861
1023 957
1125 877
1157 873
918 1070
1054 970
1024 1000
992 1031
1412 789
1033 995
1498 773
1073 976
1036 1024
1055 1004
1047 1023
1072 993
941 1119
1005 1076
943 1158
1283 894
1170 985
1167 999
1391 842
1091 1078
1112 1068
1233 988
1478 843
1418 881
1189 1056
1196 1054
960 1278
1282 1003
1358 927
1350 937
1140 1108
1102 1142
1126 1129
1404 916
1081 1186
1299 1014
1133 1136
1251 1058
1168 1132
1396 950
1316 1021
1332 1026
1319 1046
1074 1266
975 1381
1138 1227
1178 1202
1361 1064
1351 1072
1216 1216
1218 1226
1322 1128
1649 967
1705 984
895 1887
1229 1298
1370 1160
1395 1144
1445 1113
1344 1207
1735 1005
1136 1436
1964 907
1415 1172
1916 946
1410 1185
1212 1392
1306 1287
1454 1188
1574 1141
1242 1424
1632 1121
1360 1289
1357 1300
1690 1105
1738 1093
1269 1440
1612 1171
1492 1238
1400 1319
1613 1208
1298 1466
1289 1495
1333 1423
1425 1360
1373 1406
1449 1336
1718 1205
1704 1218
1908 1123
1508 1356
1500 1372
1609 1343
1320 1640
1727 1273
1419 1513
1676 1317
1402 1529
1772 1272
1441 1525
1901 1237
1369 1634
1548 1458
1502 1489
1525 1506
1797 1333
1628 1435
1614 1442
1928 1270
1584 1482
1697 1409
1459 1609
1580 1517
1413 1694
1532 1558
1773 1390
1706 1428
1465 1649
1958 1276
1599 1553
1594 1566
1753 1456
1695 1500
1937 1348
1757 1504
1529 1710
1528 1713
1569 1682
1957 1363
1647 1619
1897 1419
1821 1492
1601 1688
1767 1586
1538 1818
1780 1580
1895 1486
1919 1477
1849 1542
1756 1670
1641 1778
1653 1800
1592 1853
1879 1622
1749 1745
1959 1549
1723 1799
1898 1664
1721 1849
1962 1675
1933 1776
1955 1769
1926 1914
1951 1915
1872 1948
1228518096 1430327691
1
sift 558
125 113
49 41
19 19
128 117
61 60
21 21
130 119
59 65
27 29
157 151
71 56
25 34
210 150
81 80
29 33
228 184
89 85
30 32
937 889
98 106
28 35
221 237
142 112
51 50
1616 701
151 134
69 75
325 310
174 129
116 72
1172 1115
173 133
102 107
495 446
171 137
107 143
1405 1672
194 135
155 156
1347 935
208 145
121 225
220 157
197 152
1622 1851
232 155
181 178
225 160
192 192
1967 1940
215 167
201 180
242 240
226 189
304 162
235 186
273 231
188 264
302 199
249 202
272 278
322 168
298 257
319 173
307 260
250 226
316 262
267 224
328 265
268 229
329 266
236 259
347 261
239 279
332 271
312 206
346 281
261 270
348 282
257 280
354 276
350 216
380 307
251 319
349 360
297 268
394 311
284 296
397 333
269 328
363 378
260 430
434 312
317 326
424 353
357 301
440 349
345 315
405 404
339 323
408 396
300 391
598 305
368 317
373 457
343 364
515 356
361 344
498 381
367 361
512 365
358 418
496 388
421 341
460 422
331 470
477 414
415 354
475 417
341 471
703 366
376 429
520 486
492 347
536 501
383 441
587 489
647 291
582 495
451 386
603 561
497 383
637 547
484 400
745 485
441 424
691 545
390 500
707 606
430 450
790 565
494 412
843 538
513 401
736 602
471 434
1079 512
463 444
752 717
425 484
796 753
521 467
870 707
551 445
910 673
503 490
872 779
461 550
1219 610
537 494
869 792
442 608
973 759
517 555
718 1105
487 597
1000 796
553 524
820 1014
558 543
969 825
628 509
967 862
548 578
1068 819
472 667
1048 857
579 554
1004 899
645 531
1144 840
656 526
993 975
673 522
1177 867
591 593
1011 989
702 528
1116 978
620 588
1214 982
650 579
1589 800
568 653
1171 1077
667 590
1115 1135
528 747
1193 1131
670 603
1227 1110
590 664
1312 1079
570 727
1249 1212
638 674
1238 1285
685 632
1416 1220
808 591
1562 1114
668 687
1455 1208
747 618
1573 1195
681 676
1634 1263
724 640
1505 1346
661 706
1778 1218
743 629
1742 1310
765 623
1658 1456
713 691
1540 1731
687 729
1666 1640
733 698
1750 1620
789 643
1798 1763
712 726
1909 1682
652 855
1877 1746
721 750
1801 2121
726 751
1457 2391
758 721
1501 2444
913 620
1977 1721
813 704
1939 2188
782 734
749 770
771 768
723 830
739 807
801 756
690 924
947 639
1333 551
669 973
735 870
757 839
845 752
829 802
819 824
912 718
781 893
851 798
867 786
823 886
1124 661
908 776
878 811
919 784
863 888
873 873
804 985
828 961
883 879
874 901
982 782
849 939
888 900
906 908
891 933
832 1036
971 868
955 894
981 869
1060 809
1015 852
1027 844
1010 880
889 994
942 949
962 936
985 926
987 925
1071 861
1025 918
941 969
958 965
930 984
1090 872
896 1031
1165 835
1022 943
862 1139
927 1015
822 1277
1188 851
936 1018
810 1381
1738 685
929 1080
1054 986
1033 1011
1110 967
961 1088
1072 1000
949 1145
950 1156
1246 923
1132 979
953 1173
980 1134
943 1219
1002 1168
887 1371
1032 1146
1112 1045
1207 1001
1157 1040
1005 1243
1062 1207
1091 1167
1521 874
1125 1123
1449 912
1109 1161
1047 1260
1073 1223
1236 1056
1057 1251
1210 1086
1146 1172
1233 1089
1189 1137
1098 1232
1085 1276
1222 1132
976 1421
1137 1224
1262 1082
1178 1193
1282 1075
1024 1382
1234 1152
1235 1149
916 1518
1136 1274
1281 1128
1092 1357
1140 1299
1145 1300
1167 1304
1220 1256
1372 1073
1396 1059
1216 1272
1400 1061
1250 1258
1278 1236
1127 1423
984 1603
1575 1026
1284 1278
1043 1527
1309 1244
1242 1330
1251 1322
1102 1478
1439 1127
1320 1254
1225 1379
1168 1435
1477 1118
1138 1475
1360 1248
1332 1311
1126 1520
1412 1233
1366 1279
1393 1255
1218 1460
1265 1413
1431 1239
1036 1732
1266 1441
1591 1174
1253 1479
1362 1366
1260 1488
1299 1465
1397 1345
1386 1361
1370 1389
1684 1164
1074 1872
1371 1414
1415 1398
1316 1492
1391 1426
1410 1418
1612 1290
1184 1749
1466 1401
1402 1454
1229 1698
1469 1409
1421 1451
1482 1410
1535 1383
1757 1252
1685 1294
1531 1405
1507 1420
1624 1355
1650 1342
1269 1705
1456 1461
1453 1469
1280 1706
1458 1470
1361 1548
1613 1393
1740 1320
1381 1554
1492 1480
1491 1491
995 2439
1244 1931
1486 1504
1374 1647
1383 1652
1306 1810
1891 1314
1298 1857
1522 1511
1508 1530
1394 1669
1735 1424
1839 1375
1718 1443
1445 1628
1574 1524
1536 1565
1669 1489
1443 1686
1509 1631
1579 1570
1617 1540
1425 1776
1716 1497
1670 1537
1619 1576
1550 1665
1609 1612
1642 1606
1776 1513
1628 1643
1588 1675
1504 1783
1525 1769
1700 1594
1847 1519
1710 1610
1516 1828
1686 1642
1441 1955
1947 1483
1698 1677
1674 1713
1553 1868
1602 1811
1563 1861
1846 1601
1860 1585
1649 1802
1399 2197
1552 1936
1768 1685
1883 1584
1690 1772
1938 1543
1529 2001
1596 1902
1727 1771
1584 1964
1791 1719
1934 1580
1881 1657
1855 1694
1797 1755
1705 1850
1772 1800
1532 2123
1964 1572
1723 1875
1824 1782
1800 1836
1548 2185
1809 1830
1763 1893
1943 1673
1556 2187
1646 2059
1580 2166
1719 1956
1901 1786
1713 2058
1861 1908
1826 1952
1542 2338
1869 1910
1907 1856
1677 2214
1753 2108
1632 2292
1960 1809
1856 2023
1593 2352
1814 2103
1933 1925
1926 1935
1897 1990
1811 2161
1925 1996
1944 1971
1821 2226
1919 2098
1928 2067
1820 2258
1653 2409
1946 2050
1747 2337
1924 2122
1786 2327
1878 2227
1930 2144
1767 2388
1899 2264
1730 2412
1779 2401
1827 2410
1927 2370
1937 2361
1955 2331
1951 2350
1959 2395
1893 2445
1228518096 1689478995
1
sift 76
168 144
81 65
171 157
567 437
106 68
98 67
142 96
248 153
526 352
173 115
242 122
317 175
532 372
194 146
273 134
304 238
541 411
215 154
372 162
489 192
625 423
298 194
316 204
404 331
786 453
332 207
365 228
478 333
834 473
329 253
347 269
469 362
775 569
371 248
483 225
487 481
1160 729
354 335
397 309
1004 547
1468 659
475 298
429 322
1332 803
1835 1478
703 311
843 342
1454 788
637 427
818 382
1358 860
704 450
707 458
1396 869
752 447
731 568
1415 1024
999 508
993 525
1871 1735
1540 505
1171 567
1238 564
1227 601
1179 616
1068 687
1501 662
1173 779
1215 792
1144 937
1910 840
1798 909
1505 1065
1948 930
1877 1034
1573 1237
1228518096 1716575903
1
sift 58
103 124
54 65
489 218
142 191
107 51
208 140
248 239
627 314
173 212
194 178
232 190
294 230
1358 546
273 200
277 318
328 276
529 327
1218 1362
394 395
354 282
307 330
863 271
1786 1140
637 610
316 373
329 365
750 447
1687 1548
871 1266
380 429
587 826
639 871
1746 1512
1214 1047
736 629
707 678
739 765
1977 2034
947 571
967 983
1300 544
849 884
973 1050
906 924
911 1008
1079 1073
1055 989
1177 1070
1455 1435
1054 1257
857 1834
1183 1299
1145 1391
1252 1261
1738 1399
1612 1814
1752 1675
1850 1848
1228518096 1788219329
1
sift 428
80 67
37 60
12 17
130 70
49 54
19 18
112 110
89 98
21 24
168 161
71 78
30 37
125 128
81 114
45 43
163 168
96 107
42 62
128 127
90 133
46 63
313 170
110 171
51 66
157 173
173 175
69 87
290 266
183 174
114 125
210 184
175 187
145 123
400 406
174 188
100 193
228 194
194 208
155 147
905 768
197 192
171 165
285 201
232 196
107 285
977 908
225 210
179 177
1172 1082
220 219
148 224
1100 1029
208 241
115 297
1174 1391
215 240
192 183
1781 1432
275 228
239 153
1673 1179
242 256
235 154
304 230
226 163
273 350
188 268
272 385
312 164
298 329
350 157
346 294
270 199
316 331
267 222
347 307
251 243
329 340
279 242
277 478
301 238
332 380
252 275
348 364
343 237
328 393
310 260
354 383
319 263
372 425
271 313
349 472
305 273
380 420
320 289
434 368
331 278
397 421
339 290
429 436
379 264
330 627
357 277
396 527
309 314
477 451
341 293
705 327
294 372
460 476
325 326
407 540
317 349
475 497
367 322
498 533
391 302
536 515
359 353
520 553
385 324
596 525
368 388
587 530
260 586
531 620
444 320
526 637
403 359
541 687
430 335
625 640
390 403
602 679
451 361
637 650
598 287
603 677
361 485
703 598
481 356
606 742
588 300
707 732
537 347
736 706
484 390
775 723
442 411
786 727
513 376
796 748
542 354
691 887
579 345
843 746
457 428
837 771
398 500
772 824
521 404
839 817
490 429
752 957
473 447
940 777
455 480
865 856
474 465
870 864
366 607
969 849
446 502
1013 836
425 524
1001 842
503 488
973 900
482 512
1223 806
548 474
1171 852
645 424
993 966
581 458
967 1011
558 490
818 1411
564 489
1069 1014
545 516
1079 1087
607 464
1144 1056
547 519
1011 1208
650 443
1115 1214
738 423
1566 945
673 457
1214 1273
627 507
1173 1405
644 499
1238 1415
689 470
1678 1102
657 508
1177 1546
726 491
1680 1111
724 511
1457 1244
747 504
1573 1190
907 440
1505 1230
628 591
1337 1486
713 547
1455 1349
687 560
1534 1466
774 531
1778 1323
784 538
1501 1561
721 572
1931 1326
638 642
1876 1453
844 537
669 629
792 590
675 665
670 682
757 623
947 551
712 699
1027 552
709 715
734 702
801 658
812 666
841 648
900 605
750 719
739 738
1219 549
744 757
829 701
771 756
822 725
528 1262
1032 608
1015 618
862 700
997 644
963 656
863 722
883 707
896 703
906 728
930 708
1057 692
849 828
942 763
981 752
987 750
810 905
955 764
1004 751
887 811
1279 670
889 845
1165 720
992 797
871 892
943 822
918 843
1060 782
961 844
975 851
1233 753
832 1044
980 859
952 918
1206 793
903 986
1125 832
1087 855
916 975
1157 823
1055 890
1073 882
1391 749
1033 919
1047 915
1137 869
1005 958
951 1016
1170 872
1418 766
1006 989
1002 996
1133 901
1081 935
949 1059
1091 936
1021 998
941 1077
1098 931
1283 853
1189 929
1319 858
1396 821
1112 987
1220 933
1167 972
1102 1023
1344 870
1498 827
1705 790
1412 874
1372 904
1794 792
1282 969
1332 941
915 1331
1036 1194
1251 1021
1250 1054
1449 917
1105 1166
1216 1094
1253 1067
1400 949
1649 880
1415 962
1242 1109
1306 1066
1299 1075
1478 946
1222 1143
1339 1052
1289 1108
1322 1091
1410 1034
1373 1063
1292 1130
1126 1291
1218 1199
1445 1041
1212 1240
1260 1195
1690 951
1908 891
1735 944
1453 1062
1727 965
1704 984
1358 1154
1370 1156
1395 1137
1425 1133
1383 1164
1269 1296
1612 1065
1320 1250
1718 1036
1964 942
1525 1141
1474 1171
1456 1193
1575 1184
1628 1160
1608 1175
1609 1189
1824 1103
1958 1047
1548 1261
1529 1276
1594 1252
1650 1237
1614 1271
1676 1241
1491 1390
1509 1383
1928 1144
1715 1280
1669 1306
1618 1350
1697 1320
1641 1382
1721 1321
1516 1495
1601 1467
1724 1369
1413 1603
1860 1299
1757 1393
1574 1537
1755 1421
1962 1254
1528 1576
1809 1413
1627 1544
1912 1354
1821 1434
1861 1416
1927 1366
1698 1520
1849 1439
1763 1548
1926 1447
1856 1503
1965 1408
1878 1512
1767 1580
1959 1458
1892 1528
1960 1460
1951 1479
1955 1530
1780 1640
1898 1631
1957 1612
1228518096 1799436415
1
sift 129
142 148
51 37
208 130
86 64
173 172
160 134
194 157
226 129
220 187
187 140
225 202
171 177
273 229
197 185
328 280
261 216
354 267
248 263
307 307
250 320
298 328
367 317
348 300
403 345
346 319
510 296
380 338
490 331
440 450
598 295
477 461
644 373
476 471
376 687
531 456
442 622
587 491
517 559
520 562
643 492
597 584
765 426
602 619
908 447
637 596
680 600
736 532
724 569
745 563
590 726
707 639
971 467
703 786
883 518
776 745
947 507
843 722
762 704
1079 611
829 681
1144 583
757 785
940 729
911 671
973 764
942 653
1177 676
1006 655
967 900
1112 631
1000 901
919 735
996 1052
1009 724
1214 994
828 933
1134 972
927 828
1193 1032
1024 787
994 1349
1242 699
1115 1256
961 849
1634 1091
1189 733
1337 1382
1047 800
1505 1318
896 917
1455 1383
955 894
1091 820
857 1077
1060 867
936 964
1522 674
1252 783
1138 880
1004 1004
1011 1010
1157 955
900 1224
1340 869
1005 1169
1145 1066
1282 966
902 1480
1230 1087
1322 1036
1119 1231
1511 939
1617 910
1137 1378
1104 1510
1612 1086
1306 1310
1901 988
1748 1065
1768 1063
1344 1410
1849 1121
1676 1220
1642 1267
1532 1367
1584 1394
1755 1293
1720 1455
1898 1529
1228518096 1861578657
1
sift 72
49 53
45 96
114 105
366 370
86 84
90 126
109 94
489 298
395 427
208 144
194 174
187 156
749 620
679 968
173 189
220 210
85 848
819 838
1163 1420
273 207
328 273
248 245
1033 882
277 333
354 262
442 657
1081 1017
316 332
380 395
739 574
1212 1358
477 629
622 540
595 836
1786 1668
637 584
496 862
947 495
587 673
736 583
549 1013
782 711
994 780
797 774
906 800
967 853
874 1148
973 897
1079 828
1054 933
882 1135
1177 869
857 1307
919 1166
1214 1115
1252 997
955 1329
1634 1201
1613 839
1011 1426
1455 1401
1183 1195
1353 1156
1370 1186
1145 1634
1753 1163
1612 1385
1493 1529
1791 1437
1580 1656
1849 1573
1901 1532
1228518096 2014127030
1
sift 173
1 3
9 14
2 0
112 134
62 59
0 2
130 74
49 61
3 1
168 180
142 178
12 11
195 231
61 99
28 34
290 257
140 207
51 56
285 271
59 123
95 68
313 332
215 295
77 85
334 362
81 105
85 79
286 438
273 286
78 95
977 771
89 104
114 84
298 370
121 88
1518 1175
90 110
109 108
365 435
103 106
1673 1188
173 184
107 113
394 433
122 119
1616 1486
183 186
40 774
460 505
166 116
208 181
133 141
422 581
160 132
193 266
171 191
527 624
340 138
225 225
197 256
691 582
240 206
302 221
257 228
637 666
294 205
424 249
255 262
625 752
248 319
336 315
277 306
834 1263
317 277
371 292
339 287
1193 965
323 296
328 357
367 336
956 1230
354 354
316 390
361 349
1416 1275
375 331
347 451
382 350
325 447
380 415
300 501
345 462
397 470
529 325
489 351
405 464
555 323
381 430
1658 263
403 416
418 402
512 513
427 426
810 365
477 575
504 506
540 527
496 592
638 523
520 578
587 618
420 782
535 630
606 658
882 439
951 498
707 682
771 606
819 620
817 655
881 579
849 605
718 851
724 720
814 728
870 725
738 802
1255 568
703 942
1074 696
796 896
973 858
1033 740
896 798
996 865
941 814
1060 788
1101 799
1081 784
1353 735
910 1042
1183 822
900 1074
993 1032
1216 831
955 1019
1079 1082
1218 860
1794 709
1031 1135
1633 747
1212 956
1214 1122
1004 1117
1590 922
1115 1297
1502 982
914 1516
1634 1186
1358 1097
1459 1096
1403 1218
1351 1281
1747 1084
1904 1041
1870 1089
1642 1333
1908 1238
1836 1317
1786 1428
1923 1353
1745 1480
1738 1512
1228518096 2045004962
1
sift 505
17 27
9 15
7 9
125 131
34 38
19 20
128 137
37 41
21 24
130 192
41 44
27 25
158 151
49 46
30 30
210 216
62 60
42 42
157 171
64 62
51 56
228 227
76 95
59 73
285 337
81 92
70 66
237 532
90 120
69 75
511 480
92 117
86 88
1172 461
98 113
116 97
937 645
118 123
111 109
1103 888
96 141
102 135
1003 981
106 166
109 129
1174 1055
142 143
121 139
1405 903
151 168
101 165
1600 1417
173 167
100 201
1518 1412
174 178
165 146
1696 1481
175 181
154 157
1673 1539
194 184
170 148
1967 1418
208 175
164 164
183 198
149 196
193 213
160 185
232 209
155 197
220 224
219 145
225 247
171 194
266 267
187 187
242 288
221 163
273 269
181 212
272 301
141 299
276 306
197 208
302 280
192 217
298 316
226 220
370 272
213 254
316 313
235 241
307 321
288 206
328 319
256 252
342 323
259 257
329 336
267 260
348 331
322 231
354 326
236 303
336 341
250 289
332 359
312 263
346 378
304 276
347 408
257 317
363 383
297 292
371 392
279 332
424 354
325 296
380 406
305 314
396 419
252 404
397 430
357 309
405 438
345 318
527 412
320 362
434 432
300 416
460 475
368 344
372 513
339 395
477 477
375 351
429 466
367 364
520 537
343 407
440 490
543 287
587 524
413 347
475 463
379 384
480 637
366 431
483 501
446 369
536 593
425 393
582 558
331 520
637 571
341 517
603 610
403 425
596 625
406 422
745 538
421 409
616 633
376 457
691 592
505 365
625 673
390 473
843 536
451 446
635 749
546 391
718 626
495 434
736 627
444 469
790 602
490 451
786 621
503 443
965 540
442 489
707 696
478 487
679 761
521 468
798 679
482 526
817 655
553 467
772 703
517 511
968 611
529 502
703 859
461 584
869 674
572 482
940 650
628 465
872 680
558 505
775 842
454 612
861 752
643 497
870 797
548 579
796 832
673 496
834 876
650 529
910 840
560 588
967 809
620 551
839 944
570 590
865 896
644 561
973 879
615 589
1389 743
709 548
1160 848
728 573
1068 881
542 796
996 947
784 562
993 988
723 597
1107 906
598 732
1144 893
579 783
969 1023
590 778
956 1117
789 583
1100 940
638 722
1347 870
670 684
1214 964
680 683
1113 1048
678 687
1048 1105
753 620
1193 1018
669 705
1115 1058
754 632
1337 950
652 745
1249 1035
668 723
1223 1154
712 672
1116 1206
724 667
1589 930
727 678
1227 1146
713 688
1259 1218
690 780
1238 1216
721 741
1007 1558
774 693
1001 1591
761 711
1171 1505
840 651
1551 1140
747 764
1639 1220
757 756
1455 1320
749 768
1416 1389
765 747
1495 1335
832 690
1634 1315
873 671
1505 1416
773 790
1742 1325
908 659
1762 1331
607 1032
1688 1478
883 694
1931 1255
851 736
1534 1640
971 653
1501 1579
771 825
1468 1786
919 685
1661 1455
694 914
1540 1737
863 762
1666 1583
878 781
1750 1651
633 1178
1662 1662
941 727
1837 1614
889 784
1909 1623
833 851
1876 1717
951 774
1796 1871
942 793
1948 1811
849 886
1877 1873
738 1059
1188 718
1006 806
896 902
862 979
1002 850
987 858
1087 819
1055 836
1165 803
1054 856
904 976
992 917
822 1193
943 983
871 1113
949 1007
1168 864
1030 974
1047 986
1112 921
1011 1011
1120 926
1023 1008
1073 982
961 1071
900 1160
1060 995
1242 878
1024 1027
964 1081
1175 938
1157 957
991 1082
1136 984
1210 955
887 1301
1033 1101
1110 1030
1005 1173
1072 1090
1250 970
955 1245
1032 1179
1178 1037
1458 872
1098 1118
1046 1213
1138 1103
1133 1125
1167 1098
1057 1214
1251 1039
1219 1065
1278 1026
1657 854
1230 1064
1189 1100
1400 960
1104 1217
1299 1069
1668 894
1539 969
1298 1130
1343 1074
1183 1239
1239 1196
1282 1201
1535 1014
1491 1033
1659 992
1269 1249
1456 1091
1486 1080
1383 1169
1382 1191
1218 1388
1331 1267
1394 1211
1563 1115
1878 996
1522 1171
1300 1373
1410 1252
1575 1156
1748 1060
1443 1248
1280 1449
1608 1166
1413 1290
1332 1390
1492 1237
1613 1184
1723 1123
1498 1242
1509 1235
1350 1393
1474 1272
1369 1382
1650 1197
1304 1486
1441 1340
1432 1370
1220 1719
1574 1328
1463 1405
1312 1632
1316 1620
1412 1476
1592 1339
1307 1682
1339 1627
1485 1447
1943 1167
1860 1226
1599 1372
1514 1444
1747 1294
1642 1363
1718 1317
1699 1332
1780 1300
1617 1409
1516 1498
1532 1503
1698 1362
1755 1353
1538 1549
1391 1764
1418 1757
1425 1752
1615 1553
1752 1452
1714 1474
1669 1540
1749 1468
1606 1616
1526 1711
1702 1548
1591 1666
1874 1432
1847 1465
1768 1531
1609 1681
1912 1421
1809 1509
1811 1537
1727 1597
1459 1841
1735 1596
1763 1601
1873 1526
1636 1728
1792 1655
1720 1716
1786 1690
1849 1647
1926 1574
1825 1679
1848 1696
1960 1580
1827 1743
1852 1724
1626 1911
1870 1777
1901 1756
1833 1823
1920 1763
1930 1778
1862 1855
1925 1807
1959 1768
1746 1924
1951 1792
1919 1838
1857 1915
1933 1861
1898 1895
1228518096 2130703568
1
sift 391
80 66
49 52
15 10
125 107
76 78
19 13
128 125
59 71
21 25
157 132
92 123
27 19
130 277
61 82
25 40
228 207
142 142
30 28
285 526
81 88
51 50
326 296
175 155
46 94
237 887
90 111
108 126
495 388
273 226
98 115
511 422
103 118
116 140
486 447
298 310
100 187
830 527
151 144
146 182
1953 550
332 338
164 175
1174 1190
173 170
181 177
1967 1441
526 443
171 194
194 180
221 146
625 543
208 160
183 215
213 193
691 516
232 211
220 222
259 200
603 572
225 251
272 270
374 213
637 581
350 233
302 286
248 306
600 641
261 314
370 265
236 392
772 648
277 345
336 290
252 386
596 904
305 304
307 323
304 326
679 802
328 301
348 299
322 327
786 718
316 337
329 340
345 387
999 615
354 321
363 368
366 365
834 912
368 371
346 416
300 485
940 871
367 408
371 413
361 424
775 1233
425 348
380 417
382 400
1193 889
343 473
347 498
413 394
956 1227
406 432
397 446
403 474
1161 1345
405 440
496 402
379 519
1639 990
341 590
434 463
529 399
1163 2003
429 472
475 502
388 556
1468 1814
490 471
477 523
491 495
1495 1863
311 1007
483 529
451 560
572 449
582 561
487 544
445 619
536 627
628 465
521 559
587 585
548 586
1239 379
817 546
457 868
558 661
736 654
595 655
568 723
707 730
644 623
709 569
606 920
549 793
673 644
796 834
537 898
638 740
703 1026
620 818
750 645
870 807
682 728
688 745
1031 724
636 846
678 776
994 771
652 826
754 707
967 839
659 835
851 609
861 928
749 739
761 788
1134 761
863 681
941 620
996 848
739 825
880 674
1049 852
672 925
771 803
1068 916
878 696
765 820
1107 969
712 882
812 822
1144 949
808 858
724 968
1115 982
829 870
951 760
1000 1176
889 809
819 906
1079 1205
886 828
792 954
1214 1192
908 812
758 1047
1177 1218
821 961
873 873
1238 1188
849 908
832 956
1227 1207
1002 857
942 901
1116 1418
947 900
828 1104
1501 1285
919 932
838 1103
1171 1965
857 1041
738 1384
1455 1517
1009 944
747 1407
1634 1392
883 1107
987 970
1573 1444
1011 967
1055 946
1662 1564
906 1114
862 1215
1931 1806
1033 989
1015 1033
1877 2016
966 1089
960 1101
896 1219
1047 1030
980 1130
1112 993
1078 1031
1110 1020
1189 981
1090 1053
1242 959
1023 1171
1169 1016
1026 1181
1046 1184
887 1399
1081 1153
1233 1006
1168 1068
1272 988
1102 1145
1004 1280
1241 1028
1188 1073
1521 872
1771 813
961 1358
1210 1105
1091 1248
1284 1042
1157 1210
1250 1131
1200 1199
1074 1307
1216 1193
1278 1138
1062 1361
992 1481
1099 1338
1299 1195
958 1606
1309 1198
1051 1478
1383 1157
1400 1135
1137 1380
1106 1423
1072 1488
1145 1400
1166 1402
1491 1111
1146 1457
1372 1246
1482 1173
1125 1532
1825 1002
1650 1099
1320 1324
1191 1491
1183 1504
1218 1479
1432 1270
1486 1237
1535 1214
1537 1222
1133 1649
1212 1565
1167 1641
1413 1316
1575 1228
1458 1301
1858 1108
1229 1614
1269 1566
1477 1318
1763 1203
1453 1348
1510 1325
1507 1331
1720 1234
1449 1387
1297 1642
1441 1446
1266 1742
1475 1454
1723 1303
1569 1435
1698 1365
1343 1726
1539 1485
1747 1350
1431 1604
1516 1509
1485 1575
1422 1664
1361 1770
1440 1660
1572 1524
1601 1502
1621 1520
1504 1626
1557 1616
1630 1553
1425 1776
1612 1573
1676 1563
1403 1900
1592 1677
1780 1526
1892 1456
1628 1685
1514 1787
1749 1593
1670 1675
1706 1630
1776 1578
1580 1773
1739 1619
1728 1628
1523 1864
1873 1537
1887 1523
1369 2005
1795 1643
1716 1698
1636 1809
1919 1551
1594 1873
1502 1983
1827 1692
1695 1797
1755 1780
1752 1786
1860 1717
1786 1791
1686 1938
1791 1854
1772 1881
1853 1825
1851 1833
1949 1711
1797 1908
1898 1805
1609 2017
1823 1906
1839 1939
1926 1839
1847 1947
1826 1966
1944 1842
1849 1962
1945 1932
1956 1958
1869 2028
1228518096 2146998783
1
sift 474
17 9
49 72
19 13
125 138
76 91
21 19
128 131
59 76
27 21
163 163
92 124
25 27
168 164
61 82
28 34
158 173
106 175
30 36
210 201
89 93
42 46
286 246
175 169
45 62
228 230
81 99
51 58
290 269
276 337
55 70
334 342
98 116
69 90
511 462
462 584
107 89
285 485
103 126
85 108
1003 932
526 600
100 110
830 474
151 137
114 111
1172 857
532 673
136 112
977 936
142 151
153 120
1174 1087
541 692
146 141
937 1088
173 174
188 127
1953 1427
625 613
155 148
1209 1233
183 178
186 134
1781 1617
616 695
171 180
1696 967
194 204
212 146
596 813
187 182
1518 1249
208 206
218 171
772 694
213 202
1673 1271
215 224
234 186
679 980
221 205
1496 1599
220 231
207 221
786 848
247 213
242 241
226 244
865 744
252 225
232 256
259 237
834 842
273 234
272 259
239 278
775 1022
253 266
298 316
271 243
1001 1245
219 312
336 302
269 257
1008 1324
261 273
316 321
248 290
1160 1135
251 289
307 331
257 285
1259 1074
294 250
302 339
279 303
1338 1278
419 218
348 332
319 286
1302 1386
305 294
328 349
249 383
1468 1593
300 310
329 352
323 295
320 299
332 355
304 323
343 330
342 362
453 261
326 364
370 353
345 354
361 336
354 374
339 372
357 358
346 393
322 397
367 366
363 370
341 413
368 387
371 382
385 373
347 449
380 435
427 341
366 420
394 446
446 357
379 432
405 437
425 376
457 363
397 456
529 334
413 409
429 486
436 389
390 454
483 470
421 416
403 460
475 484
450 411
481 396
477 502
484 408
451 440
460 529
431 465
423 475
520 532
490 428
444 468
536 548
964 283
505 442
512 660
495 464
469 496
603 568
521 476
435 551
587 578
544 525
627 503
602 581
558 629
608 583
637 615
688 546
621 605
600 646
644 579
620 617
745 531
723 543
808 517
691 616
579 698
678 608
665 715
656 632
697 597
731 672
673 640
709 606
843 610
636 688
638 704
872 595
682 658
742 612
736 722
715 637
735 627
869 639
675 680
826 586
703 794
754 641
713 675
704 875
749 649
863 564
1012 625
750 652
650 755
752 827
739 671
698 707
796 802
761 664
771 674
1079 631
773 687
789 686
839 805
829 670
792 702
1134 669
841 697
811 721
870 817
689 877
889 684
998 740
878 706
812 775
861 870
819 767
765 826
996 806
727 893
849 752
967 834
828 791
784 878
1045 836
941 709
862 786
1240 742
903 761
947 747
910 959
942 751
857 845
956 934
1006 725
887 823
969 961
832 901
951 768
993 952
904 820
898 832
1000 954
1054 733
851 903
1107 902
896 858
854 908
1115 941
814 996
927 838
1068 1005
908 876
1082 759
1193 968
971 828
1300 685
1249 927
916 895
987 854
1173 989
1055 812
975 869
1031 1164
920 913
981 874
1144 1072
1073 821
948 906
1238 1039
1002 890
899 985
1227 1055
1112 819
995 899
1214 1075
1119 831
992 915
973 1400
1245 764
774 1316
1179 1149
943 983
1086 881
1171 1272
1033 910
1075 887
1501 1313
1102 886
1021 947
1455 1370
1047 944
1188 863
1742 1203
1220 855
1081 933
1495 1428
1606 700
1201 882
1483 1552
979 1034
1015 1018
1634 1479
958 1069
1137 940
1762 1493
1096 970
1018 1042
1778 1581
1091 1010
1278 889
1841 1582
1242 923
1320 879
1011 1112
1200 973
930 1212
1189 981
1087 1054
1241 951
1175 1013
1072 1077
917 1315
1253 982
1145 1056
1216 1024
1125 1109
1299 991
1281 1017
1577 872
1251 1037
1315 1000
1098 1169
1157 1157
1413 972
1110 1229
1668 885
1194 1181
1165 1214
1167 1220
1212 1175
1030 1433
1138 1287
1218 1202
1568 976
1269 1191
1353 1103
1563 1006
1289 1200
1250 1254
1400 1106
1383 1129
1453 1082
1510 1060
1839 950
1539 1058
1350 1186
1398 1155
1535 1078
1339 1251
1364 1262
1507 1146
1425 1219
1601 1110
1491 1172
1316 1379
1608 1122
1636 1113
1622 1132
1445 1239
1575 1161
1412 1285
1923 1016
1441 1274
1650 1147
1528 1224
1410 1343
1767 1105
1486 1267
1794 1097
1361 1399
1396 1371
1698 1156
1459 1318
1565 1246
1454 1337
1763 1153
1525 1301
1537 1294
1572 1282
1369 1500
1776 1208
1749 1243
1492 1418
1511 1416
1392 1562
1514 1445
1723 1296
1538 1439
1809 1266
1704 1334
1685 1352
1949 1176
1720 1345
1592 1430
1797 1307
1676 1405
1812 1328
1609 1486
1826 1366
1585 1522
1943 1259
1852 1358
1860 1350
1755 1421
1697 1474
1919 1349
1780 1444
1610 1568
1748 1488
1861 1414
1768 1509
1628 1600
1626 1602
1858 1469
1901 1455
1833 1506
1786 1544
1962 1397
1873 1511
1665 1618
1878 1576
1904 1586
1926 1591
