1240301939 1358582240
1
sift 65
188 165
73 111
195 203
113 180
205 219
202 198
222 238
238 173
282 273
379 321
283 338
368 355
342 387
305 481
377 376
435 499
403 363
353 461
436 336
510 420
421 373
410 565
417 417
455 550
401 518
564 458
532 443
629 548
560 466
660 585
545 532
733 599
669 522
689 674
771 619
546 951
695 717
665 811
603 857
634 862
684 731
739 789
824 770
791 775
652 969
909 751
675 1135
919 877
744 1032
960 996
1089 852
963 993
1194 904
1195 858
1023 1075
1183 976
1209 1011
839 1593
1175 1065
838 1741
1000 1621
1016 1543
1244 1544
1291 1716
1289 1756
1240301939 1430327691
1
sift 139
125 80
73 87
140 115
119 100
81 94
124 145
115 122
732 778
188 133
113 189
195 135
202 152
1083 2341
216 129
264 124
194 157
238 137
205 160
184 235
222 167
305 379
283 230
379 342
342 265
368 324
322 276
301 452
403 260
353 453
436 266
447 451
417 307
332 617
401 381
450 498
532 414
405 586
560 416
367 644
545 489
410 639
533 545
641 442
771 469
566 499
622 602
455 640
695 547
564 529
652 707
510 579
830 502
660 476
1070 507
654 500
603 840
547 677
662 779
559 710
825 665
674 593
744 759
573 724
675 867
526 879
741 792
548 895
824 753
843 608
820 796
632 869
972 714
749 706
909 899
863 653
1000 865
785 731
960 980
665 908
1175 862
738 788
1089 982
643 986
1234 903
642 1045
782 1553
809 830
1224 962
886 769
1195 989
841 809
1014 1220
872 783
1058 1195
791 894
1193 1262
678 1036
819 1787
657 1237
715 1061
700 1260
713 1455
773 1349
963 1000
919 1123
756 1511
1086 1018
1005 1148
920 1321
831 1504
911 1382
981 1295
942 1431
1001 1341
1240 1069
952 1467
839 1854
983 1448
1114 1290
838 2076
1173 1300
910 1771
1267 1243
1092 1519
1144 1470
1096 1679
1074 1718
1029 1840
1118 1705
1008 2024
1183 1628
986 2241
1138 1826
982 2330
1214 1698
1130 1934
1271 1588
1148 2256
1291 2344
1240301939 1716575903
1
sift 65
124 140
16 19
188 212
51 64
195 178
139 166
283 201
152 301
194 224
246 318
498 574
230 197
342 276
344 603
695 610
282 329
421 363
406 495
690 768
436 365
417 429
433 703
694 1114
500 417
622 629
472 585
972 805
614 490
532 807
541 742
867 1217
569 800
545 826
589 971
944 1219
667 649
684 678
557 1182
1089 1047
652 752
732 933
575 1166
1193 1154
819 700
675 1070
788 1095
1212 1320
744 1050
1000 1073
873 1130
1151 1493
766 1480
1175 983
920 1261
1156 1614
866 1406
981 1148
821 1840
1118 1223
1074 1485
1009 1833
1016 1848
1128 1724
1125 1753
1245 1565
1240301939 1788219329
1
sift 63
672 667
37 32
73 104
150 144
139 136
148 196
113 163
188 175
238 165
195 208
202 192
205 210
368 360
222 240
383 358
283 351
305 502
342 393
353 499
417 420
435 444
401 533
410 551
532 451
510 443
560 496
455 511
545 530
549 684
669 620
634 745
683 640
1098 526
695 650
706 793
772 614
791 764
722 724
841 782
667 785
700 915
824 748
909 751
744 900
715 949
906 777
1008 709
615 1457
919 832
1000 1087
870 983
1175 1011
960 884
1058 1190
1183 882
1089 1273
839 1322
1244 1341
1163 985
1195 1208
1138 1148
1016 1440
1291 1459
1240301939 1799436415
1
sift 413
55 44
88 60
14 16
30 26
125 87
22 19
481 514
128 94
29 20
145 165
134 103
32 25
509 635
129 99
35 28
244 289
131 106
36 37
132 118
44 33
287 318
130 123
54 41
124 130
46 49
255 367
195 157
52 50
188 172
68 53
435 688
194 187
67 88
216 186
73 64
581 594
206 199
80 62
205 202
77 76
1094 1272
192 215
82 111
230 209
106 80
264 194
89 93
251 188
97 89
236 227
95 98
296 195
107 105
276 224
81 146
292 221
115 115
283 228
140 101
282 233
119 119
280 235
113 129
262 250
118 131
266 251
127 124
288 265
143 135
286 270
142 141
321 268
151 153
311 279
227 125
327 272
152 189
342 280
169 181
323 299
180 168
363 315
203 169
329 341
168 206
403 307
269 142
377 336
234 161
423 312
184 207
401 326
202 185
429 328
267 163
434 332
172 245
417 338
231 191
436 335
221 213
531 301
215 231
461 356
219 260
467 362
225 259
420 433
242 243
500 409
358 196
591 379
381 214
527 415
337 249
615 378
308 273
533 435
305 288
532 461
319 285
504 486
310 297
560 471
409 262
545 491
336 294
583 503
344 292
669 456
318 321
582 531
252 389
607 550
301 342
622 532
240 424
670 500
297 361
601 584
374 322
603 583
275 407
644 562
263 428
662 545
368 346
682 573
376 347
652 617
441 310
667 614
361 359
695 596
456 298
833 521
375 354
701 597
353 373
741 572
332 402
650 680
379 370
705 639
367 390
697 645
372 392
771 593
360 419
675 676
411 381
758 615
366 414
789 663
442 369
722 745
394 420
751 723
405 454
744 764
433 452
1000 611
451 406
875 713
457 412
830 761
447 438
825 772
410 507
906 729
391 527
782 846
472 408
820 901
459 442
1087 703
450 449
1054 727
445 485
835 926
514 398
935 831
471 446
1070 759
511 405
1006 829
501 467
1088 781
438 576
930 921
518 455
1059 840
497 482
937 1038
574 417
972 1006
446 585
1013 974
455 569
1175 900
453 577
1089 994
600 436
1022 1058
585 447
1129 979
742 372
1102 1025
526 518
1171 952
538 529
1162 958
598 495
1174 998
569 522
1105 1099
556 533
1224 1052
515 590
1193 1092
541 555
1209 1133
573 571
1234 1280
654 504
1249 1240
617 535
1254 1286
632 552
767 481
636 601
642 631
660 604
733 558
645 664
634 690
678 636
691 632
653 692
589 818
618 769
679 672
674 689
755 628
693 685
709 673
688 695
738 652
694 706
840 606
690 725
797 640
713 710
681 741
843 622
756 674
818 642
781 705
773 720
790 707
687 810
806 704
699 799
766 739
785 733
936 623
624 1005
894 662
928 649
621 1088
753 811
865 726
764 805
836 749
647 1012
852 737
872 736
831 770
686 932
864 747
823 779
737 871
866 756
768 853
739 884
819 838
774 889
853 812
791 894
813 872
1091 669
911 787
828 877
841 867
920 783
808 908
867 866
677 1224
951 827
973 798
984 795
1001 803
698 1201
890 912
838 1000
729 1153
893 915
897 917
1047 784
889 962
874 996
886 1003
871 1043
909 1004
942 953
933 985
910 1047
1071 882
960 973
1026 914
1095 875
981 978
1049 933
1005 1023
1041 982
876 1225
1086 964
963 1082
966 1074
948 1135
1073 1018
1167 929
1068 1024
846 1370
1008 1077
1164 942
1166 943
1135 971
979 1120
1190 946
1188 950
1096 1049
913 1297
1065 1070
1016 1122
988 1160
1042 1119
998 1161
1040 1123
1195 1010
1114 1086
1246 955
986 1212
1147 1067
922 1415
1159 1069
1173 1066
1116 1129
1055 1185
1219 1050
1115 1155
1295 936
1134 1147
1004 1324
1170 1124
1198 1127
1107 1245
945 1515
1103 1271
1113 1273
1273 1100
1155 1238
1141 1252
1138 1326
1158 1338
1267 1169
1123 1413
1262 1198
1185 1375
1228 1325
1263 1299
1240 1345
1256 1365
1284 1290
1238 1411
1207 1491
1225 1524
1106 1631
1165 1613
1296 1477
1264 1602
1272 1595
1290 1619
1240301939 1861578657
1
sift 96
124 144
16 12
323 267
36 28
195 174
32 37
1070 700
51 62
188 189
73 84
930 968
94 104
216 190
139 166
142 193
194 210
412 110
152 290
230 202
315 250
283 208
292 239
246 333
328 233
321 263
269 321
342 273
421 340
406 434
434 351
436 361
442 435
417 395
377 459
410 495
500 421
533 409
433 528
527 465
532 629
472 533
498 510
603 553
459 658
407 935
662 484
541 556
545 673
622 583
661 639
695 584
542 798
556 966
667 613
652 692
690 709
696 641
675 869
600 989
664 801
731 855
843 657
633 958
744 897
819 695
694 802
1000 828
691 938
831 815
1023 955
769 943
788 948
1175 853
821 924
766 1041
1089 1115
657 1387
867 1009
1193 1202
920 997
848 1143
1058 1635
791 1329
944 1048
1012 1185
1008 1307
1118 1205
1151 1279
1074 1438
1155 1305
1016 1572
1219 1249
1136 1434
1164 1441
1195 1426
1173 1634
1240301939 2045004962
1
sift 117
134 95
36 56
145 259
124 175
73 88
188 167
81 110
258 373
195 184
115 149
216 178
113 220
1094 1461
194 224
202 208
205 247
238 194
230 261
133 1240
283 268
219 398
262 286
269 318
282 281
305 369
280 298
288 372
321 325
368 424
342 319
591 301
402 322
353 561
436 336
447 472
434 367
469 454
421 400
450 543
417 406
564 487
461 412
560 464
532 477
510 529
545 524
455 667
533 592
693 478
669 530
742 493
601 624
422 974
622 627
605 596
695 571
573 700
683 673
540 765
662 680
678 690
652 797
729 643
741 674
749 683
603 893
819 670
906 650
806 710
978 621
642 921
722 833
634 948
801 841
623 1078
744 879
894 784
930 761
824 832
732 939
715 960
1175 809
648 1166
1234 835
773 958
1089 964
1095 735
782 1530
677 1160
956 1429
831 984
1014 1389
841 995
1193 1314
785 1100
1174 1392
756 1171
1081 1565
1008 857
911 1027
920 1040
960 1051
963 1090
818 1428
874 1341
981 1139
890 1375
1195 1011
1166 1125
910 1597
998 1379
1118 1249
1267 1173
1126 1432
1016 1648
1228 1681
1225 1753
1240301939 2130703568
1
sift 97
188 170
36 50
145 205
244 154
216 163
195 180
202 238
258 362
276 204
194 222
205 251
269 220
287 423
283 225
230 237
282 266
221 358
1081 1741
533 516
246 345
342 301
414 425
596 515
321 320
402 324
368 475
695 581
436 340
434 383
375 563
683 662
417 417
421 421
353 623
653 792
527 446
560 501
410 900
930 802
532 523
545 585
455 968
906 871
547 728
622 654
600 693
722 1232
771 588
603 949
540 1235
1013 996
548 1255
824 834
668 939
940 668
732 974
678 956
634 1253
675 1218
700 1030
886 849
615 1550
715 1135
1095 750
1175 839
872 930
623 1690
1174 979
1008 1041
1012 1047
1000 1205
821 1410
909 1280
1234 995
1195 967
1208 962
1089 1192
739 1997
1231 1093
1023 1571
919 1532
981 1374
1193 1393
1245 1128
890 1832
1144 1301
1136 1333
913 1964
1173 1400
1118 1566
1029 1802
1074 1853
1016 1961
1240 1534
1235 1639
1169 1958
1228 2017
