1305823326 1689478995
1
sift 394
245 242
2 3
1394 1651
247 271
37 39
263 275
49 35
409 355
66 51
429 453
86 63
443 405
122 74
477 504
91 93
468 513
92 105
441 602
121 96
583 563
129 115
692 521
135 104
611 647
127 122
595 659
125 133
642 690
134 120
684 729
124 136
702 727
170 124
732 708
133 147
617 868
137 155
679 790
187 134
750 767
140 177
1104 744
157 164
1006 812
155 166
1018 865
201 138
1022 912
203 146
1084 993
152 188
924 1091
196 178
982 1121
220 153
1045 1077
236 158
882 1478
193 198
1128 1102
197 212
1019 1260
215 194
1525 932
221 189
1503 1069
219 204
1132 1196
209 226
257 186
1249 1168
239 207
180 308
1456 1115
231 249
229 256
1548 1226
251 236
264 228
1227 1668
276 224
249 269
1570 1390
280 241
294 221
1629 1613
273 265
244 302
305 238
303 276
324 260
390 252
313 296
314 306
262 414
322 303
331 298
435 258
328 320
388 285
356 311
343 328
336 341
349 330
301 397
353 333
362 343
321 393
475 279
366 346
345 378
392 331
410 322
377 400
394 363
351 416
367 431
427 380
369 450
402 415
454 381
374 471
432 409
474 392
400 443
407 457
438 447
470 427
486 438
434 479
495 458
620 387
431 507
512 448
483 498
419 543
504 478
479 517
489 509
496 516
598 436
527 486
618 434
525 505
573 475
497 548
452 605
473 595
693 441
568 510
458 637
522 555
571 530
1052 391
622 527
780 451
602 535
584 547
569 566
722 501
552 594
576 576
606 570
623 567
588 600
646 580
586 635
624 625
655 615
639 632
633 633
701 592
763 553
1069 468
725 593
564 728
658 658
707 623
703 645
560 769
645 704
794 568
737 650
661 713
600 770
675 724
599 778
760 662
908 572
739 694
669 783
783 680
841 654
717 772
854 687
765 756
734 808
819 720
747 800
889 737
796 803
816 802
798 840
826 826
849 816
1076 710
902 794
844 869
791 947
761 1056
954 791
898 866
895 883
1000 799
956 836
752 1205
1034 814
925 913
976 886
946 920
969 892
987 902
933 959
1078 829
962 942
883 1038
973 963
1117 861
1252 793
1102 885
960 1027
1175 842
935 1068
988 1009
1040 979
942 1083
1331 784
1119 930
1048 989
1130 939
914 1138
879 1209
950 1111
1179 909
814 1371
1072 997
1414 789
1053 1018
964 1113
873 1257
1093 991
998 1099
1125 974
872 1270
945 1153
1198 935
1057 1047
965 1151
1327 877
1368 872
940 1245
1267 945
1149 1006
1280 946
1210 992
1224 987
899 1395
1133 1073
916 1376
1140 1075
1020 1227
1242 1003
1419 911
1226 1025
1061 1163
1426 928
867 1593
888 1539
1254 1034
1079 1178
1083 1179
1263 1065
1122 1154
1208 1103
977 1466
1031 1357
1005 1438
1163 1155
1391 1024
943 1624
1234 1128
1124 1253
1202 1175
1194 1191
981 1602
1152 1247
1173 1234
1059 1407
1087 1370
1276 1157
1167 1269
1042 1550
1168 1289
1109 1408
1350 1125
1021 1630
1517 1063
1392 1145
1222 1334
1298 1241
1150 1431
1643 1042
1270 1292
1377 1212
1190 1411
1365 1219
1088 1605
1293 1306
1330 1267
1405 1214
1441 1176
1449 1194
1325 1309
1284 1368
1486 1166
1157 1525
1299 1350
1400 1240
1181 1509
1398 1256
1336 1326
1487 1199
1250 1481
1602 1150
1459 1251
1438 1272
1415 1303
1437 1285
1725 1106
1583 1223
1682 1142
1451 1338
1370 1428
1563 1279
1388 1433
1396 1434
1245 1665
1714 1193
1465 1391
1516 1354
1340 1535
1258 1673
1376 1506
1552 1345
1496 1383
1282 1666
1485 1426
1518 1388
1322 1634
1473 1455
1436 1496
1560 1392
1526 1429
1647 1319
1641 1341
1547 1435
1472 1505
1450 1554
1594 1441
1585 1457
1619 1410
1715 1327
1452 1598
1366 1709
1614 1472
1353 1727
1698 1418
1538 1611
1611 1561
1488 1680
1638 1528
1562 1641
1610 1585
1787 1381
1676 1577
1617 1672
1667 1622
1727 1566
1770 1486
1736 1606
1743 1635
1753 1626
1777 1581
1802 1460
1305823326 2019709110
1
sift 327
338 274
1 0
336 287
86 118
44 37
423 329
55 40
534 338
121 119
53 66
477 345
92 86
486 430
129 123
119 79
551 318
120 87
527 486
159 103
124 107
751 629
148 101
639 523
192 138
127 120
882 583
173 113
701 677
215 164
183 111
1022 865
232 105
819 548
231 159
153 139
1019 955
181 162
889 803
369 263
197 157
1566 1714
193 167
1277 893
374 279
230 180
246 191
1134 1233
356 290
265 207
302 188
1330 1379
322 343
311 219
297 247
1374 1585
343 348
300 256
320 266
362 349
286 302
268 360
407 350
298 325
318 335
324 696
341 312
381 317
666 379
401 286
377 342
457 655
353 365
379 392
537 537
411 362
422 357
765 659
383 405
417 368
873 566
397 412
413 401
867 590
434 417
414 457
767 703
394 503
502 407
826 676
497 423
427 473
816 698
446 452
589 367
581 1286
543 389
518 437
1071 755
480 483
503 492
901 867
560 439
609 419
883 895
504 502
516 484
1057 857
605 441
485 596
999 943
492 587
604 467
1087 853
508 565
506 582
988 1090
514 554
645 481
1093 958
564 530
669 504
1306 1029
433 885
577 564
1250 1094
661 524
571 609
1276 1074
658 540
715 525
1163 1209
541 713
621 598
788 2130
653 569
601 683
1238 1163
693 639
651 704
1322 1081
636 736
648 739
1222 1183
749 645
696 740
1061 1445
591 910
634 829
1236 1257
726 738
724 757
1199 1408
747 741
822 628
1070 1650
859 623
741 790
1572 1175
876 621
734 799
1450 1259
760 781
827 695
1562 1265
662 947
795 762
1436 1374
791 771
716 928
1579 1303
1091 575
664 1062
1488 1392
744 884
586 1357
1434 1468
879 728
943 697
1540 1399
900 722
699 1043
1575 1405
757 925
899 769
1263 1990
766 929
743 1024
1560 1832
869 808
796 887
1731 2169
801 934
842 906
1672 563
799 1049
914 912
833 1084
916 950
980 890
972 911
996 905
1096 838
1653 656
1024 927
939 1040
1032 931
1059 907
970 1012
805 1310
776 1427
960 1093
1020 1011
847 1299
957 1100
965 1115
1005 1068
920 1250
936 1289
1004 1182
944 1306
1258 921
941 1320
948 1316
1051 1146
1053 1152
849 1572
954 1364
891 1504
1063 1193
1078 1192
828 1782
1009 1370
950 1489
979 1432
1535 877
1182 1122
1124 1208
1060 1301
1173 1161
1079 1295
968 1528
987 1491
1218 1155
1246 1117
1034 1459
1168 1267
923 1838
1047 1503
1324 1167
1191 1297
1031 1602
1147 1372
1102 1471
1040 1645
1072 1552
1125 1453
1150 1415
1041 1716
1081 1600
1137 1557
1366 1281
1066 1743
1590 1125
1485 1195
1106 1696
1234 1458
1336 1336
991 2044
1075 1810
1564 1186
1210 1548
1282 1450
1363 1359
995 2103
1161 1666
1561 1284
1142 1800
1224 1655
1522 1314
1198 1727
1242 1697
1646 1256
1398 1478
1149 1903
1286 1668
1501 1400
1329 1599
1274 1722
1267 1752
1334 1654
1482 1462
1140 2040
1601 1397
1372 1653
1371 1656
1384 1648
1426 1598
1165 2028
1415 1624
1388 1711
1266 1921
1547 1540
1261 1991
1424 1757
1184 2139
1378 1858
1466 1733
1461 1768
1410 1857
1656 1567
1400 2025
1736 1594
1536 1884
1513 1933
1455 2034
1395 2114
1621 1859
1571 1953
1490 2022
1348 2167
1790 1622
1552 2121
1764 1875
1711 1970
1644 2072
1778 2019
1787 2155
1305823326 2045004962
1
sift 80
429 621
27 54
55 52
121 143
40 77
583 744
126 99
120 137
134 190
173 253
650 842
203 261
247 290
239 359
158 513
882 673
253 364
311 337
457 530
236 425
445 297
443 373
356 859
331 463
353 487
409 418
495 696
405 550
516 622
1570 1461
407 946
514 667
664 546
606 809
398 1475
512 905
623 1505
690 736
532 1063
831 1335
805 658
646 921
772 1599
568 1140
707 877
1249 1565
1004 645
539 1303
847 777
766 955
693 1184
711 1210
828 960
947 894
985 898
835 1103
785 1206
849 1080
726 1620
758 1576
974 1152
801 1509
979 1249
958 1300
921 1363
1034 1374
976 1521
1000 1750
962 1868
1149 1501
1308 1342
1493 1222
1040 1838
1404 1329
1182 1721
1495 1464
1327 1679
1568 1787
1681 1694
1714 1735
1305823326 2124113243
1
sift 182
83 47
534 273
92 72
124 92
134 67
505 366
192 105
123 96
193 137
486 420
231 120
181 153
249 129
527 473
320 197
302 144
445 148
701 550
374 191
353 310
401 190
889 666
407 234
367 332
629 242
1611 1732
434 337
379 369
413 345
1621 1716
564 388
383 477
476 375
867 361
427 445
489 394
767 400
446 474
414 521
826 458
504 504
645 414
1345 363
492 601
577 485
966 630
536 554
532 562
934 657
621 552
782 460
620 1653
983 393
749 513
1560 577
719 579
651 640
1059 774
943 497
625 809
1322 733
646 795
726 674
1152 882
662 810
879 558
1191 866
724 748
648 874
1174 890
795 634
657 930
1238 859
844 638
696 998
1264 995
707 983
718 987
1488 871
757 891
716 1105
1378 974
828 823
914 775
1151 1271
899 816
972 801
1336 1117
1213 642
1051 736
1415 1120
980 834
803 1077
1777 1164
1020 837
936 932
1442 1578
939 1066
833 1319
1364 1756
842 1314
1063 1027
1487 1652
950 1286
847 1494
1760 1879
957 1344
930 1401
881 1510
1013 1300
1257 979
1124 1124
995 1361
1101 1203
1053 1288
954 1479
1060 1315
1168 1175
1318 1088
923 1698
1180 1235
948 1636
1034 1497
1079 1440
1106 1436
1218 1324
1568 1061
1028 1680
1258 1354
1072 1594
1041 1708
1544 1136
1078 1661
1282 1419
1248 1455
1068 1776
1125 1727
1137 1754
1606 1249
1590 1273
1668 1228
1461 1452
1501 1423
1513 1428
1149 1931
997 2411
1737 1313
1388 1597
1341 1713
1376 1707
1261 1930
1601 1518
1618 1507
1329 1843
1371 1797
1368 1818
1198 2201
1161 2263
1536 1688
1547 1697
1466 1814
1605 1671
1139 2473
1653 1730
1604 1816
1404 2116
1644 1777
1493 2023
1500 2030
1314 2375
1490 2133
1479 2204
1424 2264
1552 2115
1331 2423
1440 2260
1517 2183
1711 1969
1670 2194
1542 2461
1624 2395
1714 2464
1305823326 2130703568
1
sift 87
429 718
27 53
55 63
121 142
203 237
583 878
126 83
69 277
348 154
220 306
650 1233
120 125
247 263
215 310
253 408
1045 2014
239 338
409 259
362 572
236 474
329 349
445 296
430 516
251 772
311 526
443 362
457 641
331 502
341 527
510 447
1487 1862
353 776
405 712
483 766
356 1026
495 730
875 888
487 769
516 692
815 1514
504 759
465 911
1249 1741
503 869
622 645
514 968
536 898
527 977
606 839
794 610
532 1117
605 1017
662 955
646 993
696 915
569 1252
708 959
805 811
654 1369
766 1105
711 1455
799 1171
828 1135
758 1349
915 1031
623 1965
904 1106
847 1246
849 1237
785 1418
954 1199
1166 1018
1327 1002
889 1571
900 1586
958 1526
1078 1367
979 1566
950 1682
1040 1551
1009 1699
1034 1688
1000 1843
1013 1979
1141 1761
1405 1697
1750 1769
1305823326 2146998783
1
sift 96
500 692
55 71
153 201
429 848
120 131
583 852
121 151
875 793
650 1022
173 235
595 1593
222 185
1320 1575
1245 1386
203 254
220 290
215 316
280 262
239 355
253 366
236 460
264 371
249 449
355 360
376 387
311 485
356 422
331 484
341 474
445 364
417 441
362 568
353 608
377 783
430 616
457 646
407 805
486 773
572 684
622 652
635 651
664 755
606 834
646 819
625 888
794 672
696 803
648 889
539 1159
663 901
701 870
569 1121
688 904
708 923
700 987
655 1148
623 1272
766 1014
757 1069
947 885
774 1129
726 1379
703 1517
760 1313
828 1106
954 973
783 1348
801 1266
849 1267
833 1336
1166 930
1004 1088
830 1378
979 1191
1056 1092
922 1350
1048 1172
985 1310
1052 1238
958 1444
1040 1349
902 1569
1183 1153
1013 1529
1078 1457
1331 1229
1000 1614
1226 1385
1175 1440
1149 1531
1280 1441
1369 1445
1405 1456
1465 1436
1490 1504
1750 1542
