1347700863 1701417931
1
sift 170
189 276
152 193
7 14
253 248
63 84
20 19
368 494
191 228
26 25
335 579
185 209
92 88
614 1040
260 292
99 115
543 1276
301 251
117 94
821 973
296 268
116 114
918 1303
315 380
125 147
313 438
186 136
297 637
188 183
563 417
199 190
556 741
214 199
643 694
230 204
600 678
215 291
583 1139
268 243
974 1017
323 223
926 1142
283 256
980 1288
266 310
279 316
1192 1279
293 301
325 285
388 240
310 309
295 340
381 298
397 315
345 353
374 328
389 351
370 378
359 398
364 394
398 360
420 389
426 402
502 384
413 449
375 493
453 443
427 463
479 435
478 455
462 498
386 566
439 522
492 509
477 533
630 489
624 492
530 554
611 520
557 589
551 614
552 621
602 602
663 590
866 529
697 606
676 618
693 627
584 761
646 679
634 756
800 626
844 615
682 733
773 672
864 638
886 651
771 760
764 767
840 700
850 691
869 684
828 726
815 753
680 897
1008 642
787 793
632 963
881 738
775 832
903 736
674 956
994 693
1020 688
738 933
867 813
1040 698
824 870
772 934
922 826
885 873
1129 724
962 820
1080 759
1004 790
971 824
909 877
1057 777
966 840
1033 810
732 1101
1005 835
988 848
952 899
1139 798
792 1094
1100 846
1215 787
790 1153
908 1001
1096 886
959 966
958 994
1140 902
1012 964
1183 882
1125 910
951 1036
1224 881
1233 883
781 1352
830 1295
1236 913
861 1350
1042 1152
1150 1073
1133 1154
1121 1174
964 1349
1112 1204
1110 1261
1145 1247
1220 1239
1259 1137
1262 1146
1253 1176
1128 1372
1152 1376
1269 1158
1247 1286
1237 1366
1347700863 1745211470
1
sift 187
95 62
23 19
394 464
174 154
66 65
106 123
98 93
182 168
125 95
197 142
146 103
212 195
139 110
191 146
148 124
281 235
163 111
260 217
162 117
270 268
185 134
313 248
166 157
288 265
198 153
497 366
221 149
378 504
190 182
471 476
206 190
563 491
208 221
556 587
254 251
724 511
294 227
712 739
278 253
742 851
324 245
1045 738
316 263
642 1045
310 283
925 856
295 298
1017 766
342 273
974 911
419 252
991 904
347 324
1028 1132
386 326
375 349
491 304
448 327
398 352
374 376
369 383
420 364
381 430
397 414
430 423
422 431
413 456
409 492
488 425
492 428
588 388
354 678
480 469
538 419
644 375
657 404
486 557
541 495
524 525
580 483
749 409
544 513
602 489
633 477
634 486
806 424
600 534
551 580
465 749
731 496
678 538
617 583
720 543
624 601
639 589
792 502
738 540
785 520
750 546
697 599
646 635
710 602
694 614
599 727
896 553
1022 503
630 793
913 559
702 710
740 679
498 1103
663 797
774 660
906 576
883 607
797 700
878 668
824 728
696 887
693 909
920 655
765 838
1030 631
867 783
1001 666
770 879
628 1146
558 1454
872 869
848 892
940 827
757 1020
708 1182
1012 780
839 945
1163 699
981 834
869 935
834 980
998 835
1158 756
783 1116
1199 722
1108 810
846 1005
922 929
1178 761
1217 732
990 890
1074 848
1081 849
911 984
1194 785
819 1142
1015 895
1154 815
934 999
1129 864
817 1213
923 1074
1151 885
1200 855
905 1166
1020 1017
1086 979
903 1238
1121 988
1192 932
1186 965
987 1232
1006 1208
962 1322
1185 1031
1149 1107
1013 1333
977 1441
1115 1320
1222 1195
1075 1481
1140 1419
1247 1205
1242 1243
1169 1429
1266 1168
1258 1223
1148 1507
1220 1504
1347700863 1811936640
1
sift 237
106 46
17 11
66 35
57 29
155 68
102 56
147 69
98 62
174 95
116 63
139 85
125 61
197 102
90 103
148 83
111 120
191 116
163 81
185 99
166 129
182 170
198 108
260 159
213 109
212 206
206 143
294 154
214 158
313 216
246 149
324 161
190 209
289 265
274 160
316 212
254 190
563 329
303 200
411 274
278 211
714 312
399 172
495 308
293 228
471 475
310 243
538 307
347 254
724 394
325 280
1030 341
295 302
514 689
343 269
731 397
323 319
925 551
386 287
378 842
375 297
980 562
401 293
967 527
272 524
991 605
389 316
854 601
370 342
974 658
491 294
1216 536
358 367
448 321
1192 709
398 354
453 333
430 351
439 347
381 414
434 370
644 298
468 383
490 373
501 381
526 369
505 399
604 365
382 547
362 653
397 599
409 592
492 490
560 439
422 593
564 445
639 422
541 457
524 495
580 453
576 458
530 498
634 433
651 425
548 493
413 671
624 454
588 478
354 884
611 492
633 491
662 496
540 598
674 503
584 573
605 561
594 600
544 641
704 544
706 554
694 572
615 630
710 578
697 589
599 662
551 700
663 623
732 590
792 546
803 557
598 694
772 597
1002 494
750 632
866 563
738 661
824 620
628 780
649 760
804 667
740 707
829 657
907 625
1129 537
828 669
815 681
831 672
702 789
774 710
896 650
693 800
757 742
864 682
1022 614
819 704
865 692
801 735
793 749
550 1135
802 745
666 883
934 674
909 690
555 1160
700 903
1108 637
1020 666
878 744
770 829
963 699
617 1104
920 712
880 758
898 776
763 913
990 725
1158 675
765 982
783 976
1006 755
1194 685
1205 680
961 793
1084 726
932 824
1015 785
940 853
1033 795
1024 801
903 912
1008 831
968 882
922 930
998 868
1012 861
951 954
1079 858
981 941
1185 798
858 1116
987 943
749 1472
923 1122
884 1198
846 1280
1199 886
1175 933
1074 1049
1154 985
1013 1151
1215 951
1096 1070
1086 1097
1151 1076
853 1521
1007 1240
1236 988
886 1485
1222 1090
1112 1227
1139 1229
1149 1228
1165 1209
1140 1251
1224 1159
1247 1101
966 1575
1075 1390
1186 1264
1133 1346
1153 1351
1121 1420
986 1775
1266 1223
1097 1641
1115 1731
1169 1640
1232 1643
1347700863 1865606473
1
sift 335
100 50
7 4
63 25
17 8
150 89
20 13
66 26
57 31
155 85
67 28
147 78
76 40
197 115
64 53
139 95
73 55
191 123
91 46
148 100
98 65
216 117
116 61
163 93
125 69
260 158
101 97
181 98
96 102
335 187
117 96
185 109
111 126
313 201
124 132
198 114
173 122
563 312
213 108
208 139
166 138
542 386
214 156
294 161
246 144
714 354
232 163
324 159
190 207
724 459
188 250
316 192
274 166
917 539
254 181
419 200
271 184
980 554
287 177
411 295
278 194
925 635
268 222
495 328
229 296
974 648
283 216
538 327
293 211
991 682
310 209
600 388
292 259
1255 1187
612 169
731 439
399 196
340 230
1030 433
265 300
328 245
854 551
284 286
336 249
1123 615
325 270
286 298
1216 604
347 261
295 308
1192 757
342 265
323 281
1239 730
334 282
370 273
474 237
487 262
375 303
420 280
386 307
364 337
374 330
401 313
383 331
432 302
431 319
352 370
448 335
453 332
363 401
381 382
430 353
433 357
491 352
371 428
434 381
490 363
405 425
480 383
644 325
513 371
395 463
379 497
468 416
477 421
539 372
382 511
505 403
417 469
409 496
425 490
494 431
530 422
541 410
741 351
526 427
362 638
397 556
478 476
531 445
488 481
762 364
524 467
639 418
536 466
596 450
422 624
492 535
576 471
462 579
566 494
580 485
624 464
611 474
354 965
413 755
486 672
465 710
544 595
710 503
682 516
646 534
685 518
605 569
662 538
598 584
599 582
602 585
761 492
633 576
584 626
595 623
552 676
570 667
626 618
704 557
594 644
634 619
732 555
663 600
697 590
506 786
772 541
867 505
551 734
482 868
674 630
675 628
726 610
502 843
694 643
702 649
803 573
792 588
866 548
678 719
1002 532
865 596
640 785
804 661
815 651
693 746
828 642
630 832
856 636
1143 533
774 705
831 668
864 655
1065 560
649 831
824 687
801 709
787 724
829 699
844 691
617 949
819 717
876 688
793 742
943 653
896 684
1178 558
948 663
934 671
909 689
586 1100
1020 652
878 743
963 707
1008 686
880 760
770 861
802 865
906 770
763 956
798 940
1033 731
921 781
1035 738
898 812
783 977
903 818
765 1008
754 1057
1096 739
932 848
816 991
872 944
884 920
739 1168
1006 799
1129 752
775 1110
822 1018
998 827
1024 820
1001 845
922 948
1108 789
1158 767
1182 763
848 1053
749 1277
869 1051
857 1076
1194 777
951 961
1012 907
1197 790
1229 774
990 970
839 1202
979 1012
1079 947
981 1017
999 1013
978 1092
1163 911
886 1241
961 1156
1086 999
1215 885
1051 1041
1237 876
897 1298
923 1266
1135 1016
1236 922
911 1304
1074 1108
1013 1185
1081 1120
988 1231
1139 1074
987 1252
1141 1086
1034 1216
1040 1275
1224 1061
1222 1068
966 1395
1118 1214
1266 1014
1154 1257
1007 1467
1150 1288
1186 1245
1112 1349
1075 1425
908 1736
1149 1346
984 1638
1101 1461
1140 1417
1208 1315
840 1874
1121 1480
1037 1643
1242 1313
1247 1327
1196 1494
1058 1755
1087 1740
1185 1602
1180 1621
1151 1723
1165 1713
1100 1821
1253 1497
1183 1769
1220 1791
1232 1778
1230 1799
1258 1868
