1358582240 1430327691
1
sift 526
155 113
48 41
12 8
42 45
81 56
14 16
158 119
87 60
16 19
47 47
80 65
22 21
266 254
97 68
29 29
102 79
95 85
38 22
398 373
121 80
31 33
131 98
111 87
32 32
506 474
126 106
44 43
140 117
137 97
61 50
654 665
139 112
58 55
178 151
164 108
77 48
768 596
165 133
89 75
251 185
186 129
106 64
806 595
175 141
128 91
241 233
172 138
135 92
942 778
203 135
152 110
270 210
189 142
161 111
1613 935
198 152
130 168
297 298
200 154
145 156
1457 1014
228 145
183 139
341 309
222 157
174 186
1447 1115
219 160
180 189
1184 237
238 167
259 143
1582 1259
244 162
185 206
555 446
246 199
207 192
265 240
171 279
645 568
298 207
226 216
331 194
227 224
754 628
305 220
231 226
295 241
262 229
879 889
338 230
245 270
313 262
264 264
1157 897
302 281
480 179
325 261
221 408
1895 716
288 306
258 319
339 257
306 285
1122 1116
336 266
287 301
400 246
267 364
1328 1023
363 260
301 332
387 265
274 391
1518 1199
366 275
307 323
370 282
318 322
1145 1765
394 271
334 317
405 278
347 315
1881 1839
358 311
321 342
376 312
359 316
1709 2082
354 325
360 327
543 245
333 361
1865 2074
417 307
271 527
437 333
377 386
1845 2359
502 356
315 470
501 360
416 368
481 379
326 471
473 388
314 483
443 414
352 450
418 457
421 389
518 381
432 403
465 417
463 400
461 453
413 467
583 375
499 390
608 366
385 554
521 422
395 539
618 377
442 498
467 506
478 480
464 513
483 490
435 566
420 579
532 489
486 496
524 501
438 543
559 495
458 529
622 485
496 522
658 482
503 519
515 594
547 484
626 565
459 578
686 538
546 492
616 610
490 550
717 547
498 555
748 561
585 476
782 545
1042 336
671 609
599 521
689 602
567 588
756 576
497 690
864 606
549 618
817 642
591 586
793 673
550 640
733 730
565 639
830 657
579 654
770 753
584 649
611 1092
553 751
849 714
545 780
666 1030
631 643
751 899
529 846
969 707
639 674
929 717
528 965
857 840
597 793
1032 759
544 973
958 800
651 734
983 820
788 619
847 988
939 552
852 982
519 1125
858 989
627 844
1065 862
669 758
813 1268
693 733
1135 867
827 623
1285 841
684 763
996 980
719 726
941 1150
688 761
1421 792
703 750
1190 942
537 1284
904 1263
749 729
1246 974
491 1523
1147 1113
757 770
1621 865
708 834
1019 1347
819 720
1234 1135
714 895
1258 1208
710 918
1250 1230
732 879
1378 1151
829 768
1386 1212
683 996
1811 1006
761 901
1388 1285
775 894
1807 1057
876 765
1733 1110
785 914
909 2366
805 907
1788 1198
954 722
1282 1589
821 869
1233 1762
811 908
1468 1508
841 853
1316 1877
803 949
1354 1889
863 824
1389 1871
672 1194
1896 1417
1093 685
1684 1746
718 1073
1828 1614
1034 727
1575 1926
836 925
1663 1977
774 1028
1808 1794
704 1170
1579 2121
1041 747
1762 1916
730 1146
1703 2014
781 1031
1637 2188
828 984
1757 2139
729 1251
1560 2391
799 1107
1906 1959
728 1282
1802 2289
894 951
924 939
809 1139
721 1381
990 919
789 1233
873 1040
843 1117
970 986
889 1088
877 1123
1029 971
800 1375
861 1172
993 1000
831 1277
995 1011
950 1059
856 1235
935 1144
837 1354
1004 1058
1119 969
988 1089
1003 1075
741 1706
891 1276
826 1450
1068 1045
932 1237
842 1426
1053 1097
1096 1041
976 1223
931 1305
1056 1137
1020 1206
1015 1227
1085 1127
1023 1260
1078 1167
999 1304
968 1365
992 1344
1026 1311
1076 1243
1000 1382
1038 1358
1072 1295
1057 1321
971 1455
955 1476
1005 1424
1189 1183
928 1518
907 1572
1202 1193
1066 1371
1319 1061
1215 1188
1229 1178
1014 1465
1002 1487
1045 1449
1177 1280
1171 1290
1021 1492
1232 1232
1283 1184
1216 1272
1166 1331
1082 1438
1183 1340
1160 1389
1325 1203
1289 1248
1132 1435
967 1802
1064 1548
1208 1393
1185 1418
912 1985
1142 1478
1117 1512
1024 1732
1205 1443
984 1850
1403 1245
1129 1520
1141 1524
1225 1459
1167 1517
1098 1656
1227 1475
1113 1628
1436 1274
1238 1480
1504 1252
1073 1791
1424 1330
1125 1696
1105 1772
1358 1444
1471 1352
979 2370
1404 1470
1239 1679
1299 1607
1356 1530
1284 1662
1343 1612
1161 2041
1529 1454
1606 1412
1298 1698
1273 1771
1367 1623
1271 1801
1346 1670
1266 1872
1138 2220
1287 1810
1277 1881
1333 1755
1370 1702
1304 1826
1435 1643
1360 1776
1187 2272
1500 1604
1270 2067
1440 1705
1376 1858
1463 1728
1455 1774
1306 2144
1506 1769
1674 1597
1415 1947
1432 1920
1466 1857
1419 1990
1259 2378
1423 1983
1409 2040
1505 1886
1520 1863
1640 1712
1327 2277
1375 2165
1390 2159
1482 1964
1480 2020
1525 1955
1462 2090
1593 1854
1584 1887
1456 2108
1257 2443
1522 1991
1477 2098
1348 2361
1458 2185
1486 2191
1517 2166
1476 2231
1491 2225
1558 2123
1521 2202
1751 1849
1604 2094
1799 1875
1550 2294
1644 2168
1790 1958
1725 2095
1741 2076
1933 1797
1549 2395
1562 2401
1914 1935
1893 2013
1776 2200
1879 2071
1623 2403
1716 2344
1926 1988
1749 2343
1707 2394
1769 2331
1832 2288
1852 2295
1839 2374
1800 2409
1915 2350
1929 2342
1945 2416
1924 2455
1358582240 1788219329
1
sift 709
157 115
40 50
18 17
398 406
48 54
16 18
155 128
53 60
22 24
780 556
81 78
32 37
209 201
80 86
39 43
643 829
88 88
47 41
573 628
94 84
43 48
768 768
97 92
50 52
654 808
95 98
51 55
942 1028
98 97
52 62
1447 1082
104 99
58 57
113 91
54 63
99 108
61 66
112 107
77 83
121 114
84 80
126 113
89 87
137 133
96 85
138 130
107 79
146 120
100 93
163 126
105 100
167 144
109 96
182 150
106 103
165 175
111 104
176 159
119 117
175 174
128 132
186 188
114 141
166 220
134 123
198 192
136 125
200 197
130 138
203 208
140 127
208 205
144 121
219 210
131 167
216 213
145 147
205 227
159 142
222 219
152 146
228 241
154 145
244 230
153 156
238 240
171 153
247 253
162 180
265 256
174 154
288 288
172 166
343 262
202 149
295 299
180 163
302 294
178 173
298 308
185 164
305 312
196 172
325 307
191 190
313 331
226 157
276 412
207 183
308 352
161 250
327 337
230 176
339 329
195 212
336 340
232 182
338 351
250 177
344 387
251 195
370 364
224 229
331 407
229 218
376 368
227 222
366 381
231 234
400 378
241 231
394 380
293 207
387 393
258 243
405 385
280 224
399 402
267 237
467 327
254 254
417 420
245 269
418 426
269 263
436 417
243 282
437 421
264 268
322 601
270 265
443 451
284 264
476 435
259 285
461 499
314 238
465 497
291 259
501 472
297 258
521 476
249 309
515 506
278 273
524 515
277 286
530 509
294 276
518 533
287 277
532 530
300 289
472 610
307 290
502 585
315 278
561 535
285 321
487 619
299 302
551 580
309 292
522 620
301 317
559 599
321 295
594 578
326 293
624 553
328 303
612 565
324 310
564 630
320 316
582 612
329 315
608 598
347 304
620 587
333 322
568 649
332 336
588 638
341 325
618 614
378 300
625 609
534 244
646 603
427 271
632 627
369 319
733 566
356 330
650 660
346 342
706 653
352 335
717 650
396 306
671 691
364 333
689 706
330 362
748 677
360 348
686 746
385 345
778 679
348 366
739 713
334 388
758 726
354 359
666 836
431 296
770 748
380 353
802 734
377 361
759 777
381 373
756 788
388 369
720 834
350 396
817 759
408 357
793 803
379 411
864 732
412 395
736 865
425 371
938 742
413 404
782 887
415 403
914 775
392 458
830 871
428 414
865 817
463 390
973 795
442 408
880 856
449 405
897 841
411 469
969 864
469 399
857 1056
422 439
929 957
420 443
1032 900
440 429
941 990
448 424
958 978
441 438
746 1405
477 418
1027 945
460 428
832 1215
447 441
983 1014
416 510
858 1208
439 483
853 1272
455 456
1065 1011
454 459
1124 1015
453 461
1246 967
438 490
1190 1092
535 410
1241 1078
456 471
1422 1068
459 474
1234 1214
497 442
1378 1122
491 447
1194 1318
478 462
1579 1038
499 444
1438 1126
423 529
1431 1155
451 493
1258 1349
496 457
1621 1087
492 468
1285 1491
483 488
1560 1244
481 502
1388 1415
519 464
1248 1587
526 470
1421 1389
545 448
1483 1326
446 539
1386 1465
493 523
1544 1341
503 512
1414 1497
513 528
1282 1620
553 491
1255 1636
566 486
1527 1411
488 548
1519 1486
549 504
1555 1462
580 481
1844 1453
523 531
550 511
554 516
547 524
536 532
607 507
555 550
565 551
597 536
529 597
577 555
516 618
609 549
558 596
590 567
544 629
627 552
615 568
613 576
649 579
735 541
584 671
655 600
669 590
703 572
749 560
653 621
672 607
639 642
645 656
674 626
660 657
685 632
730 608
630 705
726 615
690 644
700 680
769 648
715 684
741 669
683 710
760 663
710 693
742 675
747 672
728 681
820 622
719 699
729 692
723 704
708 721
732 707
788 682
767 709
764 718
781 703
774 730
797 702
751 751
809 700
716 786
805 708
629 924
712 799
784 744
811 728
775 764
785 757
831 725
803 763
821 752
810 778
836 750
829 756
842 749
773 827
862 745
634 1095
718 904
721 905
982 696
752 906
881 766
841 802
1001 735
988 753
869 812
873 823
947 789
877 832
856 847
1351 635
984 790
1283 664
891 840
884 846
889 844
924 828
855 892
950 821
905 859
1031 797
887 895
1048 800
843 946
923 868
971 860
967 880
1007 848
846 999
1066 811
985 872
976 882
907 942
996 884
1015 876
1045 857
1037 867
1004 890
1070 843
906 991
1035 896
995 919
992 921
1016 910
928 975
1023 915
1158 822
1051 898
1284 773
975 954
1005 944
954 997
1026 941
1108 877
999 972
1003 969
1056 929
1050 939
1123 891
939 1057
912 1096
854 1186
1136 901
1078 936
1063 956
1053 971
966 1069
1207 870
1029 1017
1082 950
1076 958
1116 933
955 1100
1105 951
1068 987
1395 807
1189 907
1057 1020
1013 1076
927 1154
1153 953
1164 943
1186 935
1125 992
1122 1005
1172 962
1187 960
1166 974
1138 1002
1232 931
1381 851
1113 1041
1142 1023
1086 1083
1020 1150
1095 1072
1183 1007
1161 1027
1002 1181
1210 989
1218 984
1195 1010
1119 1077
1336 917
1188 1031
1315 927
1185 1034
1328 922
1024 1194
1139 1071
1067 1135
1249 985
1128 1091
1171 1065
1205 1036
1197 1045
1273 965
1212 1030
1239 1006
1242 1004
1244 1003
1167 1070
1094 1127
1319 949
876 1481
1229 1043
1087 1162
1156 1112
1041 1262
1175 1113
1265 1055
1144 1137
1350 981
1216 1094
1259 1064
1276 1047
1160 1156
1313 1040
1346 1024
1287 1066
1206 1138
1405 994
1903 833
1301 1098
1237 1158
1129 1291
1306 1110
1270 1144
1406 1063
1225 1198
1084 1403
1304 1148
1257 1202
1360 1133
1323 1163
1424 1109
1221 1297
1371 1153
1145 1429
1349 1182
1343 1189
1329 1200
1656 1026
1495 1108
1317 1241
1377 1204
1435 1160
1485 1128
1419 1180
1357 1253
1505 1139
1375 1242
1506 1141
1394 1232
1391 1239
1404 1236
1337 1300
1411 1243
1380 1275
1403 1256
1436 1219
1585 1129
1463 1206
1573 1143
1352 1308
1472 1210
1333 1357
1367 1329
1479 1228
1442 1271
1458 1261
1384 1327
1409 1320
1327 1427
1440 1296
1342 1442
1426 1340
1665 1191
1423 1368
1566 1252
1634 1212
1510 1330
1640 1250
1522 1324
1482 1371
1465 1394
1312 1560
1675 1254
1520 1373
1504 1393
1593 1322
1491 1433
1710 1276
1466 1469
1518 1455
1209 1649
1638 1361
1542 1439
1521 1476
1363 1612
1549 1458
1462 1547
1672 1385
1280 1643
1753 1336
1839 1288
1670 1422
1678 1410
1623 1464
1584 1489
1538 1529
1741 1377
1778 1382
1478 1589
1572 1540
1577 1535
1849 1321
1562 1543
1707 1456
1688 1467
1605 1524
1847 1346
1697 1472
1615 1525
1716 1459
1728 1454
1930 1266
1862 1374
1856 1379
1673 1513
1865 1375
1813 1431
1583 1579
1586 1580
1739 1480
1882 1392
1742 1499
1514 1633
1937 1316
1768 1531
1832 1504
1824 1509
1911 1443
1713 1576
1914 1447
1694 1603
1580 1640
1915 1479
1664 1631
1863 1582
1792 1616
1889 1574
1929 1518
1918 1594
1924 1600
1358582240 1799436415
1
sift 103
99 54
111 64
98 60
172 173
121 87
245 216
165 172
198 185
203 157
333 317
219 202
354 345
248 197
481 288
257 209
438 350
273 233
419 416
302 319
461 373
370 300
403 475
363 307
415 504
339 328
379 622
336 335
773 349
376 336
512 508
417 338
498 559
518 326
550 569
443 461
590 555
466 471
577 666
464 505
803 653
522 456
815 671
532 491
792 763
658 403
862 690
622 563
723 946
689 532
775 894
678 626
751 1004
717 596
1056 733
778 619
889 849
857 583
767 1077
759 729
878 916
864 639
873 955
969 617
858 1010
1135 676
1078 820
1032 764
972 968
852 994
996 973
1065 900
1003 966
813 1298
1073 934
904 1091
1227 880
1011 1133
1141 1014
886 1431
1128 1036
1621 824
1171 1086
1019 1319
1076 1169
1234 1256
1167 1192
1246 1349
1404 1051
1258 1383
1067 1449
1147 1545
1142 1374
1519 1382
1132 1399
1906 1597
1317 1220
1287 1310
1543 1122
1558 1367
1670 1292
1692 1452
1849 1454
1747 1565
1358582240 2014127030
1
sift 97
157 73
48 61
50 43
125 134
302 320
51 45
169 180
87 99
74 66
179 231
338 285
95 104
209 271
97 106
136 84
263 257
339 370
80 123
236 362
137 110
300 68
234 437
358 433
168 114
725 671
165 184
259 113
782 582
175 186
933 770
219 225
598 138
717 666
326 197
960 1092
273 333
381 204
307 287
1203 1370
374 292
281 361
360 278
366 353
333 336
313 390
387 357
341 448
325 451
417 415
721 365
667 293
401 472
639 523
437 470
443 575
550 720
473 592
532 618
528 826
678 669
864 682
829 606
863 620
813 774
924 605
526 1412
770 896
781 798
1029 710
1247 648
995 740
775 1019
1032 858
1096 733
751 1117
904 1186
1266 696
1119 814
1134 1359
1186 784
1688 688
1234 1297
1216 831
1681 702
1621 1082
927 1097
1225 861
850 1239
996 1181
1391 957
1118 1188
1145 1175
1489 982
1751 993
1609 1096
1829 1057
1940 1002
1358582240 2045004962
1
sift 297
157 308
53 41
12 10
48 46
16 20
942 939
81 67
22 24
121 92
61 56
1613 870
95 76
131 77
126 113
130 231
137 120
161 154
165 167
172 195
186 178
210 187
203 184
175 198
198 208
174 241
222 224
201 209
219 247
207 217
257 261
185 263
244 276
196 254
273 281
227 260
265 288
270 253
338 268
287 309
313 313
267 407
339 316
284 384
336 336
300 362
327 346
334 344
302 378
307 395
363 321
370 331
366 325
333 364
387 319
354 425
414 329
314 470
325 408
376 432
394 359
271 643
401 357
377 446
374 392
481 369
373 400
326 517
417 406
379 489
386 471
413 468
437 430
415 473
533 375
440 451
418 514
547 393
443 477
483 443
465 463
420 529
464 559
438 505
461 561
458 487
532 524
460 504
559 558
496 496
524 593
442 543
508 625
498 511
494 673
385 783
658 491
459 579
624 537
512 568
686 536
560 560
594 633
516 613
626 602
449 779
717 571
505 709
689 627
523 693
748 610
550 667
782 592
631 583
680 703
544 705
746 655
497 925
759 650
644 670
733 739
639 722
864 696
545 905
770 832
719 672
804 876
732 694
969 797
703 741
857 893
718 777
847 918
757 768
880 896
708 802
852 964
819 770
1065 809
803 793
900 906
704 883
1011 849
767 857
858 1011
829 825
1032 879
745 919
1133 1006
885 784
904 1315
838 827
1246 987
781 902
897 1592
742 976
1234 1058
836 858
1519 950
971 801
1019 1415
809 979
1258 1320
1119 727
1111 1534
730 1179
1460 1241
1004 836
1250 1350
729 1214
1354 1746
970 856
1388 1216
862 948
1624 1701
924 886
1483 1255
707 1292
1844 1717
873 957
1733 1146
974 899
1684 1873
773 1242
1807 1187
741 1449
1750 1925
831 1193
889 1071
1132 864
957 1008
945 1022
1068 921
1023 986
1000 1027
996 1051
789 1476
1010 1044
932 1147
1014 1069
993 1090
995 1101
999 1098
1057 1040
1079 1028
1158 983
1139 1001
1056 1100
1003 1201
935 1288
1424 878
1183 1047
1202 1037
1319 960
1076 1173
1441 894
1050 1222
1153 1122
1189 1084
1207 1073
1137 1180
842 1764
1227 1103
1197 1152
1066 1301
1026 1390
1436 984
1208 1184
881 1757
1073 1351
1185 1252
1141 1328
1352 1112
1005 1596
1238 1237
1167 1334
1021 1620
1045 1584
1205 1317
1375 1194
1102 1613
1824 1025
1546 1183
1299 1384
1440 1249
1346 1380
1349 1379
1357 1371
1799 1123
1273 1597
1525 1340
1580 1300
1522 1345
1196 1864
1323 1656
1553 1372
1432 1507
1694 1290
1465 1497
1343 1681
1400 1618
1462 1533
1670 1352
1634 1382
1360 1752
1558 1503
1277 1872
1673 1422
1521 1605
1370 1808
1853 1339
1542 1647
1507 1711
1692 1542
1564 1673
1616 1624
1384 1900
1520 1787
1842 1514
1884 1486
1725 1678
1707 1707
1705 1726
1609 1841
1914 1574
1747 1755
1840 1689
1797 1741
1720 1809
1801 1753
1664 1895
1879 1731
1782 1863
1730 1897
1862 1798
1915 1792
1926 1877
1927 1931
1358582240 2130703568
1
sift 216
157 278
48 52
16 13
140 125
216 168
22 25
209 526
95 87
33 29
178 132
339 310
61 50
1625 550
122 118
55 60
251 209
394 338
56 61
1154 1190
165 170
54 94
341 296
327 397
172 195
203 180
183 220
479 447
533 334
175 215
198 238
245 314
981 527
494 543
219 251
257 237
278 304
754 720
782 516
273 266
313 337
282 400
1145 1799
717 581
370 299
387 301
300 385
759 871
363 323
366 320
267 473
927 1397
336 340
302 416
334 371
1011 1345
333 408
374 413
284 519
1255 1764
321 433
373 421
354 474
417 417
376 463
377 560
473 402
437 446
440 471
413 559
443 523
415 555
465 502
461 623
468 544
438 661
572 546
496 644
658 482
532 585
458 776
524 627
618 587
460 868
592 761
770 834
567 818
631 738
864 730
639 740
550 968
746 903
570 925
764 646
857 949
757 739
669 954
858 967
719 882
829 803
1065 839
684 1013
1119 620
938 920
723 1011
803 901
900 969
885 809
767 1041
1247 772
774 1052
863 906
853 1191
714 1255
836 970
733 1622
872 914
811 1114
1135 1218
924 908
751 1280
1388 1188
781 1219
834 1090
1621 1205
971 915
809 1215
1258 1517
838 1147
1004 946
1733 1207
995 989
988 1006
1545 1930
905 1130
862 1253
1684 2016
1056 981
1023 1030
1068 993
815 1409
843 1317
957 1171
1014 1195
1029 1226
861 1457
1142 1145
877 1532
1096 1209
1078 1248
1186 1153
789 1997
1424 959
996 1430
1278 1101
1216 1193
993 1488
1319 1135
1031 1481
1010 1533
1215 1279
999 1641
1167 1398
1002 1861
1064 1770
1303 1367
1171 1573
1225 1480
1336 1387
1393 1401
1284 1537
1404 1413
1317 1563
1298 1614
1694 1316
1392 1565
1525 1446
1219 1919
1331 1695
1671 1365
1440 1566
1272 1881
1360 1776
1435 1685
1682 1435
1580 1526
1375 1803
1333 1908
1318 1959
1522 1676
1688 1502
1521 1769
1480 1807
1517 1773
1685 1605
1746 1594
1343 2017
1482 1914
1837 1559
1366 2028
1566 1873
1462 1980
1670 1781
1596 1875
1664 1805
1542 1962
1429 2022
1853 1677
1751 1796
1634 2005
1768 1958
1825 1956
1914 1839
1801 1979
1929 1884
1939 1848
1777 2030
1358582240 2146998783
1
sift 264
125 133
48 72
16 13
157 104
494 613
22 19
169 164
80 76
29 21
179 187
588 599
31 28
234 247
95 93
33 35
263 269
680 694
39 62
236 342
121 99
52 46
506 462
880 744
55 51
209 485
165 174
61 58
1154 932
1011 1134
105 123
933 937
175 178
136 111
1235 1064
140 131
1203 1233
203 204
168 110
1625 1427
259 89
216 234
145 148
153 177
238 224
183 215
161 261
273 301
251 228
227 271
406 260
360 188
270 235
313 321
245 273
258 289
339 316
391 213
269 286
302 393
278 294
271 314
363 331
267 330
300 299
336 352
381 249
287 358
370 332
284 432
380 322
387 349
347 354
333 366
394 355
341 364
334 387
401 346
326 413
366 375
374 382
377 440
358 446
417 435
354 460
353 465
437 456
460 363
415 454
465 484
440 428
413 476
443 502
463 408
547 376
608 422
485 445
536 447
464 630
419 648
442 601
524 548
449 604
458 608
532 578
607 503
496 640
624 532
424 965
658 516
666 624
981 474
526 877
686 610
631 686
717 615
782 616
639 704
752 607
604 875
734 627
669 702
650 912
757 649
528 1069
770 802
764 653
718 713
746 989
721 710
769 697
929 827
829 674
803 751
900 902
742 820
834 730
1065 834
767 845
809 786
853 1076
766 880
781 858
857 1072
863 767
887 770
858 1112
821 874
924 752
813 1436
836 854
970 733
1234 941
905 769
800 950
1246 953
869 851
1119 709
1032 1400
971 803
709 1214
1388 1039
704 1223
1004 812
1248 1210
700 1289
1068 819
1258 1370
1066 823
995 910
1135 1581
862 1061
789 1285
1733 1055
1116 855
1023 944
1621 1166
1029 942
879 1088
1807 1127
828 1212
877 1109
1014 991
1142 886
1056 981
854 1238
974 1067
1002 1044
993 1077
1078 1010
1186 933
1096 1004
1058 1037
937 1186
1189 955
1148 993
1067 1096
955 1277
999 1220
996 1275
950 1371
1216 1024
1061 1222
1424 923
1266 1035
935 1485
1466 919
1021 1379
1117 1207
1167 1180
1118 1271
1064 1399
1232 1169
1225 1201
1319 1106
1185 1343
1227 1287
1694 972
1168 1392
1218 1334
1145 1459
1391 1174
1360 1219
1522 1099
1673 1032
1304 1297
1238 1418
1440 1191
1333 1307
1586 1105
1237 1455
1518 1194
1317 1405
1380 1355
1688 1110
1655 1141
1743 1104
1525 1274
1506 1301
1343 1486
1800 1167
1713 1224
1321 1585
1375 1536
1609 1318
1783 1199
1685 1286
1745 1243
1697 1298
1584 1408
1432 1559
1580 1444
1675 1397
1435 1600
1521 1542
1747 1403
1751 1442
1720 1483
1514 1609
1818 1439
1692 1546
1707 1543
1853 1430
1801 1529
1914 1591
