136395905 304795499
1
sift 674
28 18
32 26
5 2
35 27
92 85
7 10
51 40
127 121
9 11
162 165
133 130
21 22
242 229
294 222
30 20
271 266
141 143
34 28
265 277
318 263
45 38
321 321
149 156
39 45
292 348
324 309
53 35
346 346
158 161
42 51
311 379
342 294
50 59
343 373
179 167
60 57
428 429
407 341
56 67
456 466
199 188
73 58
620 399
354 432
75 63
517 643
213 196
78 66
663 826
432 365
83 69
746 813
216 210
88 71
769 949
404 398
102 79
854 933
240 240
84 109
1192 861
416 543
101 89
1102 941
253 241
107 81
1380 1286
467 473
105 105
1132 1656
256 244
114 96
475 522
113 108
272 259
111 111
581 501
109 115
305 264
118 118
516 557
120 119
300 280
126 116
709 652
115 133
297 288
129 124
751 787
138 113
315 320
124 126
759 807
123 137
369 339
122 146
782 886
132 135
358 491
134 151
1123 782
135 150
448 431
143 142
914 936
145 139
447 444
136 155
938 922
160 144
536 599
153 159
913 1049
170 157
564 620
161 162
1078 918
184 158
618 636
167 164
989 1163
157 169
818 902
140 193
1109 1206
139 195
957 892
151 184
1071 1284
169 172
882 1034
185 190
1081 1397
194 173
1007 1032
204 171
1327 1195
208 180
1185 1229
232 168
1370 1243
207 198
1296 1292
200 213
1229 1417
205 208
1281 1325
215 202
1180 1606
221 211
1773 1155
227 215
1513 1390
236 217
1493 1588
238 243
1709 1443
247 234
1560 1702
226 285
1767 1587
264 227
1511 1763
267 232
317 216
270 236
250 260
295 224
254 284
244 338
261 281
281 261
278 274
280 278
266 313
299 265
289 273
313 255
332 250
307 268
283 286
291 283
290 291
308 282
302 301
251 386
312 308
326 296
304 328
293 331
335 289
330 312
367 276
355 302
248 484
333 329
285 401
334 355
338 349
347 343
423 279
344 363
310 415
345 375
349 361
371 351
366 376
357 406
385 374
362 404
420 353
487 304
384 402
341 483
414 384
464 352
394 420
452 383
368 472
429 411
434 408
383 458
431 424
422 433
442 419
458 407
424 442
450 438
370 539
454 449
504 392
440 462
402 513
496 426
441 497
485 445
471 459
469 493
473 489
479 494
494 476
506 463
492 506
409 710
449 640
513 515
511 524
509 535
586 474
563 499
466 676
580 502
771 417
548 529
547 558
579 537
608 510
529 586
617 512
543 575
546 576
539 585
640 508
574 573
559 587
594 559
535 617
521 653
502 698
544 631
613 563
555 637
528 687
587 606
616 574
570 641
600 597
678 530
584 639
603 624
576 672
615 638
598 658
611 648
634 645
601 678
553 762
621 680
629 669
604 702
775 532
558 768
645 661
597 726
702 625
736 588
643 692
729 601
630 717
657 674
583 775
742 602
636 724
699 662
673 700
660 712
639 747
667 715
686 697
650 733
680 723
681 725
638 779
635 786
676 735
647 776
805 622
655 778
748 695
642 803
798 634
753 689
737 704
703 741
694 749
610 839
767 690
693 767
712 752
808 659
690 772
784 691
755 731
711 780
981 582
794 705
713 788
652 912
732 831
689 873
723 837
1163 572
754 819
776 802
763 821
789 793
698 925
735 879
738 880
734 896
796 825
856 792
868 801
911 770
847 810
1019 729
780 859
909 785
757 926
773 899
637 1199
830 855
701 1050
921 806
826 867
853 842
785 915
838 878
874 850
837 887
855 865
1084 756
967 816
720 1080
924 829
718 1087
848 888
772 992
791 954
815 944
859 891
860 898
1126 763
851 910
940 838
922 858
683 1231
959 849
862 929
920 876
936 864
883 909
844 972
925 885
904 905
864 957
903 911
871 956
987 862
935 901
966 890
1047 841
1316 746
888 952
1029 869
811 1098
893 982
990 920
1053 872
894 1011
994 938
916 1006
1049 897
1057 893
1002 946
850 1125
932 1026
928 1035
969 1017
937 1036
980 1013
1038 958
875 1137
985 1019
950 1046
974 1033
927 1073
978 1039
1020 1001
839 1208
956 1057
1009 1021
929 1102
988 1051
943 1094
880 1184
1089 963
1014 1040
841 1249
1091 964
1079 978
979 1081
975 1090
971 1091
896 1167
955 1117
814 1331
1037 1059
991 1121
996 1113
930 1179
1270 894
1012 1110
1120 996
1161 962
1158 973
1136 998
1055 1070
1011 1147
1072 1058
1044 1120
968 1214
1364 895
1260 942
954 1238
1107 1067
1196 1005
1040 1169
1166 1029
1065 1145
1104 1116
1056 1182
1026 1215
1060 1180
1396 953
1274 1023
1066 1205
1058 1222
1169 1115
1042 1274
1004 1314
1051 1268
1117 1186
1070 1236
982 1393
1024 1334
1127 1209
1152 1183
1028 1347
926 1523
1205 1154
1087 1272
1245 1127
1207 1160
1177 1194
1118 1260
1317 1112
1175 1210
1133 1281
1157 1253
1354 1128
1188 1240
1110 1328
1171 1266
1179 1258
1125 1326
1283 1192
1130 1319
1174 1283
1224 1251
1170 1303
1221 1275
1184 1304
1141 1357
1330 1201
1154 1348
1263 1278
1230 1312
1357 1226
1164 1394
1211 1342
1394 1219
1131 1463
1085 1563
1410 1220
1099 1557
1285 1310
1160 1432
1333 1280
1235 1379
1439 1221
1225 1389
1223 1420
1320 1336
1213 1447
1598 1166
1114 1627
1428 1282
1236 1437
1313 1373
1241 1446
1278 1412
1200 1525
1342 1358
1240 1485
1344 1367
1173 1581
1366 1360
1392 1349
1414 1338
1286 1452
1399 1352
1294 1456
1325 1415
1251 1512
1319 1426
1265 1506
1467 1322
1495 1311
1258 1538
1440 1369
1272 1534
1385 1416
1256 1575
1346 1471
1425 1404
1351 1503
1417 1429
1291 1584
1361 1515
1689 1233
1521 1366
1445 1450
1290 1632
1442 1467
1469 1448
1363 1552
1473 1458
1518 1403
1430 1521
1384 1571
1359 1592
1232 1746
1322 1649
1631 1332
1459 1519
1447 1526
1279 1707
1358 1626
1307 1681
1303 1687
1369 1628
1593 1395
1645 1344
1257 1752
1233 1787
1400 1609
1412 1602
1582 1419
1408 1645
1674 1380
1568 1498
1555 1517
1398 1699
1786 1301
1514 1583
1433 1679
1499 1612
1309 1801
1682 1411
1528 1586
1594 1522
1470 1664
1254 1840
1713 1421
1462 1720
1519 1648
1562 1604
1573 1593
1388 1800
1626 1536
1663 1513
1556 1643
1583 1624
1639 1565
1506 1719
1550 1670
1790 1402
1608 1616
1277 1849
1753 1502
1580 1686
1602 1662
1539 1738
1585 1695
1586 1696
1653 1630
1509 1781
1644 1652
1614 1708
1466 1838
1678 1667
1791 1532
1726 1640
1526 1818
1522 1820
1463 1843
1723 1680
1624 1782
1634 1774
1693 1726
1707 1714
1754 1660
1792 1613
1579 1832
1796 1617
1698 1740
1800 1610
1541 1842
1667 1793
1525 1844
1741 1748
1637 1827
1746 1751
1721 1778
1801 1663
1758 1777
1777 1755
1700 1822
1784 1766
1730 1823
1686 1847
1742 1841
1772 1846
136395905 411685623
1
sift 94
520 588
45 84
149 152
101 82
161 165
179 191
193 317
158 225
213 253
289 320
236 249
297 324
262 372
300 345
312 341
434 422
281 382
287 446
611 361
385 407
479 510
587 413
647 406
513 544
391 799
681 463
536 655
708 535
584 640
661 700
636 676
594 743
546 839
586 879
657 760
964 610
1032 631
639 978
723 955
713 874
775 854
758 1248
1213 641
1009 737
904 1137
785 958
1127 750
996 1178
734 1127
717 1196
1118 1238
1044 815
1235 746
1008 1497
695 1310
1050 842
1482 1383
926 947
839 1088
1573 1792
879 1043
861 1068
1002 1017
1162 872
840 1302
1055 1035
1070 1034
956 1197
1140 1061
1440 885
907 1551
1014 1413
1224 1163
1466 1133
1066 1646
1693 1070
1613 1176
1519 1255
1283 1558
1408 1444
1614 1250
1371 1573
1603 1388
1772 1309
1604 1606
1586 1702
1447 1831
1564 1754
1639 1716
1676 1680
1667 1725
1727 1708
1763 1764
1819 1833
136395905 476880634
1
sift 85
32 64
30 35
127 146
36 37
571 500
34 47
141 170
45 62
709 538
96 96
158 181
107 94
751 797
109 104
221 185
142 250
914 782
199 232
236 220
255 192
1071 1093
216 252
213 279
201 312
1557 1028
261 266
256 280
250 298
1078 1419
272 315
281 327
402 254
1457 1585
300 343
297 350
367 336
369 307
315 375
267 467
347 357
312 385
506 359
385 383
382 421
414 461
448 435
431 457
613 583
447 478
392 547
699 589
511 506
513 528
827 678
547 544
536 590
888 667
543 599
618 638
954 754
657 629
786 648
1145 710
676 956
818 867
1032 771
904 826
774 1109
1286 702
996 889
1435 773
1179 890
1007 1046
1185 1124
1205 931
1676 845
1281 1397
1267 1025
1656 923
1810 1722
1049 1426
1496 1144
1118 1528
1797 1067
1564 1436
136395905 517252654
1
sift 70
390 337
34 26
43 102
145 100
404 448
132 129
141 121
161 115
571 393
158 190
179 211
144 665
1123 1205
213 198
216 272
270 240
240 253
272 275
291 231
281 274
286 282
313 244
276 304
382 425
293 292
469 358
590 423
496 359
563 378
492 513
579 509
513 568
543 604
574 839
546 629
686 521
587 846
536 677
618 634
888 566
676 636
657 651
1048 536
826 609
847 722
698 814
681 896
904 710
1032 654
1646 550
1185 1051
1126 708
1037 786
1585 1140
970 841
798 1082
1196 754
1205 796
937 1078
1149 932
1175 1049
1179 1058
1477 1024
1209 1264
1207 1277
1313 1325
1586 1215
1686 1207
1582 1315
1639 1307
136395905 528510916
1
sift 93
127 155
34 45
141 159
45 65
390 435
98 78
179 184
100 96
318 599
107 95
199 242
145 148
571 617
158 188
216 270
221 175
418 1082
236 228
213 296
201 302
709 590
255 241
256 278
240 300
914 772
250 322
253 342
299 314
1071 1003
286 321
272 338
281 352
1229 1306
300 369
297 373
336 363
1513 1139
305 374
369 325
312 395
315 388
359 443
367 358
347 377
448 478
361 434
385 413
447 516
506 371
434 427
536 627
431 467
479 480
564 655
513 545
511 550
655 569
660 502
547 560
818 909
543 608
613 600
957 786
639 594
402 1166
1007 1054
699 607
703 638
1185 1147
657 689
786 691
1281 1296
773 726
964 656
1435 1453
827 751
888 707
757 862
676 992
1040 718
1145 682
904 849
954 892
937 916
1179 855
996 1018
962 1105
987 1159
1496 922
1184 1282
1656 1019
1442 1229
1564 1391
136395905 579717169
1
sift 126
38 66
387 426
20 22
131 167
45 60
36 41
202 254
522 495
42 71
242 289
107 103
73 58
265 335
709 708
56 74
321 338
109 119
77 105
343 387
705 822
105 96
746 650
141 156
124 126
1102 765
1139 1180
118 150
770 1679
158 188
295 245
1380 1187
179 220
221 196
308 312
216 229
236 223
345 349
213 263
240 252
450 334
272 287
307 275
474 417
281 291
300 310
529 484
981 211
306 371
409 733
361 342
347 365
599 472
385 360
414 429
603 500
447 425
511 467
631 523
513 593
536 582
763 496
543 694
618 647
955 465
702 553
657 618
732 544
719 636
980 600
827 633
1004 635
904 787
1157 572
1225 562
818 873
903 719
994 745
1185 1081
1040 735
880 824
962 1402
1073 728
1174 676
1435 1217
1221 754
948 884
1482 1875
778 1088
866 985
1514 693
1286 775
1190 806
1258 781
1340 797
1104 898
1603 739
1188 897
1302 900
1634 820
1388 957
990 1307
1456 941
1648 876
1315 1039
1322 1051
1521 967
1412 1028
1199 1182
1730 888
1611 949
1522 1057
1530 1158
1509 1210
1791 1079
1801 1062
1676 1177
1784 1263
1569 1499
1705 1516
1722 1611
1803 1493
1687 1735
1564 1891
1660 1781
1754 1710
1789 1973
136395905 868876902
1
sift 76
26 31
709 500
60 76
38 44
110 65
202 285
107 129
271 438
179 131
311 194
143 177
1380 1502
167 206
292 221
216 162
240 174
242 326
297 229
270 243
265 316
300 250
319 259
769 645
312 271
315 309
854 760
334 308
262 379
272 373
385 325
382 378
503 341
431 391
479 362
391 644
536 498
683 509
657 526
702 567
723 568
1083 472
630 659
719 642
650 692
1042 551
713 677
655 763
775 652
779 654
693 758
717 733
853 675
1118 668
861 803
1313 641
996 761
1047 745
967 812
840 945
1283 878
956 1116
1368 891
1194 1018
1058 1141
1386 949
1171 1065
1247 1042
1196 1096
1121 1171
1639 938
1496 1002
1502 1143
1644 1197
1469 1354
1371 1491
1728 1552
136395905 936120456
1
sift 86
709 559
34 37
45 68
96 122
107 102
109 123
145 155
141 169
179 215
151 257
221 193
199 237
230 200
142 299
216 240
261 248
236 226
213 265
307 243
240 261
272 297
270 280
250 295
281 305
201 452
300 331
297 344
267 388
304 348
306 387
345 379
347 354
361 385
506 306
385 371
414 421
525 335
448 408
447 439
434 418
606 360
431 489
548 516
511 484
513 562
613 611
547 566
536 590
699 587
543 621
618 650
827 654
657 668
786 602
888 615
980 664
676 1002
439 1932
818 880
757 990
937 864
773 966
905 860
1019 852
903 1056
1007 1068
1032 982
1104 976
909 1371
962 1256
844 1457
1185 1091
1205 1036
1230 1042
1435 1283
1442 1164
1184 1377
1119 1853
1361 1455
1509 1353
1282 1589
1403 1439
1477 1558
1813 1848
1530 1569
1573 1910
136395905 1029832138
1
sift 132
28 21
53 50
131 88
107 112
42 64
202 186
73 52
242 212
158 175
56 80
265 263
78 65
321 270
240 220
105 70
292 333
126 99
620 334
618 608
113 114
746 568
132 117
1181 897
657 587
118 134
1102 669
124 145
1380 931
143 146
1335 1315
167 151
1572 1492
185 152
215 165
326 231
317 245
291 271
304 284
334 278
422 261
463 274
450 329
473 354
383 489
530 366
548 376
370 715
689 383
529 452
607 415
647 422
702 418
603 475
707 436
409 818
732 449
630 533
837 474
763 576
871 517
573 795
788 579
850 558
1003 519
873 620
608 908
991 583
979 642
972 645
1050 615
652 956
1098 644
1038 685
1004 704
1174 634
1079 679
1224 637
1067 708
1040 730
1225 654
1209 668
1286 711
1302 724
1087 794
1165 789
1340 756
1157 807
941 1019
1236 797
1724 703
1201 868
1104 967
1190 907
1210 927
943 1209
1519 800
1213 955
1051 1118
1258 972
1524 843
765 1735
1449 889
1270 1007
1322 1015
1350 1009
1629 855
1595 873
1521 923
1412 1055
1700 900
1603 997
1315 1180
1554 1037
1579 1039
1526 1088
1649 1024
1693 1045
1730 1046
1698 1078
1801 1005
1522 1226
1705 1113
1677 1149
1634 1203
1804 1082
1358 1476
1646 1274
1722 1260
1784 1273
1687 1439
1731 1420
1755 1461
136395905 1186326363
1
sift 73
167 124
141 164
215 327
240 287
281 267
383 453
361 364
657 663
419 416
732 351
904 1014
587 439
689 466
1185 1291
838 432
871 455
612 622
647 618
870 518
991 479
900 578
851 627
1073 515
830 680
877 660
698 981
855 768
864 793
988 728
1221 634
937 790
837 993
1050 776
1176 734
1286 699
1174 760
1356 705
1040 921
1303 756
1224 798
1562 722
1340 810
1201 904
1157 955
1408 818
1091 1099
1629 778
1236 1044
1519 908
1251 1143
1213 1191
1685 1005
1258 1290
1724 1031
1350 1296
1322 1327
1649 1150
1524 1233
1782 1079
1595 1201
1646 1174
1818 1028
1506 1430
1693 1245
1630 1314
1784 1192
1698 1264
1466 1564
1801 1197
1677 1435
1503 1672
1769 1478
1779 1494
136395905 1203176847
1
sift 64
26 21
60 55
179 146
107 132
292 320
143 154
216 183
167 194
265 384
236 195
297 245
289 349
1181 1753
312 256
306 345
334 355
1380 1542
479 423
657 611
474 473
1335 1881
606 395
569 452
463 631
532 718
630 625
702 616
1047 532
713 706
1032 592
785 759
723 853
775 827
779 893
846 826
1070 720
985 774
832 919
1023 989
993 1152
840 1405
916 1264
1014 1297
831 1745
1724 906
1613 999
1646 1005
1121 1346
982 1751
1104 1463
1171 1348
1283 1281
1517 1151
1384 1268
1279 1390
1489 1235
1385 1545
1640 1299
1442 1517
1763 1233
1564 1758
1694 1672
1667 1775
1745 1847
136395905 1228518096
1
sift 188
32 41
34 51
45 49
98 46
387 137
96 61
101 59
160 164
519 526
100 81
107 103
147 188
688 532
149 142
157 174
161 187
727 541
179 173
141 208
194 172
709 600
158 194
213 220
193 219
1123 679
236 225
216 274
203 344
270 248
297 298
313 277
289 304
281 328
325 379
300 307
272 354
338 490
280 348
312 316
372 451
315 329
319 332
434 404
369 346
385 380
611 390
382 394
431 397
458 521
310 571
479 476
587 442
513 477
511 520
391 709
616 463
447 691
584 620
547 582
543 587
748 549
536 637
546 736
681 595
708 590
657 707
636 656
755 568
723 967
594 751
1047 537
853 861
586 851
699 728
904 973
667 762
532 951
827 1101
600 889
1024 591
839 1134
642 908
639 1002
847 1177
713 942
1032 724
1055 1000
775 947
693 1112
996 1079
1213 694
1009 828
963 1115
695 1281
717 1242
1007 1214
880 961
923 919
1118 1238
1044 857
725 1284
1368 1116
1050 874
1168 850
1592 1202
999 972
926 1054
1185 1634
979 1024
840 1200
1320 1501
846 1220
1002 1047
1479 1455
1149 911
1070 1011
1482 1931
1207 904
814 1355
1813 1750
1161 928
1127 980
1004 1120
1012 1133
1177 966
1235 936
1205 955
1028 1157
956 1250
1014 1252
813 1608
916 1383
1313 1004
1145 1126
1225 1102
977 1395
907 1535
1366 1062
991 1441
919 1575
927 1617
940 1650
1489 1098
1456 1140
929 1771
1283 1269
1187 1343
1224 1320
1549 1127
1459 1230
1607 1125
1026 1753
1072 1613
982 1887
1693 1104
1066 1698
1058 1763
1378 1340
1068 1748
1700 1137
1005 1943
1580 1253
1363 1458
1125 1847
1364 1539
1721 1282
1340 1601
1222 1777
1614 1361
1477 1511
1171 1919
1617 1423
1265 1874
1371 1768
1385 1780
1586 1533
1711 1504
1447 1849
1724 1526
1518 1833
1680 1628
1579 1823
1639 1756
1650 1772
1505 1965
1648 1848
1635 1960
1668 1955
136395905 1240301939
1
sift 131
28 30
390 363
36 32
456 470
141 124
34 36
131 145
404 596
98 51
158 195
88 73
242 229
538 473
184 81
179 188
132 127
265 244
938 801
145 115
157 216
170 120
271 258
715 1070
115 231
213 194
113 234
321 287
1123 930
236 205
221 230
270 259
854 846
235 223
199 276
313 246
1181 1081
216 283
240 292
293 269
1380 1094
253 280
272 322
291 449
281 342
300 403
371 406
315 436
347 434
434 368
361 421
414 377
381 464
385 417
447 533
463 408
440 457
513 532
458 472
1047 293
543 545
589 465
546 622
590 603
615 600
642 585
536 695
699 569
1032 455
657 684
611 654
693 642
676 697
601 778
813 648
847 675
762 681
780 678
826 731
926 643
974 634
904 744
942 645
983 637
723 1175
830 766
754 866
996 1000
1038 768
922 872
1007 1089
1247 706
979 911
1185 1194
893 952
1205 791
899 970
1014 920
1166 821
1196 831
1037 981
1179 897
975 1068
1044 1008
1242 890
1384 847
1313 909
1488 878
1012 1166
1152 1012
1057 1164
955 1272
1062 1208
1028 1246
1070 1195
1137 1159
1235 1086
1607 919
1521 963
1207 1136
1447 1017
1283 1118
1265 1126
1099 1271
1259 1190
1400 1123
1363 1144
1658 1135
1523 1225
1550 1237
1667 1169
1778 1148
136395905 1358582240
1
sift 85
45 48
107 122
98 54
147 211
158 203
194 172
236 219
221 257
434 355
272 367
312 313
459 395
280 370
297 339
458 413
281 387
315 336
611 415
300 363
276 414
584 567
369 302
319 394
708 610
361 373
414 376
594 764
385 417
431 437
1032 550
479 466
513 443
699 805
529 476
447 782
713 803
536 717
839 600
650 971
590 857
657 864
810 872
1050 761
723 1065
1044 767
785 1004
1007 852
1326 728
1205 775
1070 858
1313 751
1028 873
904 1032
1149 815
926 970
847 1135
953 972
1176 834
1613 813
1184 861
1002 1023
1118 1388
937 1073
1014 1057
1482 1483
1369 867
1158 1015
1607 877
1145 1129
1521 993
1466 1067
1456 1108
1140 1331
1614 1064
1582 1167
1066 1671
1283 1440
1224 1640
1119 1857
1604 1346
1447 1542
1724 1507
1469 1840
1639 1670
1819 1465
136395905 1430327691
1
sift 184
387 178
45 41
827 778
109 97
184 94
149 112
157 129
223 139
158 135
179 133
147 264
204 189
236 160
270 205
240 191
216 230
290 217
256 250
281 265
262 317
272 276
297 257
367 242
300 260
280 282
362 247
312 262
315 266
381 308
319 271
287 337
372 386
369 281
385 307
450 342
382 311
414 312
437 357
310 448
434 324
563 295
431 333
479 416
357 490
458 467
513 414
391 605
447 545
511 486
616 444
543 489
547 495
611 500
536 547
661 513
509 634
546 602
657 606
587 608
1047 494
723 862
438 1184
673 643
904 759
852 577
685 671
847 867
708 664
586 798
996 865
755 653
775 639
818 1131
642 776
664 790
1007 982
1024 593
767 734
963 1135
699 907
1032 640
1368 978
851 773
713 949
1118 1285
946 749
639 1168
1185 1263
693 1045
922 783
1479 1208
895 813
883 919
1042 1615
780 1036
785 1058
1813 1620
716 1329
1050 901
926 986
784 1196
1009 961
861 1086
838 1145
919 1026
1410 767
1205 894
1028 1040
959 1132
1224 973
956 1258
1161 1016
1179 1031
1002 1260
940 1342
1235 1018
1127 1134
1037 1295
1014 1321
979 1382
893 1467
1089 1237
1184 1172
1308 1076
1158 1227
1521 1000
927 1540
1072 1393
1383 1139
916 1652
1645 1008
1366 1207
977 1668
1326 1282
937 1791
1689 1038
1005 1673
1255 1370
1607 1123
1251 1396
1456 1299
1145 1520
1066 1677
1620 1192
1196 1504
1040 1882
1221 1513
1700 1224
1363 1470
1166 1754
1286 1597
1174 1779
1375 1536
1546 1441
1283 1705
1412 1590
1580 1479
1371 1685
1582 1517
1171 2098
1342 1816
1614 1548
1604 1670
1445 1929
1339 2209
1454 2117
1635 1809
1693 1726
1650 1800
1322 2338
1711 1783
1724 1768
1317 2427
1757 1807
1586 2124
1602 2219
1522 2326
1631 2170
1606 2304
1748 2191
1796 2179
1778 2256
1799 2272
1763 2404
136395905 1523815439
1
sift 56
82 142
132 114
167 121
207 205
383 342
587 470
838 394
955 430
647 581
991 474
900 542
870 644
830 762
1009 663
837 816
1174 629
1292 612
1250 627
872 873
1050 755
864 935
1004 811
1040 822
988 916
1340 716
1201 759
1176 786
1209 770
1136 851
1170 828
1157 924
1232 917
1408 823
930 1230
1087 1100
1519 866
1439 998
1722 849
1369 1097
1091 1302
1784 865
1251 1179
1649 988
1579 1077
1258 1317
1578 1152
1350 1335
1322 1374
1818 1018
1213 1607
1466 1481
1456 1525
1506 1474
1343 1645
1522 1574
1801 1441
136395905 1643728630
1
sift 82
108 85
18 19
164 158
45 39
581 409
109 76
541 460
141 110
145 121
592 490
158 131
221 136
253 177
256 199
272 204
281 206
300 238
280 260
315 264
313 292
369 289
361 299
319 331
448 279
447 324
385 364
431 334
492 351
499 398
546 399
536 405
677 397
657 443
643 451
543 585
1075 401
888 433
723 533
980 487
687 603
937 516
647 657
818 587
827 588
752 650
754 677
847 631
748 727
1007 615
1037 674
645 998
870 811
996 766
1185 711
935 840
1292 715
1568 653
1585 687
1479 745
950 1003
1060 920
1044 954
1249 843
1573 769
1127 945
1408 844
1214 938
1138 1022
1285 1027
1514 1010
1366 1109
1537 1158
1724 1074
1813 1028
1782 1246
1525 1475
1393 1699
1466 1667
1756 1368
1433 1764
1662 1730
1793 1584
136395905 1689478995
1
sift 60
26 23
294 258
60 61
202 271
38 39
110 78
519 352
107 104
271 405
179 115
311 209
143 147
1181 1168
217 134
292 227
167 166
1380 1390
240 146
265 339
270 153
297 194
321 313
312 204
319 207
769 621
315 253
334 257
1335 1526
272 335
333 350
503 269
431 309
479 297
419 416
536 427
657 458
661 475
702 543
693 580
713 573
723 570
1042 486
734 566
717 622
853 592
967 617
996 612
1313 547
958 713
784 821
840 791
871 776
1194 829
1001 1068
1279 902
1171 979
1631 1006
1371 1273
1613 1391
1701 1411
136395905 1716575903
1
sift 189
25 26
45 56
282 221
164 177
109 113
294 425
111 114
542 396
179 212
107 124
581 474
141 140
216 201
145 152
571 532
161 145
382 395
158 178
709 695
221 197
392 671
213 224
759 976
207 256
592 534
240 248
1123 1133
227 298
536 610
253 257
1527 1651
256 296
618 648
272 282
281 276
882 721
280 333
300 330
818 911
313 318
299 337
1007 1047
307 339
278 412
1185 1155
315 365
312 373
1281 1825
288 413
325 377
306 407
361 363
347 419
420 376
385 429
448 417
366 524
414 543
394 603
458 585
639 408
594 445
499 516
546 629
590 643
513 807
547 762
643 649
481 991
543 826
657 678
775 571
638 728
677 686
539 873
574 834
559 883
680 752
579 920
739 716
699 800
686 821
566 1090
833 682
601 1011
1075 560
666 928
917 663
888 700
755 841
647 1064
615 1164
661 1074
723 983
645 1181
681 1104
980 753
757 1035
720 1113
892 851
827 933
785 989
856 924
1402 651
1237 705
1351 668
1688 599
748 1231
847 1070
1512 677
904 1050
820 1206
937 1026
754 1406
1116 895
870 1166
798 1301
1072 949
923 1130
996 1073
853 1313
998 1136
875 1323
1495 828
825 1498
926 1257
830 1480
1149 1008
935 1263
1037 1148
1014 1261
1263 1002
855 1593
1292 1012
880 1540
852 1668
1425 952
851 1687
1011 1337
1042 1335
837 1899
1174 1177
978 1532
1278 1115
1553 964
945 1642
1221 1179
988 1570
894 1809
1209 1224
1269 1202
1057 1519
950 1788
1469 1097
1283 1223
1140 1396
1357 1213
1004 1778
910 1999
1028 1758
952 1949
1256 1332
1161 1499
979 1997
1044 1834
1224 1444
1127 1818
1184 1729
1214 1736
1232 1712
1166 1840
1479 1435
1285 1688
1408 1535
1477 1470
1585 1414
1126 2049
1530 1506
1225 1944
1235 1965
1611 1494
1447 1847
1439 1861
1459 1955
1686 1622
1586 1915
1766 1709
1649 2002
1816 1673
136395905 1788219329
1
sift 63
45 54
158 208
98 63
194 166
236 210
379 236
216 351
297 329
434 360
272 383
280 364
718 275
312 331
315 340
458 404
281 393
369 294
1032 511
319 380
414 368
1238 517
385 420
431 421
713 763
529 435
513 451
1044 709
479 496
536 650
1009 733
657 732
723 1011
693 987
1326 681
904 900
1028 823
1205 764
996 1087
879 950
1313 751
1007 1273
1002 915
1158 876
1070 1208
1014 1020
1456 877
1118 1415
1607 832
940 1237
1134 1497
1378 1053
1145 1291
1482 1326
1604 1024
1721 969
1224 1250
1582 1070
1448 1440
1639 1422
1635 1460
1601 1547
1819 1394
1745 1621
136395905 1799436415
1
sift 303
28 26
92 103
7 19
202 246
45 40
17 36
265 289
127 117
34 37
428 367
107 72
88 64
456 514
324 299
96 75
141 130
105 76
746 657
407 270
126 93
149 148
132 124
1102 753
433 356
145 115
158 157
113 161
1189 1370
354 460
115 169
179 172
191 112
404 437
204 129
157 186
161 140
709 528
143 163
213 187
184 146
751 597
167 153
199 224
208 141
715 1059
223 142
221 209
194 173
1123 921
207 176
236 202
215 273
1071 1382
216 228
240 221
367 189
1767 1133
267 210
253 235
270 263
200 391
272 267
278 256
254 286
281 280
293 275
326 260
319 269
302 282
280 300
300 307
325 285
297 328
315 335
268 379
307 353
347 332
338 331
317 354
369 319
394 292
580 245
385 338
410 314
357 361
414 336
469 313
434 346
431 415
424 355
339 506
448 409
450 370
471 369
447 435
437 406
440 412
479 471
458 408
441 441
513 461
506 373
439 464
492 545
494 420
622 360
543 491
509 446
493 476
625 450
422 623
579 440
547 503
589 426
673 397
511 562
615 436
613 452
546 532
642 447
702 424
661 505
737 427
611 504
536 596
570 567
645 533
590 583
638 556
699 522
686 549
587 622
610 603
618 625
775 507
643 614
635 644
600 662
647 632
680 617
693 631
657 639
676 645
621 731
689 651
847 676
650 710
713 653
723 900
788 592
797 600
904 764
779 638
716 698
1245 680
708 726
852 628
996 824
748 737
1032 569
818 1032
763 740
785 732
786 1196
732 804
940 648
1007 994
860 693
942 664
963 1256
830 739
974 690
932 1328
1316 566
922 736
1185 1091
833 813
1149 671
1395 1434
1396 607
916 790
1479 1383
851 870
838 885
1609 1280
880 849
888 838
979 787
924 842
1014 783
794 963
652 1263
1002 800
886 882
971 852
839 972
1158 747
927 910
1038 853
892 938
1196 770
937 934
871 1020
985 926
951 967
1162 828
1091 879
994 969
1146 864
1028 955
948 1029
1175 855
949 1037
975 1024
1057 942
1037 978
999 1015
1215 858
930 1076
1033 1003
992 1045
1075 958
1072 982
1205 894
1070 1010
1179 917
1378 869
1044 1077
943 1166
1108 1026
1496 832
1117 1033
1259 946
1235 964
1137 1069
1004 1230
1153 1068
970 1315
967 1324
1317 996
1313 1004
1477 939
1082 1187
1220 1093
1066 1250
1445 1011
1371 1063
1278 1125
1256 1161
1169 1241
1459 1087
1183 1262
955 1595
1176 1289
1272 1198
1721 966
1521 1082
1467 1114
1447 1121
1720 988
1514 1103
1362 1177
1631 1046
1221 1330
1051 1573
1270 1305
1319 1268
1385 1221
1209 1418
1366 1356
1285 1427
1412 1327
1251 1468
1582 1192
1303 1450
1400 1413
1680 1195
1624 1252
1613 1298
1466 1449
1639 1292
1405 1509
1734 1234
1586 1366
1388 1542
1480 1478
1740 1261
1748 1270
1723 1317
1456 1548
1519 1501
1700 1378
1585 1485
1523 1524
1617 1527
1596 1558
1644 1529
1783 1440
1693 1510
1757 1503
1741 1552
1731 1586
1800 1555
136395905 1861578657
1
sift 292
311 264
48 56
34 28
490 373
70 123
45 53
663 551
92 111
43 65
282 237
67 71
294 310
65 78
387 370
98 62
433 424
88 84
416 486
79 112
571 543
81 120
715 700
100 114
709 778
109 126
759 857
111 130
751 1138
143 142
1123 968
141 144
913 1328
145 148
1124 1270
181 138
167 145
161 156
158 174
157 190
179 189
208 193
216 208
213 210
221 202
207 226
238 224
240 239
250 231
270 245
256 277
272 262
281 273
286 280
268 319
280 302
307 287
299 316
293 321
288 347
312 332
367 290
313 333
290 381
310 360
325 344
370 314
289 404
315 361
360 329
306 400
369 331
347 351
361 340
419 312
580 256
420 349
385 395
371 434
383 426
366 470
474 365
447 409
357 521
448 421
414 459
431 465
509 380
434 468
471 435
362 622
609 385
458 533
444 571
492 484
499 489
469 585
511 518
479 631
481 653
600 499
536 584
546 583
513 629
639 500
589 549
630 514
590 553
544 610
696 488
547 628
560 639
543 673
583 630
618 604
693 539
841 463
753 498
594 648
587 657
775 495
643 613
559 713
437 1183
649 632
683 612
638 678
466 1091
566 755
677 640
626 701
579 741
734 615
680 692
686 702
666 782
661 829
625 916
681 836
615 989
1075 580
882 666
647 938
967 627
903 662
645 966
723 853
888 695
698 917
697 943
690 950
838 752
994 687
694 990
720 962
757 901
1245 597
818 852
859 787
826 855
810 871
927 753
748 1013
847 869
980 763
798 958
1164 693
837 926
991 791
937 847
904 897
1625 601
964 862
853 999
830 1041
932 925
926 933
829 1085
962 936
1029 885
1072 839
851 1065
928 1000
864 1078
1194 788
900 1066
862 1117
1196 815
1425 736
1014 997
1023 1002
1037 994
855 1178
814 1341
1041 1026
1011 1062
1292 840
1512 751
923 1166
1263 888
1007 1115
1116 1028
978 1187
950 1228
1688 744
1026 1163
1050 1148
1250 971
945 1293
1627 784
971 1281
988 1249
1004 1223
959 1309
1171 1049
1028 1264
1042 1252
1082 1164
1161 1109
1221 1076
1044 1307
1255 1106
1224 1131
1202 1150
1152 1185
1357 1063
1319 1087
1469 1025
1185 1201
1174 1214
1127 1292
1087 1372
1184 1217
1175 1229
1057 1441
1070 1426
1055 1477
1378 1113
1309 1153
1268 1212
1283 1205
1157 1360
1205 1329
1340 1225
1518 1130
1384 1256
1562 1127
1207 1434
1410 1250
1687 1067
1269 1392
1388 1298
1408 1315
1258 1460
1223 1528
1281 1478
1169 1613
1395 1411
1400 1415
1225 1594
1330 1510
1285 1554
1584 1257
1585 1271
1251 1588
1479 1401
1385 1505
1658 1227
1211 1639
1624 1276
1439 1488
1722 1206
1291 1629
1765 1203
1241 1651
1744 1245
1582 1432
1447 1573
1784 1221
1514 1551
1525 1545
1573 1509
1586 1563
1686 1452
1519 1632
1649 1567
1369 1673
1747 1503
1611 1606
1720 1532
1708 1555
1727 1549
1721 1645
136395905 2014127030
1
sift 94
127 160
36 24
149 178
34 56
133 230
45 61
199 248
98 78
390 445
100 105
216 285
107 106
432 623
121 156
256 276
191 126
418 997
141 181
286 347
179 184
571 690
208 258
369 320
236 225
751 726
201 293
359 435
255 213
709 987
213 299
382 433
240 283
914 899
261 315
448 505
299 302
1229 1263
272 354
447 582
281 357
305 379
536 666
312 390
367 358
564 681
347 397
362 401
818 965
385 415
392 413
957 883
506 384
331 633
1282 1230
431 470
479 469
513 575
511 578
597 528
547 589
1168 380
543 618
613 619
618 670
955 503
699 631
703 648
657 682
642 764
964 592
757 863
827 799
1032 720
1230 694
904 858
774 1033
1179 798
1037 962
996 1082
1496 826
1007 1122
1205 1019
963 1297
1083 1251
1185 1186
1313 1117
1184 1243
987 1504
1344 1146
1263 1258
1416 1271
1237 1478
1518 1303
1564 1399
136395905 2045004962
1
sift 270
131 259
32 44
30 36
202 290
45 46
34 56
271 373
187 181
101 73
1380 1461
100 92
99 124
1181 1565
294 248
109 120
149 143
145 149
342 433
144 152
141 175
161 187
432 413
157 178
179 167
223 161
581 533
158 184
213 224
194 195
709 530
180 242
216 268
151 283
669 679
204 220
236 247
218 257
751 744
227 255
221 261
231 260
1078 624
278 265
253 298
289 276
938 841
362 262
272 326
349 272
1123 761
261 341
276 329
262 344
1071 950
281 319
297 316
280 331
915 1085
300 321
312 313
307 354
1229 876
315 336
319 359
296 366
1081 1220
379 304
347 367
367 312
1109 1269
308 399
359 382
325 384
1527 1246
326 398
369 378
310 420
361 400
385 406
357 443
372 446
431 430
352 482
345 507
448 475
414 432
434 424
513 477
442 439
458 468
447 592
410 509
391 548
511 537
479 464
597 407
543 524
718 404
587 489
547 558
611 473
525 529
536 571
445 664
625 490
546 627
530 572
632 523
661 559
749 484
492 680
760 594
548 623
647 579
657 696
699 573
545 694
590 893
673 583
532 774
680 797
694 599
642 659
676 840
586 736
589 747
723 809
689 672
600 784
655 881
667 710
650 801
757 946
708 778
794 677
774 987
779 689
639 850
904 879
713 793
923 685
818 1018
853 752
1032 667
1007 964
716 877
785 836
1185 1315
863 829
808 880
1245 1368
784 910
1361 640
1479 1320
826 940
926 856
1813 1651
936 858
861 955
950 906
1044 857
974 948
1004 926
956 970
1094 873
907 1014
813 1166
1084 887
1028 957
880 1071
1002 986
962 1005
1029 974
979 1027
985 1023
866 1151
1060 978
1179 902
1014 1040
1127 949
919 1156
916 1169
1070 1011
1213 914
994 1123
1363 872
1230 938
940 1197
1012 1125
1235 943
1068 1060
1120 1029
1005 1167
1037 1139
977 1212
1176 1010
1006 1202
1377 923
1083 1145
999 1267
1072 1184
937 1351
1383 979
1187 1074
1366 993
1541 919
927 1409
1196 1080
991 1340
1118 1216
1066 1362
1459 1064
1489 1118
1283 1249
1416 1194
1174 1361
1125 1465
1620 1072
1058 1601
1238 1331
1242 1375
1256 1379
1146 1526
1385 1300
1317 1341
1482 1255
1265 1432
1286 1423
1182 1573
1801 1054
1772 1122
1263 1510
1376 1427
1445 1374
1637 1248
1766 1180
1519 1345
1466 1408
1442 1447
1371 1531
1582 1334
1171 1838
1351 1644
1639 1352
1727 1337
1447 1647
1587 1503
1573 1551
1613 1508
1469 1689
1601 1533
1631 1501
1635 1580
1662 1593
1523 1753
1403 1886
1553 1762
1518 1823
1648 1696
1602 1800
1514 1893
1740 1678
1724 1711
1562 1910
1791 1688
1819 1497
1643 1894
1745 1891
1763 1890
1796 1907
136395905 2095558067
1
sift 133
108 105
45 63
120 116
342 300
141 139
418 297
145 140
164 158
369 334
170 144
404 371
179 203
592 631
571 489
217 175
581 494
221 180
818 854
253 223
1123 741
256 261
1124 943
272 253
281 254
286 281
223 478
315 314
306 354
313 358
325 363
312 390
361 384
382 356
420 337
394 365
371 429
448 360
385 419
492 443
458 541
536 581
618 577
546 678
481 847
638 610
643 602
677 597
738 572
657 661
539 832
559 810
513 945
871 526
680 705
543 949
775 608
666 752
888 596
850 646
686 862
699 871
698 891
690 934
991 651
681 972
647 1081
689 1028
723 1017
827 874
1279 635
882 894
900 917
926 899
754 1173
904 983
820 1104
1425 692
937 1031
1299 793
1026 1016
1221 842
829 1265
1023 1053
1037 1050
1007 1075
830 1338
851 1308
1193 931
996 1123
864 1323
1292 890
837 1443
1319 901
1134 1057
1266 976
1256 1012
1687 807
1009 1287
923 1453
1174 1102
870 1627
950 1471
988 1463
1028 1410
1004 1478
1209 1156
1224 1160
1185 1243
1011 1596
1437 1096
1386 1133
1646 1029
1044 1644
1024 1708
1624 1060
1176 1448
1722 1034
1161 1491
1371 1356
1184 1599
1384 1382
1448 1318
1435 1364
1439 1403
1249 1654
1408 1525
1477 1460
1585 1336
1473 1540
1521 1529
1479 1702
1573 1659
1650 1595
136395905 2130703568
1
sift 475
131 205
32 32
21 19
163 212
63 72
30 34
202 263
93 67
34 50
257 364
92 78
45 52
242 269
108 113
67 79
265 360
127 122
78 81
271 362
187 155
79 77
304 349
149 142
101 71
321 423
148 202
88 89
295 374
216 167
100 88
746 867
294 283
99 92
308 395
199 204
109 111
769 926
263 462
107 118
363 384
297 310
118 119
1102 1283
342 366
135 159
283 507
287 347
141 160
1181 1741
486 295
145 172
386 614
319 338
157 163
1189 1967
407 343
189 150
573 683
324 499
200 144
433 442
160 175
990 602
404 515
158 180
418 542
151 190
866 766
447 516
179 170
581 506
188 197
765 1077
448 518
194 195
709 641
180 228
1141 1034
536 581
203 201
688 701
213 222
911 1390
618 685
204 240
669 790
223 220
1462 976
702 695
221 237
533 1137
240 243
1504 1640
818 889
236 251
1123 802
230 280
1552 1634
1078 905
205 358
1081 990
250 285
778 1319
268 270
1229 912
278 261
1109 1009
261 290
1513 1032
253 305
1282 1227
305 281
1527 1562
270 306
1395 1487
288 292
280 299
281 301
272 321
384 250
267 356
289 326
300 323
299 344
312 337
307 350
313 345
315 340
293 387
310 398
333 375
359 369
347 383
357 391
379 363
415 354
371 403
355 419
302 509
361 421
369 416
338 471
352 449
385 417
317 535
360 459
373 448
367 491
431 446
414 463
442 441
434 475
372 560
391 569
479 501
718 386
349 781
503 498
458 559
513 523
597 473
560 503
492 591
547 561
506 623
601 549
543 585
509 639
579 567
611 555
546 654
586 609
606 603
616 605
544 690
548 691
567 677
594 646
647 586
532 760
638 642
633 666
615 693
608 711
694 628
681 655
537 852
686 664
584 818
697 671
690 676
589 820
657 730
600 809
640 767
720 665
635 780
673 738
664 759
794 612
565 911
642 812
667 787
754 700
610 869
852 613
909 583
704 771
639 857
755 723
590 949
644 880
545 1106
797 725
676 863
748 793
650 915
723 839
655 916
815 754
689 882
839 761
863 742
1020 660
713 901
806 814
693 993
717 959
833 844
876 816
949 775
775 900
929 813
864 859
810 914
870 862
1416 619
785 946
780 956
1065 764
932 866
1057 800
732 1155
853 928
826 975
784 1023
1033 849
801 1036
1276 733
734 1252
922 930
1023 881
838 1044
753 1265
936 970
813 1162
1047 898
950 969
744 1299
963 982
988 971
861 1105
856 1114
674 1561
1032 968
840 1199
967 1028
808 1276
1042 977
1062 962
847 1218
968 1049
1002 1030
926 1102
1070 967
940 1099
916 1157
894 1180
871 1222
906 1189
956 1131
1091 980
1044 1041
907 1214
1009 1104
919 1228
924 1256
1121 1020
1019 1164
996 1205
985 1213
1093 1061
1007 1192
1087 1084
974 1253
880 1358
1055 1176
1028 1210
1152 1047
1058 1203
1127 1130
1259 1011
832 1563
994 1303
1176 1090
1082 1207
1060 1243
1015 1294
1006 1300
1170 1115
1118 1188
1235 1069
1169 1152
1377 1004
993 1348
1190 1147
1274 1070
1174 1175
1210 1139
1111 1246
937 1440
1188 1178
1225 1145
1285 1094
1249 1136
1107 1289
1037 1374
1179 1219
991 1446
1005 1424
1258 1184
934 1558
1029 1414
890 1631
1172 1259
1049 1384
1066 1365
1196 1237
982 1523
1211 1250
1161 1308
1157 1322
980 1636
955 1672
1257 1274
1367 1212
1383 1215
1079 1486
1313 1280
1207 1333
1224 1324
1012 1649
1503 1170
1320 1285
1577 1118
1194 1367
1185 1392
1166 1410
1315 1306
1251 1340
1237 1370
1363 1301
1068 1633
1184 1457
1104 1610
1146 1537
1463 1286
1392 1329
1255 1415
1232 1447
1159 1528
1183 1521
1366 1361
1089 1712
1171 1551
1390 1360
1286 1429
1117 1689
1663 1225
1140 1695
1289 1489
1175 1627
1250 1531
1115 1756
1221 1578
1330 1475
1506 1359
1283 1566
1501 1372
1364 1485
1394 1461
1440 1423
1340 1502
1187 1726
1385 1526
1593 1362
1358 1586
1125 1947
1269 1701
1582 1398
1263 1735
1479 1517
1317 1697
1442 1575
1242 1832
1522 1503
1497 1541
1459 1613
1700 1380
1280 1840
1486 1609
1698 1401
1473 1642
1512 1588
1496 1606
1637 1466
1445 1688
1665 1453
1607 1532
1322 1901
1801 1351
1388 1827
1519 1676
1524 1678
1537 1669
1302 1950
1603 1605
1491 1751
1768 1436
1530 1696
1499 1753
1374 1912
1669 1560
1387 1918
1433 1865
1482 1806
1693 1548
1464 1856
1546 1742
1723 1539
1454 1879
1617 1665
1568 1737
1705 1603
1309 2015
1450 1951
1711 1626
1757 1580
1430 1976
1447 1962
1680 1685
1614 1770
1449 1994
1641 1777
1639 1781
1644 1805
1661 1779
1579 1906
1649 1815
1748 1708
1523 1979
1760 1703
1654 1877
1800 1643
1650 1881
1756 1746
1809 1571
1686 1855
1589 1988
1755 1818
1730 1895
1667 1958
1763 1885
1792 1853
1793 1920
136395905 2146998783
1
sift 211
131 63
48 42
31 45
614 471
34 58
294 296
45 72
519 600
101 76
426 448
88 98
688 673
109 106
467 490
107 126
727 692
149 151
581 510
157 181
1123 980
145 197
709 646
141 206
161 182
807 749
179 174
158 204
1109 1242
223 215
213 231
204 244
216 233
193 312
231 271
240 254
268 259
270 290
261 302
280 332
297 316
299 317
289 323
281 349
300 331
312 321
272 374
315 352
319 355
287 417
379 350
310 463
347 422
369 393
345 455
372 440
385 435
382 446
360 497
442 436
431 456
434 461
458 476
503 449
430 524
479 483
391 606
448 529
513 502
611 454
447 616
511 532
492 595
543 578
536 615
649 542
638 559
547 672
594 653
618 636
636 632
546 722
661 630
600 684
667 665
604 771
589 826
851 603
586 903
650 803
713 751
870 648
839 669
642 876
693 819
775 747
723 834
590 1072
877 708
677 957
655 1005
717 923
926 733
695 1017
780 901
732 1015
801 909
773 952
853 870
1157 718
818 968
1004 830
1176 730
840 973
1127 769
1215 735
1044 845
950 902
861 1014
963 941
967 951
813 1122
1091 871
1002 944
1207 820
1055 954
924 1067
1040 999
1259 853
1224 879
974 1061
1225 886
1015 1036
916 1129
1006 1046
993 1082
919 1161
1007 1075
940 1147
996 1166
1118 1039
956 1254
1070 1112
1058 1153
1322 966
1066 1156
991 1274
1005 1259
994 1296
1705 856
1286 1031
1174 1118
1121 1229
1514 1002
1580 982
1279 1133
1700 940
1501 1028
1340 1110
1221 1208
1283 1191
1196 1267
1496 1069
1466 1096
1693 988
1068 1488
1171 1349
1519 1099
1637 1065
1377 1251
1489 1169
1607 1109
1266 1383
1454 1230
1146 1511
1194 1457
1185 1479
1299 1378
1289 1385
1182 1512
1638 1142
1582 1180
1676 1140
1268 1476
1317 1456
1801 1063
1250 1530
1479 1370
1634 1216
1385 1444
1603 1286
1363 1498
1494 1398
1477 1416
1371 1509
1351 1533
1242 1609
1648 1321
1724 1302
1614 1399
1518 1506
1613 1436
1640 1421
1497 1557
1523 1529
1564 1517
1730 1395
1763 1391
1631 1531
1680 1600
1791 1553
1740 1607
