1430327691 1788219329
1
sift 432
61 67
40 53
19 18
373 406
56 78
22 42
113 128
65 86
31 38
596 768
68 92
55 57
117 127
85 98
50 66
778 1028
84 99
48 83
98 167
87 104
75 87
1625 1448
80 114
91 132
127 135
106 113
125 91
97 133
111 103
151 173
112 131
168 138
83 253
156 147
150 184
133 175
186 154
162 144
137 165
184 194
129 188
189 163
141 174
216 157
208 245
135 208
192 183
152 192
206 164
210 265
154 197
143 285
145 241
279 153
254 252
157 219
247 181
160 210
267 182
309 325
167 240
244 189
240 256
224 222
446 550
220 312
226 234
241 299
264 268
568 656
194 407
319 243
230 351
270 269
1005 899
261 307
364 237
281 294
301 277
1023 922
256 328
367 250
262 331
305 287
1116 1005
246 378
323 290
266 340
342 295
1115 1082
271 380
332 317
265 393
326 349
1199 1455
282 364
361 322
275 381
324 360
1764 1428
278 385
317 388
312 368
362 343
2372 1205
307 420
470 278
333 421
471 293
2074 1375
353 417
386 361
414 451
450 335
379 502
400 390
457 426
344 485
381 533
494 347
422 476
467 404
416 496
368 510
366 598
554 345
453 499
498 408
501 515
527 392
489 530
490 488
486 553
514 458
468 614
522 457
495 599
484 524
507 649
517 492
547 650
526 489
561 677
430 586
538 746
519 512
730 566
543 490
609 691
591 469
602 706
690 442
606 732
618 504
576 788
780 448
545 887
751 491
642 759
639 551
665 808
691 547
673 803
652 577
796 697
793 536
753 748
728 559
707 864
909 516
899 751
1125 464
797 817
750 572
759 900
605 715
717 957
758 590
825 849
674 642
800 978
821 570
820 1014
736 655
1029 837
756 658
980 884
852 618
862 1011
805 641
840 1056
839 623
932 995
726 699
1077 852
760 698
865 1087
719 741
974 967
802 701
942 1092
973 629
779 1328
768 756
792 1389
896 684
1150 990
806 737
989 1208
834 721
962 1286
879 707
982 1273
918 693
1135 1214
888 722
1195 1190
1146 608
1093 1364
1194 607
1218 1323
908 728
1208 1349
869 752
1346 1230
809 782
1411 1203
925 750
1285 1415
894 764
1711 1546
914 757
1589 1620
961 733
1738 1567
853 802
2391 1244
996 710
1750 1646
1031 703
2444 1561
949 763
1184 664
1028 730
722 997
1139 700
878 848
686 1127
939 828
1282 681
1251 692
1089 753
912 917
1277 725
994 845
1040 823
929 928
1302 739
1059 821
1071 850
1088 844
1123 832
747 1262
1010 920
1706 669
1058 890
1426 749
1073 904
971 1017
1276 840
1061 949
1227 876
1223 882
969 1077
1233 874
1371 811
1045 987
1183 907
1169 914
1137 929
1117 946
1075 969
1097 971
1036 1044
1167 936
1260 915
1232 931
1111 1016
1256 933
1168 996
1243 958
1449 857
1311 941
1381 905
1145 1059
1178 1043
1304 972
1025 1183
1331 974
1258 1054
1424 944
1398 962
1340 1007
1421 954
1321 1020
1438 950
1290 1065
1350 1033
1271 1093
1206 1150
1418 1034
1330 1109
1443 1036
1572 942
1802 880
1518 975
1478 1023
1140 1313
1469 1062
1245 1256
1274 1219
1389 1156
1476 1100
1517 1070
1367 1196
1696 992
1513 1085
1679 1006
1771 965
1342 1237
1628 1041
1670 1024
1528 1105
1461 1193
1459 1198
1487 1181
1488 1195
1810 1066
1399 1356
1668 1137
1782 1103
2041 1027
1643 1160
2272 960
1652 1164
2092 1025
1612 1189
2126 1018
2220 1002
1489 1306
1768 1142
1520 1291
1986 1097
1786 1158
1826 1148
1732 1194
1491 1390
1886 1139
1728 1206
1585 1299
1709 1226
1540 1351
1617 1293
2142 1089
1717 1236
1609 1301
1618 1302
1712 1250
1503 1435
1623 1329
2144 1110
2067 1144
1705 1296
1649 1352
2378 1064
1630 1384
2075 1197
1755 1357
1524 1537
1854 1322
1597 1514
2024 1270
1863 1373
2165 1242
1715 1482
1830 1413
1991 1324
1677 1520
2185 1261
1808 1461
2040 1320
1964 1371
1983 1368
1908 1416
2097 1345
1827 1493
1818 1506
1935 1447
1987 1408
2076 1377
2120 1424
1905 1533
1929 1519
2374 1288
1882 1552
1893 1548
2023 1503
2170 1438
2225 1433
2260 1420
2368 1344
2277 1427
2202 1476
2090 1547
2227 1512
2344 1459
2288 1504
2350 1479
2394 1456
2395 1458
2213 1562
2403 1464
2022 1630
2231 1571
2342 1518
2331 1530
2338 1568
2401 1543
2388 1580
1927 1651
2396 1614
2455 1600
1430327691 1799436415
1
sift 231
219 158
60 75
50 37
68 72
62 53
272 258
87 64
77 79
80 87
104 69
505 423
100 119
109 67
112 148
139 142
713 1149
145 130
189 129
135 157
137 174
1950 1487
133 172
131 203
142 210
152 185
220 147
205 263
160 202
270 216
198 197
226 320
191 221
315 275
230 228
361 317
271 269
305 295
275 268
402 298
265 280
278 379
260 307
369 347
256 327
379 288
282 300
526 282
281 319
324 346
266 335
452 342
307 338
453 373
312 336
467 408
240 488
441 475
381 326
498 449
366 365
360 656
333 415
500 504
349 450
644 390
414 461
617 402
416 471
604 420
482 403
586 454
489 491
623 426
545 435
634 446
495 503
555 559
469 593
639 507
485 563
776 447
540 502
502 761
512 611
608 622
547 596
868 467
602 532
740 515
507 759
724 571
606 639
879 518
779 545
636 678
707 617
1928 354
792 572
702 634
840 583
765 590
665 772
869 552
867 676
726 651
759 764
664 726
942 728
802 681
714 1006
783 736
865 824
1071 565
796 901
949 653
862 900
1045 631
899 1004
1036 636
797 1151
993 661
980 973
839 785
982 994
854 778
989 1010
773 870
962 1052
1058 732
1103 899
769 1003
903 1280
894 894
978 1109
965 832
1131 1032
1137 733
1220 975
1015 828
1006 1196
1329 698
1553 846
1227 747
974 1349
1022 854
1262 1092
961 933
1135 1256
1349 720
1787 838
1088 849
1208 1383
1166 819
1268 1298
1511 674
1298 1308
1455 710
1346 1318
1031 917
1735 1412
1260 800
1634 1518
1321 783
1877 1522
1018 964
1959 1597
1145 885
1040 955
1341 803
1193 890
780 1428
1075 966
1504 770
1148 1023
929 1362
1652 790
1295 978
1475 880
1393 982
1324 1036
1300 1066
1467 937
1290 1086
1540 910
1221 1185
1608 920
1243 1169
1524 1014
1207 1356
1425 1124
1791 934
1224 1378
1375 1218
1679 1049
1958 947
1480 1168
1917 977
1685 1063
1771 1047
1517 1192
1299 1548
1435 1399
1396 1468
1478 1374
1512 1331
1723 1177
1529 1332
2170 1046
2174 1056
1424 1505
1677 1250
1744 1224
1612 1325
1842 1210
2213 1131
1810 1310
1564 1514
1709 1441
1988 1296
1887 1363
2095 1261
2114 1284
2191 1270
1689 1544
1964 1394
1807 1503
2123 1367
2122 1488
2441 1282
2429 1466
2462 1414
1430327691 1861578657
1
sift 66
41 53
205 245
770 620
135 174
133 189
693 247
824 838
191 221
231 207
467 533
1041 795
250 277
265 273
639 495
1011 882
275 263
262 332
608 657
971 975
266 361
307 395
734 711
1265 1269
333 465
545 409
837 716
2327 1668
414 629
489 673
908 800
547 584
602 583
773 1065
513 829
714 667
767 1250
665 999
759 897
794 1314
865 828
862 853
812 1362
867 869
956 970
772 1556
1135 937
982 1115
906 1317
1393 839
989 1426
1540 753
1321 997
1262 1202
1040 1264
1227 1215
1108 1670
1370 1106
1519 1010
1389 1186
1067 1605
1290 1385
1375 1302
1705 1205
2143 1143
2108 1163
2460 1284
1430327691 2014127030
1
sift 101
913 797
40 62
12 12
112 178
59 98
1764 1174
68 106
846 64
230 285
65 123
1573 1457
85 104
189 269
250 276
97 110
100 164
205 319
281 320
133 184
145 181
316 244
256 371
137 191
165 201
361 336
311 433
160 225
152 256
623 264
378 436
198 220
191 283
315 462
422 505
353 249
265 357
403 378
507 622
275 353
262 390
498 422
545 582
261 451
307 415
451 504
547 666
306 425
515 294
499 651
561 681
366 397
333 470
400 1072
1131 965
453 384
365 513
693 588
1298 997
374 509
416 469
564 787
1220 1275
352 576
388 592
768 606
414 575
541 482
824 620
486 578
495 589
765 761
489 618
606 682
731 811
809 788
759 858
971 710
753 896
865 1082
1010 739
965 826
1105 851
1031 798
894 1019
899 1117
1271 832
975 1032
982 1122
1187 946
1459 861
1135 1297
1571 875
1172 1243
1262 1185
1295 1281
1108 1435
1331 1255
1788 1057
2098 1098
1606 1333
2327 1428
1430327691 2045004962
1
sift 533
27 27
40 47
9 6
117 137
80 92
7 11
45 54
56 67
19 20
263 418
97 120
21 24
47 83
65 73
31 29
542 547
106 113
50 56
98 77
85 76
49 58
1023 1108
108 118
75 75
127 100
87 88
92 71
1625 1417
112 143
72 97
151 171
133 167
71 103
1692 1606
129 178
105 93
237 163
134 168
94 110
2171 1676
135 184
95 112
233 183
145 175
104 114
157 224
120 130
210 253
137 194
111 154
160 247
144 156
309 297
141 198
139 161
197 285
140 159
420 399
152 208
170 174
230 268
156 197
446 434
155 209
173 176
220 275
171 201
505 494
172 246
178 212
256 315
216 191
778 939
204 255
189 220
262 313
192 217
935 870
198 279
186 241
260 321
203 231
1012 934
232 276
206 263
265 319
224 260
1199 853
240 288
247 262
266 336
287 225
1672 719
278 301
226 289
275 325
292 242
2147 1000
282 331
242 312
271 359
258 294
2056 1131
261 408
268 292
281 378
259 303
1764 1413
307 406
280 317
374 345
301 309
2221 1744
353 354
430 258
366 367
315 318
2146 1840
379 369
295 353
377 381
279 397
2386 1917
312 432
317 344
333 430
316 351
2424 1927
324 424
355 347
438 375
344 366
245 615
323 395
414 477
361 364
439 372
426 334
537 392
341 409
349 490
342 417
422 475
372 402
404 438
364 407
489 524
447 356
448 420
391 416
485 538
369 447
416 464
386 446
507 533
441 401
482 491
492 365
495 558
484 393
453 561
437 440
513 559
429 457
538 536
402 499
501 593
460 452
547 571
454 458
545 592
451 472
565 602
490 443
561 610
467 468
576 599
457 514
602 627
478 479
624 614
509 465
642 814
500 473
609 678
471 517
707 797
524 467
566 773
452 557
673 840
526 483
506 1225
522 496
759 879
529 487
779 680
514 516
856 811
518 527
792 674
498 543
862 809
543 505
730 739
555 511
903 835
608 489
610 1065
579 529
819 881
550 584
753 832
588 551
800 930
605 548
902 742
578 579
840 893
604 550
825 1023
521 644
797 944
586 572
988 918
527 643
982 964
601 576
857 1105
719 507
974 987
531 717
989 1011
564 656
1131 1018
643 583
980 1051
554 783
1151 1117
603 684
1135 1058
727 590
1212 1185
708 630
1057 1187
618 764
1093 1297
623 747
1110 1146
924 560
1208 1320
651 712
1285 1216
691 688
1077 1505
907 573
1150 1426
706 683
1262 1314
830 597
1417 1174
674 722
1220 1389
726 672
1229 1349
687 723
1081 1599
664 778
1309 1324
852 613
1619 1128
821 628
1079 1632
724 700
2027 1020
776 659
1346 1416
769 692
1562 1460
784 685
1553 1530
666 820
1953 1269
720 770
1634 1534
775 708
1595 1621
868 653
1620 1651
750 741
1681 1622
740 775
1787 1554
875 664
1738 1709
873 671
1750 1697
878 681
1720 1739
770 768
1730 1736
923 661
1907 1614
798 736
1711 1779
837 715
1889 1746
879 694
1833 1772
736 828
1746 1873
855 745
1926 1811
692 884
2140 1668
811 781
1937 1826
768 825
1999 1821
890 753
1877 1905
888 762
2088 1845
690 925
2444 1579
805 805
2335 1908
973 705
834 802
969 727
1036 690
949 793
780 905
994 784
1184 706
1897 556
925 858
1111 774
823 976
809 995
1261 725
939 886
986 856
1058 836
844 1031
992 891
1432 726
1031 902
1003 936
1168 850
1045 921
967 1030
1040 957
1216 860
1170 883
1061 960
1086 955
1245 880
1196 910
1134 949
1139 979
1000 1090
1329 877
1011 1101
1278 915
1145 1007
1049 1076
931 1286
1219 983
1125 1032
1223 982
1258 970
1435 864
1088 1071
1025 1157
1166 1028
1260 986
1274 984
1470 872
871 1490
1193 1037
1202 1042
1236 1026
1349 958
2249 724
1137 1100
1192 1072
1183 1084
1075 1201
1146 1179
1321 1040
1383 1014
1340 1047
1382 1027
1237 1147
1304 1098
1352 1068
1243 1173
1295 1139
1144 1288
1277 1193
1251 1214
1491 1033
1408 1126
1465 1069
1342 1197
1461 1091
1393 1184
1293 1271
1475 1103
1468 1134
1504 1080
1384 1264
1928 972
1418 1252
1500 1161
1371 1301
1381 1310
1511 1171
1233 1476
1507 1176
1311 1390
1302 1424
1480 1237
1443 1317
1652 1169
1673 1167
1585 1226
1459 1387
1861 1115
1668 1212
1875 1123
1630 1236
1256 1719
1605 1272
1517 1334
1524 1328
1527 1338
1686 1248
1571 1316
1503 1378
1705 1249
1424 1596
1540 1409
1578 1383
1606 1363
1449 1584
1519 1465
1326 1788
1607 1384
1430 1630
1489 1540
1944 1221
1818 1281
1597 1423
1677 1362
2022 1213
1670 1380
1759 1336
1910 1278
1913 1282
1412 1781
1492 1620
1679 1419
1791 1351
1779 1361
1426 1764
1433 1758
1555 1555
1676 1448
1641 1504
1706 1449
1723 1446
2325 1203
1955 1340
1685 1531
1929 1374
1843 1430
1991 1345
2174 1304
1612 1681
1827 1499
1830 1509
2436 1204
1617 1729
1771 1597
1808 1581
1992 1454
1919 1506
2317 1313
2337 1294
2016 1472
1909 1549
1982 1485
1732 1703
1752 1699
1893 1601
1934 1575
1768 1711
1993 1572
2123 1503
2090 1533
1702 1808
2114 1522
1786 1756
2170 1501
2161 1537
2427 1341
2118 1573
1917 1692
2409 1377
1863 1787
2091 1686
2202 1605
2095 1678
2326 1532
2156 1670
2207 1638
2070 1732
1996 1807
2144 1778
2274 1704
1988 1877
2327 1690
2098 1838
2431 1682
2396 1735
2350 1792
2410 1743
2179 1907
2395 1768
2417 1852
2404 1890
1430327691 2130703568
1
sift 361
27 30
41 52
19 13
45 53
112 142
29 19
61 66
65 71
31 29
113 107
230 225
34 40
117 125
85 87
37 38
119 277
256 311
49 47
150 188
68 118
50 50
161 191
271 338
111 158
185 173
134 144
173 134
263 259
337 347
133 170
309 296
135 180
139 220
420 395
545 516
137 194
474 422
141 215
178 177
571 447
547 581
154 210
627 721
152 238
171 187
713 1077
1220 997
160 251
1180 888
191 243
189 240
1573 1377
1999 2033
216 233
1940 1441
199 286
224 279
1692 1812
205 306
2146 1499
232 326
287 256
1764 1800
278 270
2171 1646
245 298
493 183
2341 2013
265 301
260 323
270 314
282 299
275 320
259 392
262 337
266 340
447 252
242 491
307 417
308 359
317 371
312 463
347 353
315 387
333 446
341 375
357 378
388 402
355 394
449 318
324 475
295 479
361 408
448 398
342 433
362 418
404 440
484 348
274 668
416 501
364 473
490 391
414 523
437 495
386 560
537 413
539 435
482 482
453 623
509 465
467 559
495 561
526 509
500 555
489 585
471 590
460 629
602 654
597 544
522 644
606 730
719 490
578 586
707 807
543 661
605 573
665 928
529 776
494 898
753 834
604 712
634 639
862 839
514 939
588 818
819 916
653 723
643 738
840 949
591 858
677 728
903 995
674 740
798 609
989 967
623 820
546 1070
864 1204
636 851
811 696
867 1218
770 739
734 783
899 1280
790 759
888 681
730 1622
969 620
768 803
1135 982
706 884
878 726
982 1192
776 812
769 849
1110 1207
726 882
807 825
980 1430
855 826
802 870
1285 1188
689 1064
758 954
1615 977
783 930
821 899
1195 1444
721 1047
824 906
1262 1393
873 873
763 1013
1208 1517
817 972
1111 760
1308 1418
939 908
949 901
1602 1589
1194 774
852 1033
2444 1285
925 970
872 1053
1746 2016
938 1016
1168 857
908 1114
1052 917
967 1020
1036 956
1011 989
1058 946
961 1104
1045 993
895 1255
805 1389
1147 950
1273 880
1089 1006
1137 981
1027 1087
1049 1058
1098 1025
971 1226
1061 1135
1086 1105
912 1387
1100 1126
1156 1080
1041 1209
1031 1219
1330 959
1040 1210
1025 1229
1138 1103
1134 1130
1260 1030
712 2030
1073 1246
1016 1308
1139 1215
1236 1138
1258 1131
1166 1249
1244 1198
1302 1151
1342 1099
1271 1194
1117 1317
965 1606
1000 1488
1341 1174
1435 1068
1245 1276
1293 1247
1410 1173
992 1672
1383 1214
1207 1361
1107 1464
1021 1628
1339 1273
1491 1111
1068 1535
1478 1145
1187 1416
1224 1380
1357 1288
1465 1195
1381 1281
1172 1457
1123 1532
1219 1461
1644 1088
1292 1391
1300 1400
1474 1257
1504 1237
1396 1340
1652 1157
1420 1331
1470 1301
1371 1399
1370 1415
1239 1604
1290 1573
1469 1348
1779 1175
1384 1492
1237 1712
1466 1405
1304 1641
1320 1618
1501 1379
1893 1203
1459 1480
1630 1325
1517 1398
1399 1673
1677 1365
1597 1429
1356 1810
1875 1303
1503 1554
1673 1424
1513 1578
1446 1719
1441 1742
1353 1940
1754 1410
1516 1632
1375 1939
1759 1443
1497 1698
1662 1537
1791 1440
1705 1566
1726 1548
1487 1861
1924 1435
1724 1575
1585 1717
1827 1510
1698 1614
1548 1770
1643 1685
1955 1446
1560 1784
1807 1580
1944 1494
1931 1515
1783 1626
1843 1595
1519 1947
1690 1767
1814 1694
1776 1776
2098 1551
1641 1937
1718 1853
1991 1676
1840 1802
1849 1796
1954 1738
1755 1908
1800 1881
1612 2017
1935 1839
1861 1912
2020 1807
1971 1842
2191 1708
2192 1753
2166 1773
2202 1769
2165 1803
2117 1879
1952 1966
1988 1971
2410 1692
2327 1791
2090 1980
2427 1697
2274 1898
2342 1884
2404 1885
2331 1957
2311 1990
2460 1713
1430327691 2146998783
1
sift 280
54 50
41 72
19 15
113 138
161 155
29 21
117 131
65 76
50 58
150 201
263 308
85 93
185 228
80 99
143 89
1115 857
68 126
210 235
106 116
156 148
112 151
309 364
133 174
111 261
135 204
446 464
145 206
139 215
167 224
889 1088
155 256
189 244
191 254
1199 1194
230 233
173 286
326 189
1573 1362
198 338
224 271
205 290
1764 1460
232 323
259 255
278 259
256 315
270 273
279 278
262 321
292 262
203 397
260 331
328 257
265 349
266 352
301 358
282 332
271 355
315 354
275 375
281 393
364 330
342 359
307 435
317 387
361 366
311 446
341 416
337 417
324 461
354 410
333 456
366 422
400 408
563 303
416 483
386 440
484 376
414 502
236 1163
471 413
365 660
492 442
467 476
482 516
500 454
539 487
453 579
501 548
485 531
489 578
437 688
498 601
512 631
591 517
719 455
495 672
529 608
561 568
538 610
526 632
522 640
547 615
543 629
545 616
540 621
546 657
605 606
602 722
554 698
830 543
665 870
677 658
643 686
707 817
769 588
773 603
717 827
691 675
622 755
753 802
674 704
770 649
862 834
623 826
768 674
819 1005
870 627
802 670
903 949
758 702
720 738
840 1072
811 706
736 795
974 953
824 767
994 684
759 1400
765 885
969 709
1081 914
776 876
939 752
1135 941
949 751
868 828
982 1075
798 903
869 874
989 1112
961 791
925 854
1110 1055
1119 729
1147 734
1057 1127
1111 768
1015 838
1093 1095
852 1018
1045 819
980 1275
1134 769
1031 858
1150 1111
1139 786
1381 710
1285 1039
971 942
1011 910
1212 1154
1036 901
1223 821
1077 1272
1256 855
965 1069
1309 1204
1041 1004
1371 823
1208 1370
1174 928
1000 1077
1262 1480
1137 981
1182 956
1218 1581
1224 940
1128 1017
1731 1281
1260 944
967 1229
1953 1242
1219 983
984 1212
2348 1517
1330 923
1061 1106
1025 1160
1040 1157
1123 1109
1375 950
1271 1025
1518 895
1300 1056
1322 1037
1465 991
1479 982
1059 1371
1170 1223
1232 1169
1187 1298
1342 1147
1384 1116
1258 1254
1233 1285
1304 1220
1469 1082
1857 919
1597 1031
1726 988
1466 1173
1630 1060
1459 1201
1491 1172
1882 999
1861 1006
1931 992
1686 1065
1517 1180
1418 1343
1512 1207
1872 1035
1652 1129
1476 1277
1475 1287
1504 1267
1677 1156
1779 1118
1705 1191
1492 1379
1480 1418
1749 1196
1991 1099
1893 1153
1585 1350
1776 1219
1548 1399
1516 1487
1755 1307
1768 1302
1830 1266
1826 1297
1875 1296
1624 1463
1612 1486
1955 1274
2314 1144
2388 1105
1876 1365
2117 1230
1952 1366
1685 1509
1887 1408
1849 1442
1908 1414
2434 1141
2098 1349
1643 1600
2390 1256
1997 1498
1919 1558
2118 1512
1935 1591
2259 1471
2404 1391
2165 1536
2170 1531
2202 1542
2227 1576
