1474416471 1523815439
1
sift 806
124 98
3 5
15 21
347 301
6 11
16 24
647 690
12 30
18 29
567 591
34 46
20 35
728 777
44 53
21 39
1160 837
50 57
25 40
973 1084
59 74
26 42
73 70
29 45
943 1177
63 80
32 48
87 122
33 50
1089 1117
98 104
38 52
105 124
37 55
112 127
43 54
122 144
46 58
135 154
48 60
134 167
47 62
178 186
49 61
173 189
54 59
171 199
51 64
182 207
53 77
214 184
56 69
181 211
62 66
177 222
55 76
191 215
57 75
196 226
65 79
189 244
60 86
197 241
71 81
208 236
64 89
264 229
66 88
236 257
76 85
235 265
58 102
244 266
74 96
256 270
81 97
243 284
68 107
265 275
85 93
255 277
91 100
266 280
89 114
267 281
80 133
254 304
94 112
250 318
96 121
296 293
97 120
293 297
100 115
290 324
118 118
314 311
99 134
302 335
103 129
305 353
106 136
356 330
109 135
361 343
110 139
358 349
116 138
365 352
104 146
357 373
120 132
360 385
146 116
363 392
119 149
377 367
125 153
404 422
131 156
402 435
108 194
408 429
130 164
415 434
137 165
413 446
138 170
436 450
157 158
439 464
170 150
448 468
139 176
482 457
141 177
474 493
151 173
479 496
148 180
395 633
154 185
485 618
155 188
546 540
163 191
545 558
168 195
603 544
161 206
584 584
174 204
590 586
175 210
595 599
185 205
610 602
183 208
607 638
169 227
626 654
172 228
665 657
201 217
713 606
194 232
639 699
204 231
566 839
205 230
655 743
198 242
683 715
207 235
743 677
213 234
691 735
218 239
1187 512
212 248
731 750
216 246
756 741
203 259
795 773
200 267
828 761
225 250
798 792
229 247
898 718
226 254
658 1055
241 243
803 830
223 264
938 825
228 288
958 902
242 271
1055 814
233 279
878 978
234 278
931 1015
239 285
979 1056
270 272
1005 1088
324 249
1020 1043
260 282
842 1272
268 276
1087 1036
248 291
1209 986
245 294
1256 976
263 287
1107 1143
281 274
1063 1220
274 286
1125 1165
277 290
1601 878
284 300
1235 1114
282 310
1188 1189
276 315
1483 1062
297 309
1046 1604
307 303
1317 1290
300 313
1390 1260
288 334
1294 1337
301 321
1419 1334
325 323
1207 1620
316 338
1434 1386
337 325
1460 1376
330 331
1475 1395
294 381
1566 1312
311 363
1550 1379
317 365
1642 1346
332 347
1548 1479
336 351
1499 1565
342 357
1477 1602
364 337
1538 1553
329 374
1561 1655
331 369
1582 1670
334 382
1578 1706
355 358
1615 1687
339 394
1714 1614
346 387
1694 1791
321 426
394 342
341 409
350 389
368 372
366 384
433 328
370 395
375 393
372 397
371 403
392 398
390 407
387 418
400 405
445 364
378 430
409 416
386 437
432 410
428 420
416 425
399 445
344 528
410 439
434 428
304 694
447 432
452 436
438 448
627 345
427 459
412 474
443 453
458 449
437 467
466 443
425 478
398 520
476 463
449 499
544 424
496 447
469 479
462 489
499 455
478 487
480 485
484 490
456 548
473 532
502 505
854 380
505 509
493 516
520 507
666 440
492 538
517 521
504 527
525 517
500 537
518 524
486 557
489 553
512 543
547 518
514 551
537 530
530 546
740 442
542 536
532 555
508 585
534 569
501 636
550 566
535 593
564 568
524 627
563 583
573 570
577 576
561 597
540 616
589 563
556 629
568 612
531 670
575 615
571 630
569 643
628 571
600 600
606 587
593 604
632 580
583 632
612 601
591 623
602 613
553 681
582 655
622 607
620 609
667 572
668 582
624 652
640 628
598 662
653 619
601 664
625 656
635 648
615 658
705 565
543 751
660 624
654 646
613 666
616 668
820 541
630 674
580 738
587 734
641 675
552 796
510 910
699 620
689 645
648 688
659 692
984 519
650 731
692 669
837 581
708 661
579 818
657 730
549 898
677 695
645 740
714 678
674 732
682 716
690 722
687 736
676 745
700 729
729 704
742 702
681 760
733 726
777 686
791 679
719 742
762 720
701 780
741 744
722 759
693 803
704 790
747 753
737 769
744 762
1230 535
773 748
748 785
754 787
767 775
864 713
801 754
787 767
761 794
783 778
757 819
879 725
775 805
771 810
840 763
809 791
725 900
917 727
922 723
821 797
779 826
782 828
862 756
759 851
855 765
812 821
786 843
790 844
889 752
769 886
834 832
797 858
815 841
844 822
937 746
841 833
810 852
764 938
830 854
839 849
765 945
813 890
776 947
887 816
831 899
818 922
807 940
832 916
868 845
838 918
863 859
867 850
852 874
846 909
872 857
651 1222
911 835
881 853
859 907
968 820
883 885
890 870
990 808
906 863
884 895
919 865
847 960
880 924
900 920
1069 782
848 981
951 875
913 921
873 954
814 1051
970 866
871 959
843 1016
793 1095
861 990
921 933
976 880
920 939
1061 804
1074 802
888 962
912 949
987 897
875 993
877 992
869 1010
947 942
882 1002
785 1124
959 943
925 967
955 948
895 999
1012 903
746 1206
1019 917
926 998
962 965
1141 801
1051 876
845 1099
972 972
894 1054
952 1025
1041 935
1088 891
1015 968
1104 868
1009 988
780 1232
811 1194
995 1018
896 1102
1006 1027
1131 871
1044 977
1084 952
1031 1017
1022 1039
1030 1031
1083 973
996 1083
1027 1050
817 1271
1049 1029
1038 1047
1026 1078
1081 1011
1032 1072
1050 1045
1122 974
924 1161
1071 1066
1066 1079
1138 984
1076 1080
1036 1106
1123 1019
1056 1098
1118 1048
1105 1075
1048 1108
1064 1104
1213 958
1034 1140
1195 980
1158 1014
1110 1087
1042 1136
1134 1057
1647 757
1037 1151
1095 1101
1129 1068
1060 1149
1257 971
1100 1126
1383 908
1156 1077
1109 1121
1096 1150
953 1289
1092 1158
1111 1145
1130 1118
930 1350
909 1416
1116 1168
1102 1188
1082 1221
1182 1122
1236 1092
1094 1226
1124 1185
1252 1097
1175 1152
1029 1324
1142 1176
1035 1319
1150 1173
1018 1389
1132 1207
1113 1248
1365 1064
1077 1292
1139 1210
1136 1231
1266 1129
1274 1132
1164 1218
1528 1012
1238 1159
1144 1253
1166 1230
1278 1148
1211 1202
1355 1116
1225 1192
1385 1112
1146 1301
1413 1113
1220 1239
1513 1085
1196 1269
1216 1275
1119 1449
1461 1131
1246 1263
1719 979
1154 1396
1121 1480
1276 1258
1362 1198
1322 1238
1359 1212
1259 1279
1169 1430
1240 1310
1204 1378
1285 1296
1531 1156
1192 1466
1447 1213
1293 1316
1400 1246
1338 1273
1241 1383
1321 1297
1262 1354
1343 1281
1543 1183
1342 1302
1353 1291
1300 1345
1280 1362
1320 1323
1218 1476
1427 1261
1360 1299
1272 1403
1277 1431
1228 1491
1645 1157
1302 1398
1329 1356
1231 1495
1327 1363
1374 1327
1316 1419
1421 1317
1404 1335
1304 1458
1349 1408
1354 1412
1205 1606
1346 1441
1318 1473
1348 1444
1420 1380
1407 1402
1422 1400
1350 1475
1332 1484
1429 1404
1403 1437
1315 1522
1325 1512
1239 1621
1331 1511
1357 1494
1479 1388
1377 1486
1559 1322
1442 1442
1301 1572
1409 1474
1389 1489
1309 1570
1551 1341
1264 1634
1248 1682
1639 1309
1399 1531
1405 1536
1292 1665
1581 1381
1424 1528
1602 1358
1545 1432
1428 1542
1454 1510
1567 1414
1623 1371
1328 1642
1598 1406
1515 1483
1587 1417
1667 1333
1472 1548
1473 1554
1592 1457
1426 1607
1505 1538
1425 1617
1397 1643
1504 1557
1509 1559
1523 1556
1583 1496
1643 1452
1488 1587
1521 1576
1410 1697
1608 1497
1489 1645
1588 1567
1552 1615
1334 1793
1648 1523
1520 1648
1537 1640
1484 1703
1590 1594
1563 1633
1573 1624
1556 1644
1430 1780
1562 1675
1569 1661
1576 1650
1676 1558
1633 1609
1585 1684
1660 1589
1604 1690
1638 1637
1619 1685
1594 1707
1502 1785
1706 1577
1697 1580
1618 1726
1679 1636
1656 1711
1635 1736
1558 1794
1547 1795
1741 1413
1690 1694
1653 1751
1720 1630
1678 1730
1662 1760
1658 1771
1691 1748
1711 1755
1632 1807
1740 1653
1736 1716
1717 1803
1474416471 1716575903
1
sift 127
124 91
220 249
15 25
279 299
70 95
23 47
347 314
1016 1018
29 52
380 472
162 198
47 51
973 546
1053 1402
37 75
1315 1140
167 193
60 92
1646 1512
1125 1362
66 93
1283 1816
169 246
119 79
1396 1654
96 133
242 269
137 132
163 184
260 315
168 228
174 234
390 382
154 293
194 230
355 438
185 256
172 291
375 424
300 236
245 280
478 520
221 342
270 343
469 574
241 375
278 344
591 767
276 358
316 380
784 1114
341 372
332 468
871 1219
343 491
311 558
863 1426
414 605
392 720
1563 1027
550 506
702 436
1300 1320
468 849
459 951
1246 1492
453 984
535 803
1166 1746
700 658
489 1025
1259 1614
530 973
583 872
1327 1677
618 832
506 1179
667 867
487 1423
556 1177
623 1023
569 1165
649 1006
860 842
642 1198
619 1301
994 836
837 1064
738 1224
670 1430
907 1042
761 1391
744 1480
710 1908
779 1652
821 1565
812 1591
832 1570
869 1444
754 1879
988 1295
771 1779
996 1299
787 1834
846 1685
876 1623
1060 1445
856 1945
887 1899
926 1861
1019 1712
990 1781
912 1969
1113 1599
1330 1304
1009 2002
995 2046
1150 1672
1093 1877
1195 1593
1285 1496
1030 2045
1181 1814
1316 1571
1527 1441
1343 1675
1325 1733
1474416471 1785851268
1
sift 616
52 81
3 10
20 37
192 229
7 17
21 38
279 331
12 21
26 48
220 260
34 65
28 52
347 340
73 122
25 54
354 353
98 143
32 57
503 559
105 165
33 61
567 575
112 178
37 59
647 668
122 163
38 60
728 728
227 119
40 70
1089 1022
135 184
39 76
1107 1027
145 176
47 72
1612 1539
180 213
49 82
1125 1090
171 227
58 92
173 224
60 90
1197 1153
181 237
57 96
178 249
64 89
1561 1448
197 232
72 95
191 259
66 99
196 258
74 102
182 308
71 108
235 285
62 118
240 293
83 132
244 304
86 125
265 318
99 121
280 315
104 117
256 334
97 124
236 360
91 139
322 289
95 136
267 345
109 146
302 321
103 149
306 324
110 151
290 341
119 159
272 367
143 140
314 462
117 172
360 411
129 152
358 418
100 200
361 420
125 174
363 423
141 155
365 419
136 164
356 469
130 170
402 459
133 181
413 470
138 186
408 475
137 193
377 509
131 197
439 485
154 201
485 482
155 196
474 504
140 256
436 551
199 187
479 534
169 209
448 618
172 210
482 629
162 221
720 500
159 247
584 662
174 218
590 670
168 236
626 719
160 253
683 685
185 242
607 763
223 203
599 787
161 283
546 943
190 246
603 856
195 245
665 818
207 230
655 842
212 235
829 688
205 252
931 665
219 233
828 717
216 267
691 868
213 288
621 1035
215 322
1005 683
233 282
798 921
241 295
804 959
352 228
1207 695
283 277
939 922
242 311
795 1109
193 437
979 1023
245 312
731 1322
276 294
1016 1016
268 310
1147 928
229 365
1025 1078
261 332
1087 1104
282 316
1020 1161
255 351
1299 969
281 336
1055 1290
329 302
1256 1213
270 361
1209 1437
201 539
1188 1501
353 301
1419 1286
288 369
1235 1483
311 346
1294 1507
297 380
1628 1454
321 354
1481 1571
277 414
1477 1594
274 424
1538 1598
335 375
1733 1417
351 362
316 396
330 387
332 392
325 416
371 371
337 412
372 378
368 383
366 391
450 344
362 403
394 398
355 453
390 440
370 460
387 443
341 495
392 445
375 465
396 457
403 474
458 439
421 461
410 478
425 471
364 547
531 433
451 493
435 518
469 517
465 522
419 584
447 571
580 477
499 508
500 514
466 567
481 546
511 512
453 612
495 527
493 528
478 591
452 635
506 549
492 563
512 550
476 610
524 541
525 535
574 507
606 496
529 553
504 581
535 545
532 557
508 592
505 605
518 620
530 611
563 585
550 603
589 599
487 740
556 650
811 494
572 634
552 669
571 643
587 626
674 574
517 729
624 619
578 673
591 658
705 561
602 656
616 640
615 644
612 648
634 633
622 659
650 630
847 515
613 666
623 663
620 674
654 655
568 737
636 690
598 711
704 623
653 692
600 726
714 642
860 580
780 615
659 715
641 776
749 681
722 697
873 614
687 739
657 798
688 755
692 745
693 748
645 828
638 839
569 995
544 1052
640 864
670 813
682 797
726 759
514 1212
739 767
809 700
759 744
729 775
677 844
831 710
651 945
757 770
769 762
786 761
747 804
764 792
785 783
744 834
700 897
701 898
783 800
859 751
834 782
889 727
742 884
632 1093
884 753
754 889
824 816
782 852
797 849
752 915
734 954
813 847
817 848
801 880
851 821
777 917
830 873
761 933
852 830
776 927
775 929
930 789
870 838
908 811
771 985
844 896
841 909
815 952
774 1000
787 983
861 887
872 879
1119 705
917 843
911 857
968 827
867 919
915 878
611 1406
850 940
888 893
906 883
794 1036
855 949
869 930
840 994
972 858
882 935
909 913
947 882
880 951
1083 785
808 1045
741 1130
897 931
846 1014
921 925
940 908
877 977
1113 778
913 957
887 980
746 1183
1032 871
1117 799
1115 806
883 1019
890 1025
719 1278
970 967
964 986
996 956
790 1174
791 1177
989 965
924 1032
792 1187
990 975
820 1155
864 1092
1161 819
900 1076
1131 863
1022 992
1074 924
1030 981
1027 989
1026 996
988 1041
1092 932
1036 997
833 1223
863 1158
1011 1031
955 1082
1010 1043
1019 1040
981 1074
1077 978
1048 1006
925 1123
1033 1037
1129 941
995 1085
1071 1020
1006 1083
843 1270
838 1306
1031 1065
1037 1053
1094 1026
1102 1010
1044 1069
1060 1056
1076 1049
1080 1054
1068 1064
1051 1087
1096 1051
848 1378
959 1216
837 1487
845 1457
1035 1167
865 1425
1220 1017
1082 1145
1110 1122
1402 910
1018 1268
992 1326
1015 1292
1111 1160
1123 1138
1000 1327
1148 1115
1158 1107
1175 1105
1124 1150
1185 1112
1088 1227
1190 1121
1146 1151
1093 1250
1132 1195
1297 1070
1139 1205
1511 966
1283 1103
1065 1368
1109 1316
1229 1148
1225 1166
1179 1217
1066 1412
1142 1271
1318 1120
1249 1168
1177 1253
1300 1141
1272 1175
1192 1269
1241 1208
1176 1289
1164 1321
1166 1314
1144 1352
1221 1248
1193 1307
1357 1143
1365 1163
1238 1252
1343 1176
1262 1237
1219 1301
1355 1181
1266 1239
1246 1265
1228 1299
1403 1165
1275 1247
1057 1568
1412 1172
1259 1283
1362 1209
1239 1333
1195 1414
1277 1288
1360 1234
1136 1517
1348 1249
1231 1394
1313 1284
1196 1449
1150 1511
1293 1343
1169 1499
1204 1467
1340 1309
1347 1323
1322 1362
1257 1435
1420 1279
1270 1431
1344 1358
1346 1364
1309 1405
1276 1446
1181 1569
1383 1371
1664 1154
1385 1373
1458 1325
1398 1376
1441 1353
1405 1384
1156 1614
1307 1473
1417 1397
1316 1485
1503 1336
1301 1518
1285 1531
1315 1504
1427 1430
1304 1530
1558 1334
1684 1220
1393 1477
1436 1453
1424 1464
1521 1409
1479 1447
1439 1493
1377 1556
1404 1540
1433 1528
1325 1595
1518 1489
1440 1544
1399 1570
1505 1502
1653 1386
1569 1465
1515 1516
1425 1573
1580 1481
1428 1589
1645 1436
1624 1475
1506 1552
1493 1563
1488 1567
1531 1548
1447 1604
1426 1615
1528 1559
1573 1532
1547 1550
1619 1513
1665 1455
1442 1618
1583 1549
1635 1520
1526 1605
1687 1478
1567 1584
1571 1591
1656 1533
1689 1495
1636 1572
1688 1541
1541 1632
1718 1537
1674 1606
1588 1633
1454 1641
1683 1640
1474416471 1861578657
1
sift 154
124 105
1107 1358
15 15
279 299
123 165
20 19
251 353
26 33
354 298
520 664
23 41
347 339
32 47
503 620
29 58
647 838
48 55
718 858
47 60
728 882
43 78
818 1017
46 86
70 85
1315 1668
64 124
72 122
92 142
96 145
136 121
110 172
138 214
163 183
167 186
162 201
174 224
154 271
185 226
194 217
172 255
300 211
245 241
242 250
263 264
260 282
270 284
247 308
278 311
241 343
262 365
341 294
375 286
284 366
307 338
480 278
362 372
332 420
355 390
311 485
390 396
470 334
537 314
387 415
394 426
510 387
478 441
431 514
403 596
531 449
469 510
392 672
367 747
598 432
562 467
550 474
702 457
428 746
412 791
459 794
651 612
592 709
530 821
490 996
450 1463
667 766
736 726
487 1295
507 1172
623 918
516 1211
619 958
583 1097
649 977
556 1214
784 802
737 876
704 963
744 1041
837 938
570 1585
714 1128
670 1267
682 1225
887 926
723 1150
847 1075
871 1048
771 1222
1036 941
698 1479
812 1196
690 1571
862 1147
839 1206
787 1307
832 1249
955 1095
863 1183
816 1390
785 1489
1041 1078
880 1360
1008 1180
996 1195
1143 1039
779 1619
764 1633
918 1387
882 1462
1022 1297
959 1410
1011 1339
865 1576
856 1593
848 1616
1195 1178
947 1620
1073 1435
1009 1567
1018 1570
1117 1382
970 1632
956 1640
1166 1320
1181 1385
1246 1278
1092 1562
1259 1304
1330 1345
1443 1347
1327 1466
1274 1551
1421 1460
1400 1675
1474416471 1906096636
1
sift 708
52 59
3 3
20 29
124 125
7 8
21 30
253 205
34 45
26 33
220 263
59 102
22 42
279 326
73 110
24 37
354 468
78 108
25 38
647 691
88 120
28 36
567 618
98 134
29 39
728 727
112 148
32 43
766 762
122 143
33 50
973 1120
134 156
37 49
1107 1105
135 163
38 51
1114 1242
145 168
40 54
1125 1161
227 133
48 55
929 1623
177 192
49 61
1197 1175
173 197
51 65
171 206
66 64
180 207
58 67
181 218
57 70
178 232
64 69
197 227
60 76
191 240
68 79
196 243
62 93
208 257
74 86
235 274
71 95
240 283
76 103
250 279
77 116
244 285
90 104
254 287
70 128
243 294
86 113
256 296
96 111
265 303
91 123
236 338
104 107
267 320
95 118
322 272
99 112
271 330
97 119
272 333
103 139
290 325
110 137
305 321
109 140
302 344
119 144
312 388
143 129
314 440
136 136
313 463
117 155
363 394
107 167
361 407
125 154
358 408
130 159
360 410
141 152
357 447
133 165
356 451
131 172
365 432
138 164
377 481
137 178
402 454
163 157
408 465
155 189
413 471
172 184
439 484
140 228
436 515
154 208
566 441
159 204
448 556
221 162
485 535
166 200
479 543
161 219
482 630
195 190
545 568
174 209
584 652
168 226
546 753
198 193
590 717
185 224
610 716
160 262
626 731
199 213
683 696
190 230
603 794
205 214
743 671
184 252
599 822
223 202
607 806
194 246
665 789
212 231
655 809
207 237
713 756
219 234
829 692
224 235
691 852
216 250
931 680
213 268
721 883
215 290
800 844
225 282
828 866
239 269
798 911
241 276
804 934
263 273
842 901
242 295
795 997
229 323
1005 830
283 275
1055 891
245 309
938 1077
276 284
1016 1030
268 298
1207 857
255 311
1046 1014
433 221
979 1166
261 319
914 1273
282 308
1020 1247
281 315
899 1453
270 345
958 1438
288 318
1127 1258
277 354
1147 1269
311 313
1256 1267
329 306
1188 1434
352 292
1235 1585
274 372
1445 1378
230 467
1378 1474
297 366
1419 1523
286 380
1477 1584
307 369
316 360
284 403
321 362
325 363
335 365
330 371
339 379
332 393
349 385
351 389
394 358
341 412
353 401
366 392
368 420
367 429
375 457
378 453
390 444
392 436
410 434
326 569
364 508
387 474
403 466
425 461
342 596
412 492
414 485
401 506
458 469
348 690
438 514
579 411
399 588
419 552
470 509
466 513
447 538
611 427
499 496
531 478
435 578
489 505
467 533
472 541
465 554
469 550
462 565
373 768
500 520
492 540
452 635
478 582
476 586
524 525
493 562
432 677
506 557
495 571
508 576
505 579
453 687
504 591
483 633
525 570
557 542
535 567
512 598
517 610
442 766
518 622
543 590
532 609
530 637
574 594
486 725
563 620
587 606
537 661
568 641
604 605
547 664
556 658
550 667
529 726
572 663
593 642
879 500
555 700
571 676
589 651
609 639
552 721
581 675
811 522
578 708
634 645
558 734
612 656
660 636
585 703
591 695
573 740
622 673
613 688
602 722
653 668
615 713
649 679
636 693
620 720
681 655
600 749
654 698
646 723
640 728
598 757
623 752
619 764
685 705
704 685
674 736
583 816
672 741
657 763
659 760
641 774
606 802
627 796
638 795
698 748
726 724
651 790
488 1185
544 1008
687 773
645 831
847 657
666 810
860 659
514 1152
917 647
761 755
749 769
692 815
759 770
601 1018
722 824
739 817
667 932
632 988
747 812
729 840
768 793
873 751
700 885
752 837
757 827
779 814
808 799
769 829
701 923
775 833
831 803
764 855
826 813
797 842
734 921
783 853
744 917
754 904
786 874
742 944
834 850
835 861
782 909
824 873
817 878
801 900
880 818
791 920
830 880
968 782
809 899
731 1001
774 939
810 915
785 956
777 976
771 990
889 867
861 902
844 930
837 949
787 1005
947 856
881 912
906 894
869 935
852 954
846 969
776 1076
815 1026
793 1061
882 941
918 914
915 927
940 893
888 940
1083 808
905 942
857 995
887 966
840 1047
820 1081
862 1021
890 984
924 957
872 1019
841 1084
913 983
875 1020
867 1036
884 1024
864 1048
745 1228
920 991
956 967
1003 937
912 1011
988 950
1119 839
976 962
926 1007
962 978
972 970
896 1051
970 987
838 1144
990 965
977 982
921 1032
883 1080
974 989
1088 888
1115 863
900 1068
909 1058
981 999
965 1015
1044 936
987 994
946 1033
855 1148
719 1393
959 1053
1117 919
992 1041
996 1042
1032 1009
989 1057
1076 958
1085 961
927 1122
877 1181
1074 979
850 1213
1113 946
1030 1039
1026 1046
1009 1072
1006 1087
790 1345
964 1130
1035 1065
1036 1075
1008 1116
1031 1097
865 1260
995 1141
955 1184
925 1209
951 1188
1060 1085
1011 1140
1037 1115
1092 1071
1071 1100
870 1306
1094 1093
845 1379
1102 1082
1022 1177
1068 1134
1118 1091
1019 1200
1050 1165
1156 1062
1183 1040
1146 1092
1013 1243
740 1785
937 1320
1041 1208
1202 1059
1093 1187
1082 1202
1096 1196
1106 1190
1015 1303
1123 1173
1033 1274
1039 1270
1158 1145
1080 1238
848 1638
1148 1159
1029 1305
1111 1206
1175 1163
1077 1275
1530 945
1206 1149
1066 1299
1139 1204
1042 1366
1220 1169
1330 1089
1057 1368
1241 1156
1176 1214
1124 1283
1443 1049
1279 1160
1128 1291
1132 1287
975 1621
1110 1374
1164 1268
1144 1338
1221 1246
1177 1308
1179 1309
1140 1363
1385 1170
1161 1361
1192 1339
1228 1278
1321 1217
1266 1263
1166 1420
1203 1375
1262 1289
1402 1211
1272 1295
1195 1422
1182 1456
1239 1351
1150 1500
1322 1280
1420 1227
1293 1313
1250 1359
1018 1790
1357 1265
1300 1321
1236 1396
1275 1354
1246 1389
1511 1195
1238 1402
1259 1376
1383 1264
1196 1494
1277 1369
1181 1532
1231 1460
1122 1654
1205 1521
1208 1516
1304 1385
1327 1380
1441 1293
1393 1341
1412 1344
1362 1394
1320 1431
1352 1412
1332 1427
1276 1519
1316 1465
1360 1423
1324 1464
1347 1441
1440 1373
1403 1405
1346 1467
1508 1315
1245 1591
1264 1572
1340 1495
1389 1436
1528 1331
1348 1508
1417 1432
1301 1562
1422 1448
1450 1421
1470 1408
1479 1414
1278 1626
1343 1546
1664 1255
1427 1487
1581 1336
1457 1454
1382 1540
1487 1440
1315 1620
1397 1543
1576 1384
1349 1608
1404 1576
1254 1751
1518 1491
1377 1624
1257 1752
1218 1800
1531 1498
1424 1593
1286 1750
1505 1547
1438 1630
1521 1544
1309 1755
1395 1669
1338 1720
1447 1649
1432 1660
1573 1531
1488 1612
1515 1587
1506 1598
1583 1539
1684 1425
1594 1548
1425 1716
1442 1707
1545 1609
1399 1744
1436 1730
1472 1706
1546 1632
1334 1803
1493 1695
1542 1662
1502 1728
1569 1670
1665 1570
1725 1451
1579 1690
1657 1607
1551 1729
1653 1628
1619 1689
1555 1764
1651 1667
1717 1565
1633 1698
1636 1700
1609 1725
1635 1735
1558 1795
1687 1664
1627 1747
1620 1761
1656 1718
1547 1812
1645 1748
1710 1693
1674 1801
1474416471 2095558067
1
sift 118
124 109
171 153
47 50
220 216
66 86
503 515
603 356
125 140
567 557
159 209
647 674
595 578
154 238
718 762
194 191
727 819
665 581
221 170
818 855
233 317
1089 1162
1125 1019
245 332
1107 1110
316 293
1209 1195
248 403
1283 1315
311 432
1713 946
332 400
1315 1378
337 452
1435 1242
380 410
1396 1655
392 588
412 651
531 501
459 646
510 534
535 587
468 742
500 675
600 596
453 955
634 609
506 842
487 1011
530 889
612 754
541 882
558 865
529 985
572 931
624 893
736 761
556 1102
650 951
637 992
623 1051
641 1028
583 1138
723 914
714 939
660 1114
690 1118
847 907
569 1628
670 1287
839 1034
738 1156
769 1097
837 1081
1527 667
867 1050
812 1147
729 1308
744 1338
821 1198
764 1341
779 1319
734 1491
882 1158
754 1449
759 1438
761 1469
968 1129
771 1477
996 1113
793 1442
855 1278
892 1235
832 1463
884 1371
1092 1127
787 1644
889 1427
887 1443
1083 1163
926 1403
841 1703
1041 1323
1008 1414
1003 1462
1176 1310
1146 1416
1048 1632
1060 1629
1277 1304
1220 1434
1257 1375
1343 1300
1285 1464
1316 1437
1157 1737
1228 1675
1116 1758
