1523815439 1716575903
1
sift 117
67 65
1165 1362
1 0
98 67
227 246
21 25
307 218
45 52
295 299
271 269
62 51
301 314
55 75
1084 546
282 315
86 92
936 1003
149 79
1522 1140
407 382
121 133
165 132
358 438
195 228
203 223
393 424
185 293
205 256
487 520
232 230
260 229
662 403
228 291
231 286
479 574
313 236
294 280
622 768
272 343
289 344
779 1114
315 358
336 342
870 1217
338 380
291 586
959 1219
409 372
378 405
1633 1027
347 468
363 558
1345 1320
387 684
398 720
1263 1492
781 436
519 628
1278 1615
454 940
510 916
1228 1745
593 803
729 658
1363 1677
572 867
546 973
673 833
581 1064
612 1012
640 984
665 1023
643 1165
731 1007
620 1306
702 1115
590 1546
851 971
663 1430
820 1113
770 1224
762 1480
802 1494
797 1565
823 1535
767 1834
826 1652
799 1812
808 1781
810 1779
787 1879
764 1945
916 1570
1083 1299
789 1970
816 1899
1010 1444
909 1685
917 1712
980 1593
1149 1445
949 1969
998 1861
1059 1876
987 2001
1018 2046
1153 1741
1031 2045
1296 1496
1028 2064
1440 1432
1298 1632
1281 1675
1182 1916
1419 1571
1357 1851
1512 1733
1523815439 1785851268
1
sift 542
67 81
5 10
1 0
219 229
30 21
4 4
295 331
26 41
35 37
301 340
46 65
36 39
307 353
44 45
39 38
591 575
119 77
42 48
700 668
83 122
40 54
777 728
113 135
48 57
815 766
104 143
41 80
829 771
124 165
50 61
127 178
52 60
1117 1022
144 163
55 59
154 184
62 72
1143 1027
169 179
61 82
189 224
89 70
1164 1089
190 234
75 96
199 227
86 90
1655 1448
211 237
72 118
215 259
81 108
226 258
102 92
241 232
96 102
255 279
100 139
207 308
120 124
265 285
111 136
269 287
134 121
266 304
146 117
275 318
123 144
256 359
108 160
281 345
129 149
354 324
135 146
277 351
139 151
412 315
147 148
311 462
115 200
343 420
152 175
349 418
159 169
330 469
164 170
385 411
177 155
322 484
156 197
392 423
170 186
367 509
165 193
435 459
227 164
429 475
188 196
446 470
185 201
464 485
195 236
450 551
200 243
493 504
205 242
508 534
228 210
457 629
220 218
468 618
235 230
552 595
206 283
584 662
296 190
586 670
230 252
544 856
264 203
654 719
248 235
540 943
245 266
637 764
243 295
714 684
237 322
642 777
261 300
657 818
271 311
634 862
276 310
761 717
294 312
1015 665
274 336
735 868
315 294
743 842
283 332
683 970
217 539
792 921
263 362
824 922
272 361
831 959
310 316
838 1013
359 301
773 1109
324 341
750 1322
309 380
1056 1023
289 415
814 1290
286 424
1620 695
334 369
1036 1104
363 346
976 1213
331 387
985 1438
371 355
1114 1483
351 374
1334 1286
325 412
1189 1501
338 396
1336 1506
342 398
1552 1597
347 392
1602 1594
372 383
397 378
426 354
377 393
421 371
384 391
368 422
403 402
415 395
358 453
387 441
407 440
398 445
417 444
393 465
519 368
337 547
449 439
319 624
409 495
439 478
400 533
498 447
478 471
455 508
447 526
432 571
467 522
443 567
461 529
490 503
479 517
585 474
462 609
516 528
487 591
517 535
537 514
587 496
511 565
509 605
543 550
538 563
737 476
527 581
555 557
565 561
593 545
523 621
546 611
627 541
583 585
566 603
424 1052
521 729
640 612
608 628
601 648
577 673
652 619
607 659
613 656
630 643
629 650
622 657
732 574
609 674
646 655
658 644
668 640
619 692
678 642
665 663
666 666
600 726
960 515
733 625
731 630
662 711
790 623
1194 494
692 715
669 745
590 890
796 669
904 613
675 776
645 861
758 696
954 614
736 739
704 775
791 700
752 727
541 1155
716 797
730 798
695 844
525 1274
580 1093
771 767
772 769
643 995
803 748
727 843
847 709
551 1212
702 884
686 917
740 828
753 804
778 800
899 710
819 770
849 736
851 744
843 761
832 782
795 824
894 752
907 751
754 880
929 732
886 762
820 827
787 889
1232 615
780 898
950 757
828 852
764 950
835 857
938 792
874 830
749 1000
802 924
818 904
858 849
822 896
767 983
805 929
854 873
973 785
763 994
713 1092
857 879
871 863
890 847
833 909
863 883
679 1177
1034 772
808 975
931 855
850 919
810 985
816 980
841 952
942 882
972 858
905 923
1044 809
782 1062
994 846
866 967
744 1130
933 925
962 893
924 951
921 957
947 927
990 887
885 1019
799 1116
909 1014
1071 872
789 1149
903 1030
1010 930
1002 935
917 1040
742 1278
1005 961
992 977
889 1073
1168 807
876 1087
1029 958
1028 964
970 1025
919 1075
914 1091
1031 981
1449 705
726 1458
1039 992
1083 956
1050 989
859 1158
987 1043
844 1174
948 1082
977 1069
1078 996
1011 1055
1066 1020
1017 1065
1032 1061
967 1123
1018 1085
1158 932
1026 1084
1108 1006
891 1227
1271 848
1094 1036
1014 1107
1169 946
855 1272
1046 1094
1019 1138
1222 945
918 1306
1043 1161
1161 1032
1188 1010
1150 1051
1151 1053
1149 1056
1064 1163
1167 1044
1038 1196
1059 1190
968 1292
1226 1026
1239 1017
1292 978
1416 913
1152 1105
1016 1270
1067 1250
1113 1173
981 1378
1063 1260
1116 1181
1145 1160
971 1435
980 1414
1185 1150
1153 1198
1129 1239
1192 1166
1221 1145
1045 1451
1121 1316
1079 1412
1206 1183
1282 1112
1103 1368
1159 1252
1207 1195
1210 1205
1198 1209
1112 1373
1234 1217
1301 1151
1099 1457
1178 1324
1319 1167
1345 1141
1218 1321
1228 1313
1472 1119
1263 1265
1157 1436
1294 1233
1299 1234
1403 1175
1437 1165
1238 1362
1077 1614
1383 1208
1278 1282
1253 1352
1493 1144
1354 1237
1313 1301
1172 1510
1236 1427
1686 1088
1182 1508
1351 1289
1316 1343
1389 1268
1380 1279
1261 1430
1295 1382
1258 1446
1444 1249
1407 1280
1269 1449
1431 1288
1359 1357
1466 1269
1231 1517
1265 1496
1638 1170
1186 1596
1392 1396
1490 1300
1441 1364
1372 1422
1213 1604
1388 1447
1517 1336
1296 1531
1378 1467
1381 1480
1495 1394
1331 1526
1477 1421
1288 1561
1335 1540
1536 1384
1419 1485
1430 1499
1621 1333
1520 1426
1570 1405
1576 1409
1528 1464
1458 1530
1483 1516
1585 1434
1414 1584
1522 1504
1500 1527
1538 1502
1486 1556
1496 1549
1679 1424
1560 1523
1598 1494
1751 1386
1572 1518
1463 1603
1661 1465
1442 1618
1794 1334
1512 1595
1542 1589
1624 1532
1685 1513
1587 1567
1617 1573
1711 1533
1735 1521
1607 1615
1567 1633
1656 1620
1795 1550
1510 1641
1752 1634
1523815439 1861578657
1
sift 149
67 70
829 975
21 15
98 69
95 165
35 19
172 163
1143 1358
42 33
295 299
827 757
48 47
307 298
45 58
301 339
60 55
305 353
62 60
815 795
54 78
777 882
58 86
922 1017
89 124
115 108
99 161
125 142
121 145
107 162
123 155
139 172
195 176
170 214
205 226
185 271
232 217
228 255
313 211
271 250
294 241
272 284
287 264
282 282
289 311
303 338
393 286
409 294
485 278
391 346
358 390
340 411
342 426
1475 200
347 420
408 374
407 396
530 314
315 558
417 414
363 485
487 441
398 672
479 510
394 752
662 432
420 746
596 467
470 657
910 387
561 517
781 457
636 565
670 594
804 527
515 867
546 821
622 709
572 766
545 873
534 1027
581 938
542 1066
553 1145
665 918
779 802
631 1096
1222 612
769 876
731 978
629 1214
678 1128
590 1397
816 926
790 963
820 962
762 1041
716 1225
755 1148
758 1150
870 1009
643 1586
767 1307
935 1078
810 1222
959 1048
960 1075
948 1095
734 1528
796 1346
722 1571
859 1183
849 1206
823 1315
916 1249
980 1178
764 1593
903 1338
924 1360
802 1606
946 1396
1083 1195
826 1619
789 1652
1039 1297
1067 1309
866 1632
1002 1462
998 1488
942 1620
938 1633
988 1567
1100 1372
981 1616
1342 1154
1124 1489
1228 1319
1263 1278
1133 1550
1278 1305
1440 1173
1158 1562
1179 1588
1317 1460
1357 1428
1097 1673
1363 1466
1389 1570
1391 1597
1246 1675
1523815439 1906096636
1
sift 638
67 59
5 3
1 0
295 326
10 8
22 19
591 618
26 21
35 29
690 691
30 28
39 30
815 669
46 45
33 42
777 727
53 57
42 33
1084 1120
80 58
40 38
829 876
83 110
45 39
1073 1391
113 121
48 43
995 968
104 134
50 50
1256 1242
127 148
52 51
1143 1105
144 143
55 49
154 163
60 55
1164 1162
198 187
61 61
189 197
75 70
190 210
73 84
199 206
86 76
222 192
99 68
215 240
81 95
226 243
85 103
233 220
96 86
241 227
107 79
236 257
103 109
255 265
100 123
265 274
108 116
266 285
121 111
269 297
111 118
256 336
120 119
284 294
134 112
275 303
146 107
277 311
93 150
304 287
143 117
318 279
129 139
281 320
139 137
335 344
150 124
324 325
135 140
354 322
137 155
311 440
149 144
322 438
152 153
343 407
156 172
330 451
164 159
349 408
158 174
402 381
177 152
392 394
227 136
352 432
170 164
385 410
165 178
293 629
188 189
373 447
196 194
367 481
185 208
435 454
200 212
429 465
195 226
446 471
206 219
464 484
205 224
450 515
220 209
476 526
242 193
468 556
228 215
457 630
230 214
508 543
235 237
558 568
232 246
584 652
248 231
540 753
264 202
586 717
245 251
602 716
217 347
544 794
243 276
642 711
237 290
677 671
250 282
606 756
328 221
654 731
261 271
552 844
247 323
637 807
285 269
657 789
287 273
634 972
271 295
743 809
276 298
735 852
268 310
1015 680
274 315
761 866
315 284
792 911
283 319
814 891
294 309
750 1001
272 345
773 997
310 308
831 934
289 353
838 992
286 372
1088 830
381 291
824 1078
334 318
717 1453
303 369
997 1142
309 366
1272 901
374 306
1056 1166
323 363
976 1267
300 403
1043 1247
338 360
1620 857
342 358
1000 1392
331 371
1514 963
351 364
1114 1585
368 373
1189 1434
347 393
1334 1523
359 401
1602 1584
394 379
1551 1674
426 362
1469 1806
384 392
1320 1823
358 433
372 420
391 417
415 406
409 412
398 436
337 508
387 459
408 435
393 457
407 444
319 602
439 434
430 453
417 475
404 506
449 469
519 404
421 518
478 461
455 496
400 587
443 513
448 514
474 492
432 538
498 487
460 523
447 572
410 677
445 588
467 554
458 575
436 635
585 466
462 585
479 550
489 565
487 582
553 505
818 411
537 520
516 562
510 573
509 579
539 530
538 540
527 591
521 610
523 623
543 598
627 525
725 500
555 609
593 567
546 637
424 1008
530 661
583 620
542 719
636 617
566 667
603 643
612 641
601 656
577 708
608 660
607 673
629 658
619 668
511 848
570 740
630 676
733 607
622 694
640 687
609 720
751 590
613 722
646 698
600 749
628 728
719 644
658 713
727 647
666 688
590 784
763 640
587 802
731 678
737 675
760 655
665 752
662 757
645 793
757 690
632 816
692 760
675 774
732 736
663 785
572 932
790 685
581 949
541 1081
1194 522
525 1127
730 763
669 815
796 721
580 988
736 773
592 1020
551 1152
821 742
960 657
871 715
704 840
851 741
679 920
889 733
740 831
753 812
758 823
820 782
771 817
729 885
702 944
643 1088
664 1018
685 977
752 867
778 853
954 751
795 843
805 833
819 827
826 814
754 900
762 917
749 939
832 850
899 803
786 903
791 899
780 923
858 842
721 1040
886 829
950 792
924 818
843 874
929 821
934 828
828 909
854 880
822 930
973 808
755 1022
766 1004
863 894
896 879
808 965
938 855
802 979
853 912
852 915
891 888
816 966
942 856
956 849
810 990
910 926
912 918
941 896
931 913
874 954
880 962
866 987
870 984
841 1026
909 969
765 1148
857 1019
990 902
782 1133
836 1063
897 994
850 1036
921 983
833 1084
962 940
977 936
894 1025
939 991
1010 935
1002 941
965 978
849 1102
949 1011
885 1080
933 1032
1222 790
919 1069
1044 943
998 1007
947 1076
1096 937
1080 958
1232 825
903 1139
1064 981
742 1393
1168 862
970 1083
918 1144
987 1073
1031 1039
875 1188
1071 1010
859 1203
1124 956
1026 1086
1017 1097
1078 1046
917 1200
1115 986
1083 1042
1048 1091
948 1184
1077 1062
1435 801
905 1233
935 1208
1271 878
1161 957
1094 1060
1065 1099
1014 1145
1018 1141
1102 1051
908 1264
991 1180
1028 1153
844 1345
906 1276
967 1209
1106 1075
1019 1173
1125 1059
1449 839
1045 1165
1053 1164
1248 946
1092 1119
1039 1177
728 1785
1149 1085
1158 1071
1011 1239
1059 1197
968 1303
1151 1115
1188 1082
1112 1170
1152 1163
1226 1093
980 1422
1150 1196
1079 1299
1145 1206
1301 1092
1153 1236
1129 1263
1239 1169
1097 1356
999 1551
1210 1204
1061 1473
1221 1202
1099 1379
1113 1343
1206 1229
974 1654
981 1638
1091 1477
1136 1366
1185 1283
1262 1220
1103 1484
1218 1268
1383 1156
1207 1287
1122 1456
1349 1179
1297 1217
1238 1280
1159 1402
1211 1335
1234 1309
1120 1537
1182 1404
1199 1368
1107 1573
1201 1386
1198 1394
1156 1498
1292 1275
1035 1749
1252 1337
1380 1227
1119 1603
1172 1501
1167 1520
1638 1111
1228 1419
1310 1317
1263 1389
1316 1313
1324 1305
1223 1461
1354 1289
1148 1626
1278 1377
1295 1370
1249 1450
1345 1321
1686 1129
1403 1295
1261 1487
1381 1336
1299 1423
1258 1519
1269 1494
1363 1380
1490 1279
1323 1431
1186 1683
1466 1339
1431 1369
1213 1649
1388 1414
1157 1748
1281 1546
1517 1318
1437 1405
1458 1385
1372 1503
1419 1465
1359 1533
1441 1467
1308 1589
1277 1651
1477 1444
1335 1576
1407 1535
1489 1436
1444 1508
1495 1460
1284 1688
1621 1351
1273 1720
1408 1608
1440 1580
1432 1609
1496 1539
1569 1488
1483 1587
1341 1729
1502 1577
1330 1753
1538 1547
1520 1564
1392 1704
1584 1507
1468 1646
1486 1624
1606 1521
1658 1466
1576 1544
1528 1593
1442 1707
1522 1620
1572 1562
1624 1531
1560 1601
1741 1439
1563 1632
1643 1543
1389 1790
1587 1612
1452 1762
1634 1572
1603 1611
1367 1807
1464 1769
1548 1706
1707 1548
1608 1659
1668 1616
1531 1744
1476 1800
1635 1663
1673 1636
1679 1633
1609 1698
1688 1648
1549 1771
1570 1755
1693 1653
1661 1670
1617 1716
1685 1689
1625 1727
1750 1629
1711 1718
1803 1565
1735 1734
1739 1778
1777 1733
1785 1728
1720 1808
1794 1795
1793 1803
1795 1812
1809 1694
1523815439 2095558067
1
sift 78
777 820
62 50
815 905
152 141
185 238
922 855
232 191
279 317
1117 1162
294 332
338 293
291 403
348 401
363 432
387 583
398 588
458 841
460 837
562 634
600 596
546 889
542 917
612 890
617 882
640 955
581 1081
678 939
629 1102
675 1028
731 951
665 1051
632 1138
758 914
722 1118
663 1287
892 996
849 1034
704 1308
770 1156
643 1628
820 1129
797 1198
764 1279
762 1338
752 1427
826 1319
787 1449
973 1163
816 1443
875 1302
810 1477
1083 1113
767 1644
894 1370
851 1438
823 1525
935 1323
938 1341
916 1463
971 1375
1158 1127
789 1746
833 1703
998 1403
1005 1485
1094 1441
1153 1357
1281 1300
1108 1632
1239 1434
1149 1629
1301 1416
1431 1304
1296 1464
1440 1349
1419 1437
1168 1758
1490 1674
