1636735110 1906096636
1
sift 60
6 8
23 18
124 192
54 50
152 239
129 220
211 322
138 269
270 471
218 237
352 394
207 251
552 1077
359 331
516 1267
401 309
770 1002
257 873
841 972
416 496
966 1710
490 422
1165 1523
471 464
407 656
519 598
1299 442
931 617
599 994
904 705
810 752
607 1141
736 917
820 829
751 958
1141 723
819 913
812 969
795 1115
877 1032
625 1580
1338 786
1114 983
1317 881
1261 925
789 1465
1116 1073
1237 1021
1498 899
1065 1263
1149 1204
1155 1206
1194 1289
1246 1449
1049 1781
1565 1373
1220 1809
1580 1544
1791 1539
1470 1778
1636735110 2019709110
1
sift 52
223 178
376 313
480 425
556 397
463 462
589 442
569 456
451 544
706 440
732 494
842 496
780 520
725 547
930 506
522 820
928 543
895 550
929 735
950 748
998 765
1189 673
923 850
1170 953
1604 797
1021 1159
964 1237
1222 965
1830 787
1440 874
1049 1251
910 1454
1278 1025
1621 889
1337 1124
1796 949
1769 957
1761 1016
1449 1189
1283 1340
1390 1349
1831 1151
1134 1829
1800 1238
1353 1558
1791 1343
1365 1700
1612 1501
1801 1434
1750 1518
1584 1671
1855 1428
1715 1674
1636735110 2124113243
1
sift 58
223 169
376 290
589 329
556 347
569 368
606 373
469 446
463 468
480 452
451 594
1000 360
706 423
842 444
522 768
895 503
1211 417
781 578
928 529
609 740
1434 418
725 633
950 649
795 794
929 769
998 710
1026 717
1287 604
1828 531
1456 611
1659 617
1732 620
1648 646
923 1085
1170 951
1222 902
1578 824
1608 817
1278 1034
1021 1408
1049 1389
1769 853
1829 886
1208 1275
964 1624
1903 954
1604 1156
1621 1160
1283 1432
1831 1114
1801 1232
1791 1255
1555 1521
1715 1438
1855 1377
1750 1824
1660 1977
1611 2095
1912 2023
