1643728630 1716575903
1
sift 316
34 29
54 84
14 17
78 99
63 103
40 54
82 102
95 134
39 56
124 142
102 129
52 47
108 115
105 165
41 69
161 175
127 154
49 59
158 177
200 164
46 62
196 221
155 191
61 58
219 240
164 260
55 78
261 270
159 205
94 87
227 259
211 268
74 124
309 359
165 212
76 113
304 414
297 279
87 114
328 469
272 366
97 146
377 434
277 459
117 117
461 396
387 349
115 130
343 561
370 430
110 140
456 404
378 425
120 151
434 472
371 528
142 147
482 616
342 557
131 178
490 534
375 532
138 174
608 743
409 474
130 211
549 719
723 352
151 166
701 1019
405 610
136 197
534 868
519 620
146 190
780 970
527 695
150 216
581 803
475 860
145 231
867 1508
541 706
162 213
578 816
502 944
228 172
1084 1654
414 1576
163 283
662 842
538 976
177 257
1386 1748
543 994
170 308
681 882
510 1133
240 192
587 911
201 258
772 1121
648 1216
176 317
618 1047
184 304
897 1307
753 1117
194 294
711 1155
206 276
1214 1629
736 1187
204 282
719 1311
199 296
682 1972
210 285
778 1205
239 293
779 1697
249 305
826 1214
238 330
796 1695
224 340
749 1627
223 348
1130 2030
267 329
825 1342
270 327
260 333
917 1751
264 365
233 422
1100 1320
273 386
278 385
987 1581
291 376
279 417
989 1655
299 363
421 280
963 1825
348 345
390 331
1059 1763
373 338
303 448
1055 1800
302 473
432 309
964 2007
340 391
327 428
1187 1500
452 303
298 533
1070 2033
314 467
322 476
1106 2032
364 429
365 436
1889 1640
374 461
394 423
354 601
403 489
458 419
398 516
468 437
401 560
396 600
399 629
397 686
467 527
415 650
411 703
507 506
443 678
433 700
451 649
416 779
445 684
494 564
472 658
568 507
540 543
504 609
489 643
459 759
511 633
553 589
480 752
487 753
473 811
498 783
483 902
545 766
532 796
515 817
500 901
513 921
509 962
533 983
516 1026
522 1038
572 870
585 826
602 821
559 982
588 933
552 1152
557 1143
523 1335
642 871
675 885
631 1070
579 1334
655 1029
688 936
595 1259
726 890
663 1023
657 1064
628 1149
708 930
732 905
696 969
721 973
632 1240
674 1148
605 1819
766 1073
669 1344
820 950
727 1231
709 1255
677 1406
777 1110
645 1582
704 1313
687 1414
827 1046
783 1245
812 1156
651 1882
811 1166
797 1248
745 1435
809 1238
803 1318
714 1738
852 1190
788 1430
1014 971
840 1263
748 1690
838 1322
785 1589
855 1349
904 1269
923 1272
934 1258
930 1273
844 1535
997 1182
833 1611
864 1546
955 1299
961 1359
1030 1276
900 1619
915 1577
876 1774
866 1820
942 1561
896 1773
912 1723
952 1585
1061 1392
899 1861
1000 1531
951 1675
910 1877
938 1736
936 1798
945 1818
954 1834
1045 1607
959 1829
1043 1645
925 1980
1027 1688
1003 1788
1023 1772
1434 1163
995 1966
1333 1303
1040 1869
1261 1412
1080 1783
1296 1399
1192 1682
1303 1518
1145 1905
1141 1942
1098 2040
1148 2024
1282 1734
1339 1786
1454 1863
1820 1832
1643728630 1785851268
1
sift 66
82 83
1038 1099
52 63
219 219
178 303
61 88
78 100
70 107
558 575
115 166
328 348
191 183
613 668
239 201
581 545
312 168
831 1090
421 312
780 675
432 408
894 1028
445 441
681 997
467 535
1170 1153
572 586
791 845
642 672
1442 1448
663 663
1044 1103
721 611
675 724
727 704
715 737
788 813
864 890
1014 744
953 783
862 936
998 822
955 956
954 983
986 967
1074 1019
910 1250
951 1176
999 1124
958 1330
1009 1247
1100 1141
1045 1261
1109 1331
1318 1107
1246 1183
1116 1365
1258 1178
1142 1457
1438 1526
1607 1422
1573 1446
1296 1631
1516 1517
1826 1449
1836 1491
1816 1549
1643728630 1861578657
1
sift 177
261 206
63 111
38 54
613 838
219 238
55 71
402 370
211 267
76 126
894 1359
272 427
87 130
471 594
339 406
117 109
946 1280
378 310
97 149
681 941
370 423
110 144
375 543
120 147
801 1524
541 481
131 174
409 700
130 190
867 1289
475 772
127 207
527 778
151 166
1683 1612
538 857
136 202
510 968
159 191
543 987
140 233
779 1603
165 189
1102 1544
163 240
893 1614
192 231
201 270
204 262
199 277
206 273
213 283
184 358
239 271
223 329
260 302
251 343
247 394
264 361
289 331
295 326
273 360
291 349
299 340
279 421
380 306
327 383
314 419
324 409
296 512
364 395
334 465
393 385
351 484
342 513
458 351
320 597
432 407
398 489
450 442
354 693
411 528
399 583
440 482
401 580
405 584
311 1102
397 640
494 468
445 626
451 613
489 553
433 695
435 691
416 785
526 581
480 692
512 631
529 628
545 634
532 682
487 763
572 654
575 657
469 944
504 826
585 673
516 847
533 853
602 702
559 789
509 1019
636 726
587 852
588 854
625 746
726 690
622 822
655 765
645 780
631 869
663 918
667 917
657 938
721 821
715 840
618 1115
626 1103
710 907
674 994
766 828
590 1513
778 892
727 1013
809 844
652 1334
687 1271
711 1201
720 1265
748 1161
828 1029
855 1034
788 1267
785 1275
745 1401
714 1569
975 992
997 967
768 1508
909 1113
844 1315
968 1080
923 1216
910 1309
955 1195
945 1292
954 1307
1003 1228
938 1449
935 1484
1000 1364
953 1489
963 1478
1045 1430
1152 1301
1208 1189
943 1640
1027 1554
986 1632
1301 1369
1352 1547
1572 1332
1367 1574
1177 1670
1187 1674
1475 1545
1373 1628
1748 1644
1643728630 1906096636
1
sift 65
78 85
1038 1164
52 52
212 263
178 180
61 65
219 225
115 147
558 618
191 183
581 567
298 138
613 691
239 208
780 707
162 384
791 968
432 422
681 1075
410 483
831 1161
445 459
894 1104
467 570
946 1052
670 650
1171 1174
642 718
715 641
1469 1736
721 637
663 752
675 778
657 949
788 785
864 784
1014 741
814 1027
899 1007
943 967
953 956
954 1005
986 987
955 1042
910 1187
1123 945
883 1277
1074 1080
1061 1286
951 1546
1100 1321
1318 1145
1246 1229
1142 1379
1152 1445
1151 1746
1113 1803
1447 1537
1311 1723
1607 1503
1438 1754
1717 1521
1826 1494
1816 1539
1792 1684
1643728630 2045004962
1
sift 54
112 140
510 761
39 46
760 131
110 175
120 148
402 431
127 173
130 178
146 209
558 825
131 184
136 261
270 502
581 1371
204 326
206 319
285 1453
831 1388
267 281
238 321
575 489
1170 1841
224 357
264 336
516 1351
259 392
299 400
675 885
331 359
334 430
766 1145
324 592
409 533
954 857
405 571
399 627
785 1174
585 524
480 797
945 949
533 809
712 1314
924 1122
745 1320
1070 1739
961 1350
951 1452
1041 1905
1230 1191
1149 1534
1137 1826
1667 1408
1768 1543
1643728630 2095558067
1
sift 370
34 42
5 17
14 15
81 72
12 19
20 21
78 80
31 34
18 26
82 81
52 40
21 28
108 101
51 56
28 39
112 116
66 60
45 44
124 114
54 78
40 57
119 121
63 96
38 62
137 133
102 123
46 68
158 158
85 105
55 83
196 178
105 146
70 65
219 195
109 135
94 88
227 214
189 159
84 94
256 323
164 239
76 103
304 269
180 246
101 113
328 280
211 233
103 115
343 347
255 325
97 138
360 338
231 371
117 111
402 322
244 353
115 118
456 444
297 305
110 139
434 410
272 388
120 141
460 574
289 334
126 145
471 501
315 359
134 130
490 631
348 340
135 131
558 557
372 364
127 153
613 674
318 402
141 132
549 672
359 389
142 128
608 792
365 361
136 180
581 587
339 414
138 181
701 885
423 319
140 179
578 766
371 418
151 163
791 994
370 456
153 167
681 906
375 489
146 192
831 1019
361 566
228 125
780 833
369 562
157 187
894 1111
378 548
155 190
758 929
408 497
162 182
1044 1315
409 494
159 194
801 1394
442 585
150 224
1084 1655
467 425
165 203
918 1142
475 816
177 223
1477 1753
472 529
254 161
1460 1078
510 741
163 278
430 811
173 266
542 887
170 285
501 756
184 249
538 973
201 230
527 878
194 273
519 1083
199 261
587 854
204 253
647 1145
206 254
648 1150
265 207
684 1346
240 222
1182 681
239 238
719 1282
233 270
736 1225
236 274
793 1230
224 294
700 1387
249 284
751 1404
269 277
754 1465
251 293
753 1541
223 329
779 1511
270 288
835 1329
232 320
1150 975
237 326
881 1539
246 313
917 1630
260 302
1067 1638
263 315
963 1608
308 271
1293 1661
248 395
275 346
268 368
340 260
347 263
291 337
279 360
337 290
302 339
325 312
285 399
296 375
299 384
313 350
303 387
373 310
314 401
320 415
316 453
321 441
267 903
421 332
376 393
389 369
364 419
351 443
393 380
391 407
353 507
354 518
432 383
358 586
383 519
496 349
446 396
350 677
398 500
415 483
426 450
400 538
401 556
397 597
405 581
395 630
396 652
399 678
547 403
458 514
403 668
507 460
416 669
445 583
433 596
440 593
492 534
451 602
443 661
380 978
466 673
521 542
473 675
459 701
494 607
553 555
480 705
491 717
448 848
540 660
511 699
498 743
436 941
411 1166
600 559
568 622
545 714
665 496
500 873
529 791
513 860
515 864
628 663
572 796
522 989
516 1031
533 1017
559 967
617 765
588 874
636 761
602 862
585 949
694 711
571 1023
688 722
579 1014
590 1024
523 1502
675 829
645 902
630 959
930 561
823 664
667 891
618 1075
715 890
721 889
655 1062
663 1051
657 1081
674 1050
632 1177
726 970
683 1048
669 1097
659 1172
820 831
705 1068
677 1173
732 1054
698 1112
703 1109
777 1004
858 839
709 1153
783 1025
756 1058
605 1729
627 1612
720 1195
651 1492
711 1243
687 1336
766 1123
743 1199
797 1099
1261 698
802 1164
838 1121
787 1286
812 1241
785 1401
800 1342
817 1309
1092 916
855 1247
729 1736
818 1367
713 1748
745 1702
904 1190
768 1658
955 1113
852 1344
891 1240
830 1482
909 1280
811 1627
888 1333
927 1259
844 1525
899 1403
923 1386
951 1300
843 1654
929 1397
828 1709
998 1369
1023 1355
942 1526
1014 1438
1000 1473
1003 1471
934 1689
954 1644
1257 1182
1081 1484
1030 1616
1015 1667
1120 1534
1467 1135
1236 1358
1119 1577
1063 1757
1248 1586
1343 1593
1282 1696
1432 1760
1744 1681
1548 1752
1813 1755
1643728630 2130703568
1
sift 74
33 31
39 52
127 168
34 41
178 177
76 111
155 142
110 160
402 365
120 171
331 338
130 163
558 803
131 180
279 518
146 211
613 906
136 237
324 516
206 301
799 1154
204 321
409 506
267 266
791 1193
238 323
587 889
264 340
831 1479
259 413
1682 2033
299 421
895 1565
364 417
334 446
957 1416
526 428
399 654
1285 1725
443 730
480 807
1364 1983
585 585
533 839
677 700
709 763
727 793
516 1440
557 1713
788 1104
674 1374
766 1205
712 1393
653 1737
843 1136
745 1517
954 1041
945 1130
794 1550
1404 980
1051 1328
1080 1714
1113 1776
1153 1939
1368 1746
1558 1539
1398 1707
1619 1535
1318 1908
1684 1716
1584 1920
1730 1778
1741 1774
1846 1999
1643728630 2146998783
1
sift 56
34 38
510 980
39 72
76 106
402 420
74 126
110 206
558 674
120 196
130 181
582 680
131 204
140 224
613 767
228 141
146 256
791 1024
206 349
204 374
831 1202
238 331
224 346
894 1174
270 334
264 352
957 1298
259 382
344 372
1044 1339
364 435
324 616
1170 1318
409 510
399 722
1477 1304
585 578
533 834
642 703
636 797
676 752
745 1370
833 1127
1153 950
1445 809
1404 871
1113 1219
1074 1302
1230 1329
1855 994
1318 1307
1667 1096
1475 1241
1491 1407
1768 1547
1832 1576
1958 1586
