1689478995 2014127030
1
sift 82
107 134
1102 1308
45 63
112 172
1196 1323
48 64
144 180
155 205
233 231
150 174
201 257
175 277
459 414
216 228
407 362
270 206
288 296
444 428
192 529
367 349
732 771
386 427
401 467
1364 1458
366 577
440 468
445 639
531 609
477 709
551 706
735 621
673 747
622 905
670 894
704 867
821 765
676 1041
743 937
824 866
946 912
795 1050
861 1046
860 1097
827 1137
872 1093
814 1191
886 1107
1006 1053
815 1320
979 1098
997 1100
924 1212
989 1176
945 1259
873 1389
1003 1298
1017 1289
987 1363
928 1478
1084 1248
1053 1285
1114 1218
1048 1347
1089 1338
1080 1357
1095 1330
1120 1382
1171 1375
1271 1283
1245 1309
1189 1409
1202 1408
1023 1517
1283 1398
1304 1381
1358 1355
1352 1370
1252 1459
1540 1244
1341 1473
1385 1465
1520 1452
1689478995 2019709110
1
sift 119
122 120
320 292
249 159
136 107
212 157
341 287
303 343
257 180
328 348
422 371
457 350
333 365
399 341
438 430
1182 379
366 360
380 473
486 486
593 753
363 503
479 417
632 523
826 676
481 479
478 502
608 665
1047 857
441 639
579 495
719 725
1155 1209
530 609
704 481
737 803
1162 1446
658 540
713 524
1634 1081
574 705
551 768
1065 1990
667 681
662 781
1496 1374
762 666
771 683
1680 1392
674 922
800 741
1612 1480
824 730
795 763
1707 2095
859 747
808 799
788 831
923 761
638 1332
635 1357
947 771
803 887
936 813
786 1014
955 836
1080 817
829 1192
1624 697
791 1364
1040 962
814 1459
1027 1093
1395 818
1018 1152
816 1572
885 1471
902 1491
1227 1011
1189 1045
1151 1115
821 1893
974 1453
928 1598
1242 1129
935 1727
997 1552
979 1645
945 1752
1673 921
1356 1108
987 1655
1253 1208
1192 1274
1178 1295
1003 1697
1468 1120
1111 1489
1289 1267
1006 1903
1326 1336
1259 1410
1422 1366
1594 1268
1431 1415
1075 2040
1357 1602
1709 1281
1582 1411
1336 1681
1704 1413
1529 1578
1666 1450
1620 1509
1546 1614
1240 2025
1606 1594
1345 2121
1434 2115
1381 2155
1730 1883
1689478995 2045004962
1
sift 68
423 673
67 113
96 143
122 288
453 621
115 167
119 189
225 501
563 744
134 173
146 184
297 464
569 842
194 316
204 313
331 424
729 848
207 359
224 357
322 466
659 1786
253 336
248 392
333 487
269 408
335 326
606 655
311 367
309 430
574 794
343 610
475 559
580 921
458 696
525 988
623 877
687 881
567 1505
564 1216
600 1145
749 1241
643 1187
636 1366
866 1459
674 1362
962 1152
958 1708
814 1374
875 1537
930 1811
886 1521
798 1751
1037 1846
992 1336
877 1679
1034 1873
1006 1501
1064 1415
1473 1746
941 1867
979 1838
1084 1644
1273 1531
1098 1859
1391 1508
1456 1581
1327 1822
1650 1931
1689478995 2124113243
1
sift 69
380 445
350 766
478 504
441 565
704 414
670 455
536 621
673 522
551 836
580 795
626 809
762 618
622 984
795 683
923 635
955 718
788 1072
1048 884
763 1469
791 1479
1027 1059
1040 1079
814 1497
1125 1031
1563 813
829 1661
1018 1288
1120 1148
820 1851
1468 924
1189 1115
871 1819
1253 1124
1422 1044
1346 1098
1289 1175
1259 1209
997 1594
974 1727
784 2423
1637 1021
954 1877
1178 1440
1356 1274
1022 1769
935 2201
1006 1931
956 2301
1546 1340
1607 1313
1582 1366
1059 2177
1063 2183
1171 1840
1673 1354
1666 1419
1432 1598
1425 1642
1594 1550
1435 1697
1385 1776
1506 1707
1529 1743
1521 1813
1336 2143
1345 2115
1291 2206
1699 1900
1628 2466
1689478995 2130703568
1
sift 117
1301 1310
69 122
63 87
208 212
78 90
65 88
1364 1376
355 259
67 115
339 360
96 142
104 118
405 362
115 170
313 423
132 154
119 178
352 443
134 168
429 364
194 310
146 180
423 662
199 237
498 766
207 338
243 238
453 718
158 474
1359 1623
192 1327
204 337
563 878
238 326
427 581
228 369
569 1233
253 340
543 695
255 398
659 1814
248 413
587 889
225 529
1077 2014
335 321
621 926
323 330
1728 2003
269 498
860 1397
350 375
309 446
866 1836
236 772
297 501
1008 1967
367 424
322 472
331 475
330 761
333 776
481 544
483 585
438 770
458 730
412 1026
478 759
527 645
523 669
571 569
505 848
551 716
531 809
486 977
422 1589
570 839
607 774
573 901
592 928
580 993
622 959
564 1188
547 1280
617 1028
566 1252
687 916
600 1208
613 1204
784 1020
567 1965
821 1023
877 1002
937 949
776 1222
791 1199
830 1158
817 1238
737 1571
719 1751
989 1111
829 1367
928 1370
814 1688
992 1443
871 1787
956 1601
979 1551
1025 1489
1070 1430
1237 1444
1075 1760
1295 1505
1042 1971
1114 1900
1034 2016
1215 1911
1689478995 2146998783
1
sift 146
107 133
69 125
63 93
201 269
68 175
65 99
150 158
352 600
67 116
372 673
104 126
407 342
423 613
96 151
453 848
115 174
732 936
473 842
122 241
563 852
146 204
1364 1361
504 1245
134 234
569 1022
154 224
1301 1491
729 1135
149 243
659 1593
153 290
171 329
1665 1386
145 438
189 292
186 333
194 316
240 263
204 321
199 349
231 302
236 301
207 355
238 323
224 346
228 371
253 352
321 276
248 382
225 470
255 463
269 449
300 395
261 510
367 336
335 374
386 340
311 422
347 390
309 456
297 483
331 461
391 397
322 486
452 360
346 493
362 496
329 548
343 568
333 608
338 626
342 610
330 669
397 634
427 615
399 782
483 578
412 794
475 630
493 621
438 773
447 827
457 805
527 652
450 875
571 606
531 684
508 741
505 806
568 672
552 724
586 691
573 751
551 829
525 952
536 920
570 834
580 819
592 870
587 968
626 888
564 1039
622 923
617 951
566 1121
601 1055
567 1272
615 1148
687 1005
643 1127
636 1234
649 1222
674 1156
662 1313
791 973
680 1348
645 1517
736 1325
763 1255
784 1229
928 1054
776 1294
937 1072
902 1133
862 1303
876 1328
1032 1092
829 1457
989 1172
842 1440
794 1569
871 1445
1110 1130
979 1349
866 1555
1294 1016
798 1613
946 1441
1025 1385
1006 1531
1659 1038
1084 1533
1352 1233
1098 1528
1273 1509
1391 1436
