1701417931 1865606473
1
sift 89
1397 736
228 123
94 96
292 158
146 70
438 201
177 147
437 218
199 156
490 312
301 211
678 388
309 209
1017 648
343 235
1002 682
369 247
1279 778
364 255
1356 765
378 273
1290 822
389 280
1275 1207
430 277
1124 1579
332 400
443 332
493 303
445 380
566 307
529 361
472 435
533 421
492 464
593 371
611 547
590 600
489 832
679 534
733 516
813 505
615 691
638 655
800 573
726 642
790 607
627 746
671 705
753 651
716 699
934 541
724 752
828 679
793 724
810 731
736 818
886 739
1023 664
834 799
684 1051
826 948
949 817
892 909
798 1074
913 922
1063 773
921 951
881 1061
964 907
945 962
1049 947
1036 961
1149 969
1144 1000
1091 1060
902 1417
916 1576
1031 1533
1170 1366
1204 1349
1343 1221
1221 1424
1176 1497
1359 1460
1392 1502
1367 1640
1285 1813
1362 1818
