1716575903 1785851268
1
sift 120
67 67
246 164
5 2
65 81
102 83
18 23
83 86
198 221
25 26
240 219
253 303
24 37
99 100
269 311
42 43
249 260
1018 1016
48 38
237 222
316 332
51 72
218 353
1334 1109
52 73
299 331
382 440
75 59
314 340
58 88
970 675
438 453
92 90
1362 1090
93 99
1816 1103
424 465
117 110
138 107
574 517
130 166
132 193
520 591
170 223
223 208
767 658
307 183
234 218
1114 801
228 236
293 201
763 1369
291 210
256 242
1320 1141
280 312
354 291
1426 1158
358 294
375 295
1492 1265
343 361
238 622
1614 1283
327 429
350 473
1745 1313
468 392
372 495
628 368
531 406
684 441
527 555
506 603
436 899
803 545
870 586
982 596
973 611
984 612
871 672
1179 549
884 723
1023 663
968 713
971 744
1230 703
1103 794
1225 767
1181 822
1301 765
1496 737
1430 813
1165 995
1299 956
1391 933
1444 930
1546 890
1295 1041
1879 889
1616 1004
1685 1014
1780 976
1779 985
1834 983
1945 950
1712 1040
2063 963
1812 1116
2001 1043
1675 1176
2046 1085
1876 1190
1593 1414
1877 1250
1432 1557
1571 1485
1671 1510
1399 1631
1733 1595
1916 1508
1716575903 1799436415
1
sift 97
212 172
34 25
56 40
114 104
191 224
305 57
140 130
151 114
200 229
178 157
211 186
225 133
205 240
224 187
197 209
256 176
574 483
248 221
329 233
301 189
610 596
281 268
276 280
490 329
647 624
330 307
365 335
603 292
768 725
419 332
429 338
484 467
1114 706
543 336
417 409
632 559
911 1032
807 461
629 532
676 588
1217 866
826 491
643 583
800 522
1047 994
728 556
649 614
742 555
1155 1091
752 617
759 728
766 642
1745 1075
940 605
1073 611
830 710
1614 1239
700 838
1070 676
715 836
1008 671
983 900
958 707
1103 649
1330 1140
989 732
1130 735
1358 1412
851 938
1231 737
1435 1383
925 977
1494 715
1869 1521
1261 783
949 982
2024 1517
1026 934
1480 739
1966 1597
1148 978
1444 877
1115 1125
1687 870
1470 939
1519 942
1758 955
1281 1250
1814 1086
2046 1016
1571 1208
1955 1087
1847 1121
1693 1228
1725 1275
1414 1485
1941 1265
1716575903 1861578657
1
sift 480
39 67
12 10
85 98
25 15
72 61
30 28
103 111
33 27
95 85
38 21
129 123
34 37
107 104
47 41
134 146
49 42
193 186
48 57
235 184
62 45
204 192
56 53
268 267
52 58
212 189
66 51
425 310
64 62
198 201
68 66
366 427
78 71
200 207
75 93
430 423
86 84
269 250
93 89
450 406
88 96
315 282
106 97
532 543
117 109
322 355
116 114
706 481
113 126
424 286
114 130
957 569
120 143
371 331
132 134
695 778
133 145
382 396
172 119
562 1030
140 144
438 390
143 140
846 724
146 149
403 432
151 147
860 772
145 156
442 418
166 166
976 857
153 181
520 441
178 174
862 1001
188 168
557 513
242 171
994 987
207 193
574 510
211 190
1117 880
197 202
610 584
224 210
1133 968
236 211
647 603
230 217
1187 1420
234 224
721 666
244 218
1697 1603
248 221
768 709
302 203
1790 1577
256 226
911 852
239 245
287 216
1114 802
261 260
258 270
979 1018
283 240
281 263
1205 892
276 273
291 255
1047 1115
292 257
294 252
1217 1009
293 271
278 291
1219 1048
296 277
321 254
1154 1202
301 290
332 283
1426 1183
343 284
339 287
1492 1278
333 302
328 318
1614 1304
308 336
337 316
1745 1319
318 333
344 311
1677 1466
304 358
372 294
1825 1478
348 329
390 300
443 296
373 332
363 340
412 326
377 344
380 343
376 349
365 361
375 374
386 360
378 384
413 347
419 351
387 378
388 380
368 410
401 401
423 386
407 400
428 383
429 395
458 381
417 421
501 356
448 433
358 558
467 419
436 457
427 464
481 435
408 500
495 434
627 362
422 566
506 474
591 428
552 453
543 459
524 470
466 557
654 417
516 489
416 677
446 647
564 468
527 497
558 485
533 523
571 495
547 535
551 539
545 549
513 602
553 548
518 605
585 533
613 519
560 580
598 542
600 540
615 546
643 553
631 568
629 583
635 578
703 528
730 537
676 586
649 613
742 556
634 631
601 693
817 521
684 626
772 567
725 600
765 574
736 595
686 640
774 591
607 718
773 592
841 572
762 628
650 712
720 672
735 674
700 695
766 634
728 678
785 632
830 606
744 685
807 629
663 738
752 692
855 611
677 751
795 681
861 624
826 673
894 622
870 654
623 900
794 705
1055 581
820 703
753 763
769 753
890 690
787 764
779 785
760 815
991 653
883 713
1163 593
1032 659
1008 684
745 903
1015 689
867 766
913 729
920 741
952 736
909 774
928 782
1137 699
1078 716
844 914
924 800
835 925
906 848
982 789
933 854
949 839
973 821
907 884
1082 754
854 965
999 803
1090 755
918 886
811 1047
983 853
1012 840
1030 825
1686 619
1221 725
1028 843
1026 847
1073 828
1169 761
1102 798
1000 885
1001 889
1171 765
938 961
895 1028
1103 837
1070 869
1035 901
898 1035
1049 896
1023 918
741 1394
987 955
995 951
872 1097
1031 934
1029 957
962 1019
1006 977
1064 938
915 1074
1122 890
946 1049
1302 771
1238 844
1095 948
1151 910
1224 878
1113 962
1116 972
1252 874
1097 1025
1290 879
1254 907
1148 994
1181 966
1164 989
1262 919
1108 1043
1227 960
1257 933
1582 780
1178 1036
1301 958
1230 1012
1260 998
1131 1092
1132 1094
1152 1091
1372 946
1179 1076
1228 1045
1213 1063
1338 970
1313 999
939 1440
1269 1040
1525 916
1069 1246
1412 988
1130 1166
1162 1153
1468 964
1243 1105
1975 781
1054 1334
1349 1034
1547 942
1124 1209
1232 1130
1337 1062
1009 1486
1888 863
1143 1284
1223 1205
1480 1041
1840 924
1542 1050
1899 926
1574 1042
1272 1216
1299 1195
1432 1124
1469 1112
1489 1111
1444 1131
1499 1109
1279 1261
1670 1038
1202 1392
1183 1429
1554 1106
1318 1247
1280 1306
1382 1191
1335 1252
1687 1065
1696 1070
1421 1213
1304 1345
1352 1285
1656 1118
1414 1271
1430 1267
1345 1350
1516 1193
1532 1187
1396 1310
1457 1258
1593 1178
1587 1185
1344 1422
1690 1161
1682 1165
1562 1235
1632 1198
1570 1249
1717 1171
1450 1380
1616 1241
1435 1401
1535 1315
1589 1275
1718 1212
1501 1381
1859 1155
1729 1217
1531 1364
1905 1140
1518 1382
1642 1293
1854 1170
1485 1438
1778 1223
1546 1397
1788 1228
2010 1122
1666 1326
1758 1264
1519 1441
1932 1173
1577 1417
1702 1367
1607 1430
1754 1335
1648 1419
1818 1292
1883 1259
1756 1352
1680 1413
1834 1307
1752 1363
1828 1314
1622 1452
1846 1312
1886 1286
1391 1634
1612 1522
1814 1385
1494 1606
1636 1530
1881 1362
1851 1428
1688 1554
1798 1494
1823 1503
1934 1424
1861 1488
1652 1619
1931 1482
1865 1533
1961 1484
1847 1573
1978 1469
1963 1507
1964 1517
1914 1564
2020 1527
2059 1455
1944 1594
2002 1567
2070 1344
1837 1649
2011 1661
2026 1669
1716575903 1906096636
1
sift 133
67 53
107 128
25 16
65 59
253 180
24 29
77 63
193 199
42 32
249 263
240 225
52 39
99 85
198 229
75 49
218 468
1018 1030
58 65
299 326
269 295
93 64
546 1120
92 76
519 400
316 319
117 100
1362 1161
133 111
970 707
382 444
138 132
150 130
438 433
130 147
184 157
424 457
223 198
234 209
520 582
220 244
307 183
574 550
228 226
256 224
767 695
293 208
291 215
1114 854
213 384
280 309
1217 984
358 284
375 276
1426 1203
343 345
344 353
1320 1321
238 617
380 360
1492 1389
476 328
628 286
1614 1376
372 412
558 313
1677 1380
468 393
531 397
1745 1419
611 398
676 399
499 497
720 436
684 459
527 570
506 667
436 924
803 567
1025 505
982 532
968 548
973 637
871 718
984 687
884 777
971 741
1177 658
1023 752
1103 743
867 932
1237 758
1301 764
1225 817
1064 949
1115 944
1430 785
1012 1053
1546 784
1169 1013
1295 950
1687 840
1480 917
1444 935
1499 921
1299 1042
1445 1085
1879 904
1685 969
1780 964
1646 1043
1779 990
1899 966
1834 1005
1861 1007
1855 1054
1392 1286
2001 1073
2045 1039
1712 1200
1877 1187
1496 1394
1876 1197
2046 1141
1593 1422
1432 1580
1571 1465
2063 1154
1671 1501
1675 1546
1916 1404
1842 1485
1616 1676
2067 1514
1716575903 2045004962
1
sift 78
253 212
154 173
56 46
113 120
86 88
932 884
191 143
151 148
140 175
190 209
1003 1138
212 167
178 184
204 189
327 502
1362 1388
200 269
224 224
197 261
632 511
1140 1690
610 571
329 281
276 319
408 850
1512 1924
1047 964
281 325
330 321
1130 685
1154 1314
373 313
340 357
884 886
1379 1821
365 336
363 400
988 838
2033 1739
429 406
417 475
1444 705
807 477
826 524
958 971
629 627
678 696
1257 856
1074 559
752 797
802 1370
983 809
1435 1320
1038 1140
1260 1038
1870 1905
1148 1139
918 1525
1026 1351
1778 926
1758 957
1565 1015
1001 1511
1963 929
1299 1239
1948 998
1589 1174
1097 1689
1997 1027
1358 1349
1955 1064
1709 1180
1191 1856
1381 1665
1675 1452
1773 1516
1914 1503
1847 1647
1716575903 2095558067
1
sift 494
83 75
14 17
16 16
142 114
84 79
18 22
221 178
103 96
19 25
177 158
129 123
21 29
240 195
154 153
30 33
237 205
165 146
33 36
249 216
200 175
38 41
253 322
268 233
40 45
404 444
191 190
51 50
396 573
291 243
52 51
472 410
205 194
54 57
534 631
421 198
56 63
970 833
212 203
66 87
1018 884
279 305
78 83
1362 1019
366 388
86 85
1140 1378
345 340
87 88
1654 1655
395 356
93 86
1442 1413
459 345
106 99
450 414
115 101
401 385
113 103
430 456
117 111
436 361
120 112
425 548
116 113
528 418
130 118
474 494
147 128
527 425
140 139
532 489
135 150
658 529
182 107
610 581
146 138
695 878
145 149
647 578
151 141
822 748
153 143
707 887
158 132
860 816
156 156
805 895
161 157
911 854
166 163
1133 741
262 147
1106 811
197 180
976 973
190 192
1219 1117
207 185
1047 1075
213 182
1215 1149
223 199
1154 1242
192 222
1187 1225
226 207
1436 1072
243 200
1117 1541
216 224
1311 1282
225 215
1880 1145
245 202
1697 1511
342 174
1751 1630
259 214
1825 1608
242 237
257 223
258 230
250 244
293 238
276 254
281 252
304 249
301 250
283 278
296 261
294 273
305 284
308 285
321 279
289 303
327 288
298 326
340 294
332 306
416 248
333 302
390 259
338 310
422 270
380 293
318 358
309 383
348 329
365 314
339 367
385 318
376 337
362 362
377 363
363 384
407 354
373 390
417 360
473 339
423 379
448 387
456 394
429 419
467 401
561 347
419 514
485 424
481 435
476 442
494 430
603 365
876 308
509 437
501 465
506 460
487 496
540 427
524 463
558 432
609 409
466 586
516 500
529 484
522 538
544 525
549 523
489 668
560 556
585 541
607 508
650 483
601 518
589 555
657 507
564 607
571 608
661 532
543 660
727 491
578 616
591 598
758 478
580 653
622 594
600 652
684 583
635 614
664 592
649 602
637 624
715 572
676 600
686 597
720 588
700 596
629 678
615 694
576 755
626 709
678 661
633 699
728 610
1046 450
701 659
533 876
717 640
630 731
803 587
719 672
677 713
855 565
765 665
627 806
779 669
563 958
752 705
759 701
792 683
735 739
844 635
744 726
766 714
811 675
787 696
704 779
741 754
771 733
640 872
828 684
739 778
762 791
951 646
849 742
869 734
816 766
808 781
841 760
736 910
815 801
854 768
936 722
1273 561
931 735
863 785
800 871
928 752
870 796
817 864
820 863
929 765
883 810
1149 663
873 832
884 828
1094 702
806 946
915 797
897 826
826 949
702 1143
1132 711
835 956
638 1333
950 831
901 873
882 906
968 818
921 860
933 874
1052 804
991 847
890 970
1441 667
973 889
989 880
894 1002
913 979
1012 890
1412 698
1465 691
962 962
995 933
1031 904
818 1151
984 955
1043 893
982 967
1000 947
1007 951
955 1008
904 1055
1042 957
983 1017
1179 842
872 1138
1028 988
1038 989
1049 982
1099 968
1026 1031
1103 971
1023 1051
896 1194
1091 1010
1029 1062
1110 1004
1257 899
920 1217
1022 1116
1030 1115
1064 1081
1267 920
1178 1022
917 1299
1073 1123
1148 1050
856 1517
1116 1092
1071 1166
1245 1025
1372 953
1113 1129
1126 1134
1078 1215
1332 1012
1333 1013
1206 1104
1582 902
1304 1044
1204 1125
1164 1152
1423 1011
1248 1099
1446 1000
1279 1084
1173 1179
981 1505
1659 929
1224 1156
1299 1113
1156 1241
1254 1154
1237 1176
1344 1097
1239 1178
1321 1120
1122 1324
1711 960
1120 1347
1269 1190
1016 1598
1243 1245
1777 978
1289 1212
1637 1036
1152 1389
1189 1345
1181 1369
1481 1106
1130 1453
1252 1272
1309 1227
1421 1144
1153 1429
1316 1236
1406 1173
1376 1188
1566 1090
1444 1160
1370 1210
1345 1237
1348 1248
1229 1436
1437 1222
1226 1489
1199 1538
1355 1306
1591 1147
1430 1287
1565 1198
1165 1628
1352 1372
1161 1639
1414 1336
1343 1418
1609 1220
1432 1349
1247 1576
1522 1296
1315 1521
1171 1706
1280 1567
1480 1338
1335 1502
1509 1332
1468 1391
1486 1383
1391 1469
1584 1291
1276 1616
1381 1503
1151 1742
1221 1705
1338 1560
1560 1340
1596 1313
1470 1460
1337 1596
1675 1300
1652 1319
1496 1464
1687 1308
1499 1491
1589 1401
1531 1473
1680 1353
1571 1437
1518 1504
1570 1463
1552 1487
1484 1563
1826 1295
1741 1357
1535 1525
1587 1498
1772 1355
1445 1629
1561 1526
1847 1317
1608 1510
1656 1474
1724 1433
1945 1279
1758 1410
1435 1702
1717 1506
1636 1570
1861 1403
1778 1478
1788 1471
1784 1484
1881 1417
1562 1652
1879 1449
1899 1443
1476 1732
1756 1556
1573 1689
1882 1492
1761 1574
1729 1599
1859 1519
1769 1603
1993 1426
1926 1532
1702 1683
1828 1614
1696 1701
1946 1533
1855 1615
1667 1720
2010 1494
1734 1696
1834 1644
1835 1663
1837 1666
1969 1580
1839 1679
1975 1586
1893 1643
1819 1729
1883 1717
1854 1743
2054 1698
1716575903 2130703568
1
sift 101
221 203
154 168
2 1
191 142
56 52
253 177
212 170
78 79
200 226
113 111
204 178
124 118
374 334
140 160
911 889
178 180
417 518
172 182
1133 802
211 163
1379 2033
190 211
1047 1192
197 237
2030 1764
224 222
1154 1393
248 243
2031 1836
239 306
329 266
276 301
281 320
330 323
318 345
365 340
373 337
363 421
429 417
543 463
445 646
807 523
629 654
728 642
826 585
678 730
571 900
1064 586
752 807
855 729
1103 656
1113 665
663 1158
1164 693
983 839
884 908
1406 700
1254 764
1231 793
933 974
802 1220
989 946
1178 851
1166 862
924 1114
1130 932
1073 1205
1070 1218
1570 971
918 1538
1076 1334
1259 1188
1026 1440
1430 1104
1148 1374
1260 1294
1565 1128
1688 1094
1001 1734
1685 1185
1818 1130
1444 1324
1809 1180
1499 1308
1223 1566
1391 1400
1143 1713
1963 1156
1202 1701
1435 1517
1840 1410
1773 1498
1485 1853
1501 1928
1675 1786
1964 1596
1955 1613
1725 1833
1815 1796
1701 1985
1847 1962
1716575903 2146998783
1
sift 67
29 38
200 234
56 72
253 284
73 51
91 111
395 446
113 106
115 114
314 503
610 568
124 126
140 206
396 522
647 571
178 204
172 280
1362 1202
1047 1075
190 256
224 231
1140 1544
230 250
248 254
1256 1465
239 290
257 351
1816 1339
276 349
329 301
281 375
327 334
340 346
373 321
365 352
429 435
259 1189
417 529
445 653
807 502
728 559
485 829
571 747
1103 507
826 578
629 722
855 589
1073 631
884 752
1166 648
1687 603
988 811
983 834
776 1083
667 1532
1499 839
1054 1091
1818 769
962 1270
1778 830
1260 1036
1970 851
1944 886
1232 1506
1964 1170
1773 1313
1815 1442
