1745211470 1811936640
1
sift 531
778 796
79 50
0 2
302 306
65 35
7 9
829 816
106 107
21 12
470 412
77 39
19 21
1003 1146
139 100
27 18
64 49
30 24
154 95
41 25
102 69
43 26
168 170
55 33
117 77
83 31
195 206
63 40
111 81
69 63
213 189
88 58
110 85
90 60
316 199
68 79
124 83
95 61
264 265
93 62
134 99
73 82
295 325
85 74
142 102
76 84
416 312
74 117
153 108
115 86
491 329
123 92
146 116
121 94
511 394
129 115
150 126
119 137
476 475
141 112
169 130
132 122
940 576
157 129
208 124
131 150
902 604
161 127
227 154
165 125
702 764
174 123
217 159
228 97
911 658
173 145
212 176
242 121
1000 646
190 143
245 161
189 149
1106 830
186 153
258 169
266 133
925 1003
205 172
252 175
182 209
1344 821
232 166
248 216
202 203
1206 947
251 190
263 212
270 192
1271 921
275 197
549 250
230 226
1317 961
253 211
400 308
247 221
1350 931
261 217
419 307
322 219
1371 934
283 243
631 341
269 266
1452 964
274 269
496 397
309 237
1230 1123
292 256
534 388
312 246
1493 1007
279 282
526 440
324 254
1482 1102
310 263
870 441
294 279
1096 1520
256 327
732 535
301 277
1421 1703
201 512
816 504
319 284
641 201
942 697
304 294
298 302
1299 601
326 287
318 290
932 709
346 271
347 278
981 701
358 273
341 293
853 892
364 270
327 321
1029 763
340 313
361 288
1091 738
349 297
355 332
1145 762
380 298
321 400
1027 835
369 354
385 335
1088 807
443 296
377 350
1053 820
397 343
408 339
1249 791
337 429
384 357
961 1017
423 351
529 314
1188 863
391 384
336 515
1184 925
415 385
426 374
1186 958
439 376
381 424
1198 953
457 379
499 361
1266 919
430 414
544 355
1306 904
633 322
446 409
1381 896
388 478
429 436
1349 915
421 459
494 411
1267 995
532 396
424 477
1355 935
472 427
428 490
1335 971
447 461
486 433
1193 1068
394 547
409 569
1274 1034
483 453
459 498
1304 1027
495 457
515 447
1384 1000
493 470
477 491
1377 1030
414 599
589 422
1459 1010
431 593
489 507
1442 1024
514 499
525 495
1408 1085
601 435
628 434
1423 1192
502 546
509 545
1447 1170
791 401
527 541
1521 1108
577 488
492 592
533 548
475 613
524 568
535 556
567 518
570 520
1374 334
505 606
456 671
597 500
465 653
422 734
503 614
564 565
634 502
545 597
596 538
513 641
595 571
546 632
623 553
602 578
599 589
636 558
614 572
693 522
540 661
553 650
575 625
705 539
794 509
867 468
556 676
521 717
781 532
642 608
713 579
658 621
731 587
613 656
698 611
580 700
779 582
807 575
864 537
725 615
728 620
772 602
700 634
645 665
619 688
562 756
716 630
859 552
747 631
754 633
674 677
538 844
797 623
727 662
660 710
655 712
1458 442
735 678
837 629
679 707
651 721
756 675
847 635
668 744
1511 437
701 714
785 685
762 705
752 718
673 786
891 670
685 804
938 648
710 789
802 730
680 828
672 850
664 859
689 849
665 881
678 884
581 1096
999 674
814 787
1080 647
1017 666
890 725
722 886
780 861
746 898
720 940
845 817
805 875
916 775
894 784
827 853
908 779
751 960
795 908
627 1172
909 800
878 831
879 829
919 808
1020 742
819 923
968 778
1142 704
759 1020
1055 731
815 985
855 917
834 941
1093 750
1064 761
838 982
792 1050
888 906
967 838
880 922
1171 745
899 914
848 1049
1208 755
1146 780
1034 836
929 930
1047 843
842 1105
825 1133
946 975
918 1012
875 1073
1038 874
684 1475
866 1112
949 1031
939 1043
977 1021
1153 878
898 1129
1130 891
1065 957
884 1208
997 1055
1075 977
1121 928
1312 839
927 1147
979 1097
1116 976
1105 984
963 1130
1238 912
937 1210
1232 943
1508 797
1012 1127
1079 1081
1040 1117
1219 993
980 1222
1251 983
868 1423
1207 1014
973 1249
1074 1122
1187 1045
965 1264
1316 970
1280 998
1015 1211
914 1378
1048 1176
1063 1178
1328 997
1195 1090
1319 1004
1324 1002
1109 1150
1176 1111
1099 1177
882 1529
1005 1280
1205 1101
983 1332
1041 1248
1004 1305
1052 1257
1293 1066
1297 1075
1061 1259
1037 1295
1033 1299
1107 1228
1244 1113
987 1419
1490 968
1398 1061
1191 1215
1247 1175
886 1735
1118 1294
1002 1485
1013 1442
994 1521
1254 1217
1149 1298
1333 1151
1165 1291
1135 1322
1497 1028
1156 1303
1159 1302
1138 1329
1024 1504
960 1653
1126 1368
1311 1263
1241 1308
1215 1340
1217 1358
1111 1508
1127 1502
964 1809
1085 1587
1476 1193
1419 1251
1396 1275
1262 1389
1221 1426
1182 1498
1213 1461
1147 1568
1422 1285
1248 1439
1416 1289
1321 1366
1303 1424
1270 1465
1023 1831
1265 1488
1403 1352
1237 1526
1180 1629
1308 1474
1426 1355
1234 1557
1370 1430
1110 1758
1475 1336
1413 1432
1461 1365
1392 1480
1240 1649
1337 1534
1481 1390
1492 1354
1472 1421
1214 1736
1410 1519
1269 1704
1415 1528
1382 1592
1418 1561
1359 1635
1432 1567
1277 1751
1320 1731
1411 1628
1429 1640
1295 1804
1484 1553
1332 1757
1443 1621
1365 1769
1380 1756
1468 1639
1346 1826
1114 1934
1412 1787
1440 1862
1745211470 1865606473
1
sift 391
778 854
79 50
27 12
302 350
65 26
30 20
829 1234
491 312
55 24
1003 1352
102 78
63 38
1323 802
511 459
54 47
111 93
83 36
911 648
90 56
110 95
93 65
902 683
95 69
117 91
88 87
1096 929
115 86
124 100
123 90
1344 822
150 101
134 109
119 142
1106 992
142 115
153 114
174 106
1317 968
129 137
146 123
161 130
1271 1031
165 134
221 139
157 138
1350 993
173 143
217 158
189 144
1494 927
247 132
227 161
230 167
1452 1152
245 159
248 201
182 213
1482 1191
205 196
252 200
277 160
271 162
258 232
232 188
253 194
419 327
270 190
275 191
604 276
261 229
393 170
470 398
283 209
312 225
534 388
292 254
310 245
496 439
256 321
324 261
631 433
298 308
318 288
526 529
346 278
326 307
816 536
345 293
532 212
732 603
304 352
364 280
712 614
349 303
327 335
800 665
361 291
396 282
942 737
383 309
460 285
932 757
573 256
385 339
1029 778
423 353
381 408
1091 765
426 376
446 365
1115 792
430 382
435 385
1027 857
415 411
544 351
1088 816
469 383
457 397
1083 825
877 287
459 422
1145 800
495 410
410 484
1053 939
425 481
397 521
1249 862
428 535
414 556
1307 893
483 485
589 418
1184 1010
525 467
492 496
1186 1015
567 457
597 434
1349 942
514 500
431 624
1381 936
601 464
477 576
1245 1089
489 585
586 492
1267 1081
533 553
465 638
1335 1055
502 588
519 571
1384 1020
508 593
486 619
1274 1121
507 598
602 503
1194 1204
527 577
456 755
1355 1101
635 534
638 547
1442 1038
599 590
422 910
1304 1154
506 732
783 505
1459 1044
538 719
705 560
1377 1197
713 561
693 581
1450 1254
760 559
716 594
1390 1320
727 582
762 562
1447 1280
779 567
580 734
1423 1326
754 597
797 600
710 649
575 769
660 705
867 570
791 636
728 687
772 659
847 618
679 727
574 870
668 743
747 711
967 580
859 653
656 782
645 803
673 779
583 949
613 858
606 920
878 686
666 845
756 767
755 776
735 801
785 777
814 759
686 871
1017 652
999 671
810 789
751 843
865 749
864 752
698 912
792 833
889 745
909 746
887 766
882 775
835 827
780 907
683 1100
1142 717
908 835
879 861
674 1176
759 1040
720 1116
664 1231
802 1027
869 944
838 1008
834 1017
899 955
890 970
929 948
964 883
968 889
891 988
1064 830
848 1108
849 1120
892 1053
936 1004
1208 799
888 1091
1075 879
815 1257
1187 841
933 1049
997 985
1238 818
1171 865
1034 964
1109 894
1047 960
977 1024
983 1046
842 1292
1082 981
1105 969
918 1195
1037 1025
1116 977
1022 1063
1207 943
945 1202
1155 979
994 1161
1099 1047
1079 1067
1190 1000
1101 1075
965 1245
1213 990
886 1384
1110 1093
1005 1198
1002 1241
1195 1068
1123 1117
868 1496
1435 950
1004 1273
984 1304
989 1310
1153 1155
1015 1278
998 1332
1490 905
939 1430
1319 1060
1033 1314
1074 1266
1159 1205
1407 1018
1312 1099
1162 1223
1291 1133
1508 974
987 1482
1070 1358
1061 1378
1107 1346
1182 1295
1232 1252
1040 1452
1333 1185
962 1635
1172 1366
1176 1357
1205 1327
1316 1232
1010 1566
1303 1269
1262 1297
1042 1532
1243 1313
1201 1377
1085 1508
1031 1602
1242 1363
1241 1369
1293 1330
1165 1475
1506 1145
1052 1619
1013 1684
1310 1368
1254 1405
1118 1570
1280 1410
1023 1727
1066 1656
1403 1343
1218 1502
1126 1659
1177 1617
1270 1515
1507 1268
1362 1459
1426 1409
1419 1417
1302 1573
1285 1595
1472 1402
1217 1652
1396 1509
1481 1425
1394 1540
1295 1627
1259 1661
1237 1696
1365 1582
1415 1537
1392 1568
1221 1754
1484 1483
1257 1730
1443 1554
1308 1706
1475 1555
1380 1658
1369 1693
1332 1726
1398 1677
1477 1611
1432 1683
1223 1868
1352 1803
1375 1781
1393 1782
1411 1770
1470 1711
1413 1849
1461 1848
1504 1791
1359 1883
1468 1876
1745211470 2019709110
1
sift 67
139 129
102 104
511 590
124 185
1271 1094
205 168
1377 1303
274 240
1494 1259
248 281
261 289
304 297
326 388
421 397
431 473
414 503
617 418
630 424
575 440
483 496
559 460
531 489
527 519
668 468
564 547
844 506
680 597
732 582
819 587
469 1169
834 694
802 728
756 766
586 989
882 773
701 914
1022 742
983 765
981 785
1362 673
1033 788
1215 729
1485 687
945 885
961 868
1265 775
1165 811
1243 861
1011 1002
1431 819
1443 833
1039 1113
1111 1103
1277 1034
1407 1016
833 1742
1099 1250
757 1994
1451 1147
1245 1414
1274 1513
1380 1491
1305 1605
1387 1598
1289 1752
1172 2055
1398 2133
1745211470 2124113243
1
sift 97
79 74
102 75
139 98
205 136
172 105
142 102
124 127
165 174
511 361
252 122
245 146
261 244
491 404
217 195
248 198
404 264
305 2441
419 271
427 428
326 364
1271 776
421 347
630 390
327 616
1452 785
452 418
712 388
431 445
1494 760
483 444
732 442
645 385
1457 825
575 423
444 697
668 482
1482 862
527 578
1355 684
680 493
1317 962
459 794
1198 798
564 633
802 558
1245 787
469 931
617 695
1377 851
819 601
810 620
1184 1022
760 642
658 753
1274 953
664 779
834 688
1434 1147
848 685
983 710
1192 1398
871 844
1235 678
1423 1395
1375 647
882 934
1385 1427
1123 780
1277 737
1409 1592
1165 824
1033 955
1521 1625
792 1411
1111 961
998 1121
1415 868
780 1634
1407 970
1064 1226
833 1774
716 2290
1475 1102
1398 1329
1079 1655
1451 1381
1515 1249
1484 1429
1396 1517
1136 1816
1303 1745
1173 2064
1191 2081
1160 2160
1429 2203
1432 2463
1513 2284
