1785851268 1861578657
1
sift 108
67 69
0 6
86 92
219 238
2 2
331 299
26 15
353 298
37 19
340 339
42 22
559 620
73 58
668 838
72 60
766 795
99 89
728 882
89 124
771 975
110 109
1027 1358
151 172
221 201
218 224
210 255
241 227
215 271
312 241
311 250
332 281
361 284
415 311
465 286
403 372
346 485
392 420
408 407
398 426
440 396
453 390
443 415
433 594
591 441
445 672
517 510
425 747
603 474
622 565
899 457
531 769
657 709
611 821
515 1075
549 1076
945 612
623 963
663 918
630 978
801 802
794 837
767 877
642 1128
637 1177
650 1214
696 1150
822 966
669 1346
834 1041
736 1206
980 926
990 930
997 941
740 1295
797 1225
721 1479
1025 1009
813 1267
930 1131
698 1619
783 1489
956 1195
836 1476
1082 1095
985 1222
792 1633
951 1360
991 1298
983 1307
960 1418
935 1462
1140 1139
1030 1338
882 1620
932 1562
1158 1183
995 1586
1121 1495
1264 1279
1250 1309
1282 1305
1313 1319
1557 1124
1261 1430
1149 1652
1268 1570
1378 1616
1531 1488
1785851268 1906096636
1
sift 852
67 53
10 3
0 0
260 263
17 8
3 2
219 225
31 28
11 5
331 326
41 21
19 12
353 452
64 44
23 17
575 618
78 58
26 16
668 691
101 77
25 18
766 669
85 57
33 22
728 727
109 80
36 23
771 876
131 102
37 29
1027 1105
122 110
38 30
845 968
135 121
42 31
1089 1162
143 134
43 32
1152 1174
163 143
48 33
177 149
52 36
176 168
54 38
184 163
57 43
194 173
62 42
188 185
59 49
244 182
60 51
213 207
61 50
224 197
71 47
227 206
63 52
234 210
70 54
237 218
82 61
232 227
88 65
258 243
92 67
249 232
89 69
259 240
90 76
250 253
99 64
271 254
96 70
279 265
97 75
285 274
95 82
289 272
98 81
293 283
100 85
304 285
106 78
318 303
102 86
333 297
105 87
323 321
108 95
321 344
110 100
345 320
118 93
341 325
114 105
358 337
117 107
366 334
132 89
423 394
121 112
397 409
107 132
411 410
125 113
418 408
124 119
420 407
123 126
419 432
138 114
462 440
136 118
459 454
129 124
469 451
128 128
483 439
139 123
475 465
133 127
470 471
140 129
485 484
160 116
509 481
146 140
499 526
149 139
551 515
151 137
534 543
134 157
560 566
164 136
618 556
173 131
629 630
153 142
501 883
147 162
662 652
159 144
665 680
155 152
670 717
167 146
684 697
166 147
688 692
162 160
796 614
172 155
595 844
174 154
719 731
180 150
777 711
170 159
683 830
185 161
695 857
181 165
763 806
186 164
717 866
183 183
818 789
193 178
787 822
197 172
943 753
190 186
856 794
212 170
962 781
196 189
868 852
210 184
905 869
187 213
920 910
202 191
862 972
208 194
959 934
203 202
1047 886
245 190
922 1078
215 208
1013 992
204 241
1015 1029
218 209
1311 845
226 201
1109 997
283 179
1101 1014
211 222
1290 891
221 229
1023 1166
247 204
928 1269
243 212
1192 1002
236 226
1204 1107
252 214
1322 1001
241 223
1100 1254
257 211
1256 1199
235 231
1161 1247
230 237
1213 1267
233 234
1225 1332
254 216
1255 1340
246 230
1296 1310
209 267
1419 1342
256 228
1286 1523
263 236
1500 1435
262 245
1483 1585
220 277
1594 1584
270 247
1597 1673
266 251
1545 1745
253 262
228 292
223 300
282 255
214 348
281 259
288 268
277 275
297 270
292 278
295 276
300 271
294 284
298 286
286 299
302 306
311 295
322 290
421 244
310 298
329 288
312 309
316 308
338 289
326 301
299 342
339 305
332 319
319 343
336 315
351 311
346 313
350 314
349 324
301 401
369 318
365 323
347 351
361 345
372 332
363 356
354 362
374 364
380 366
376 370
348 400
396 360
398 358
414 354
387 371
368 404
416 363
377 402
386 389
391 392
392 393
399 386
422 373
403 387
404 396
395 406
406 397
383 420
394 413
407 423
487 357
409 430
429 415
427 425
431 418
467 382
425 429
450 405
440 444
445 436
453 433
451 446
441 459
439 469
448 460
433 478
478 434
472 450
435 489
443 474
465 457
471 461
466 464
447 487
474 466
589 375
458 494
479 490
434 564
455 531
497 477
442 604
508 496
523 486
506 512
494 522
514 520
547 508
530 514
529 524
567 513
517 550
541 525
542 533
522 554
476 675
507 594
528 562
537 563
549 557
526 572
571 538
563 540
545 567
543 578
533 587
596 532
555 570
584 552
558 573
550 598
557 609
592 576
815 467
515 657
581 591
591 582
605 579
570 619
609 585
597 601
585 620
602 616
1005 458
687 549
624 602
625 607
594 639
671 569
580 659
622 617
620 622
652 599
611 637
599 651
713 548
553 726
682 589
603 667
635 635
676 612
588 712
633 645
574 736
616 672
628 660
612 687
634 663
648 656
677 638
650 658
623 685
630 678
536 802
643 676
729 610
659 673
657 694
644 713
614 751
666 688
651 714
656 722
692 668
686 681
673 708
675 707
669 721
590 805
680 698
737 641
672 718
617 767
565 848
690 693
674 720
663 752
689 734
716 690
760 666
802 643
615 825
532 1028
681 769
892 627
843 647
639 836
721 748
759 724
726 749
744 741
711 757
715 760
723 777
793 744
739 773
765 764
710 803
696 823
698 814
811 745
784 759
864 728
705 839
776 774
798 763
757 792
732 821
745 815
701 879
810 776
706 877
767 817
700 899
762 829
785 808
814 786
734 861
727 867
770 827
768 832
827 782
774 841
804 812
782 850
761 874
839 795
933 755
750 916
792 855
861 793
890 784
800 853
828 831
743 938
824 843
1050 725
806 863
816 873
849 842
833 860
826 868
1073 733
572 1492
945 790
831 875
799 919
778 946
808 922
934 811
848 878
783 956
882 856
752 1025
915 837
951 818
809 943
834 917
873 880
929 833
875 881
852 909
855 913
880 900
854 933
883 894
735 1103
830 954
897 885
887 902
878 927
889 904
907 892
1045 799
898 923
906 912
896 930
884 944
790 1074
858 970
850 980
893 940
1058 810
930 935
958 908
954 921
871 1009
935 941
968 918
879 1019
917 976
924 979
888 1033
912 1011
1000 939
694 1417
957 983
975 965
835 1124
919 1036
980 966
998 959
967 987
925 1032
877 1106
913 1058
960 1003
952 1026
985 990
909 1084
931 1050
1014 969
829 1182
903 1095
1032 957
982 1006
1041 950
956 1042
927 1076
866 1155
1069 936
932 1071
1025 984
1049 958
972 1043
981 1039
965 1057
996 1046
937 1117
791 1312
997 1075
999 1079
995 1088
1052 1008
1010 1082
1074 999
947 1147
949 1148
1019 1080
1036 1060
1093 988
1177 920
1026 1093
1227 888
1020 1100
986 1130
1219 897
1043 1073
963 1154
910 1211
819 1361
1096 1018
1056 1085
1075 1069
1092 1048
940 1213
977 1181
923 1233
991 1176
1163 981
1065 1097
966 1195
1030 1139
1121 1035
1053 1115
1083 1087
1017 1169
1042 1143
1062 1133
1200 993
1257 952
1088 1129
1111 1108
1085 1141
1167 1065
865 1472
1155 1081
1040 1200
1151 1092
978 1275
1263 985
1051 1196
1001 1259
1107 1145
1099 1164
1241 1017
1105 1163
1082 1184
1216 1053
1114 1158
1170 1111
1077 1201
891 1509
1293 1013
1054 1238
1037 1274
1238 1070
1098 1208
1138 1173
1281 1064
1326 1041
1392 1012
1123 1209
1487 949
1126 1220
1208 1156
1145 1202
1106 1253
1158 1203
987 1486
1159 1207
1128 1252
1190 1197
1274 1127
1205 1204
1183 1229
1154 1255
1306 1144
1156 1261
1251 1186
1150 1283
1198 1236
1125 1325
1044 1520
1141 1321
1122 1374
1175 1295
1373 1170
1194 1288
1289 1214
1248 1246
1279 1227
1130 1400
1172 1344
1174 1345
1202 1315
1239 1263
1169 1359
1217 1309
1215 1317
1237 1289
1188 1360
1165 1405
1451 1165
1231 1333
1206 1372
1253 1308
1339 1249
1258 1304
1321 1268
1299 1278
1162 1470
1291 1292
1209 1394
1458 1194
1229 1381
1210 1398
1292 1303
1247 1354
1269 1339
1371 1264
1220 1425
1362 1280
1353 1293
1336 1318
1343 1313
1234 1423
1252 1402
1264 1390
1187 1526
1288 1369
1137 1595
1282 1377
1425 1260
1214 1493
1278 1393
1176 1546
1352 1338
1333 1351
1328 1364
1412 1299
1418 1298
1313 1419
1377 1367
1249 1508
1432 1311
1349 1412
1450 1294
1382 1370
1323 1441
1325 1455
1309 1495
1390 1407
1367 1430
1335 1482
1280 1535
1319 1517
1337 1497
1364 1467
1316 1536
1480 1336
1477 1341
1368 1484
1414 1422
1394 1460
1277 1568
1243 1627
1420 1443
1447 1414
1503 1347
1356 1534
1342 1545
1302 1604
1430 1487
1345 1581
1422 1503
1460 1459
1228 1736
1559 1331
1508 1404
1530 1385
1275 1677
1449 1494
1544 1373
1409 1544
1446 1519
1485 1465
1613 1290
1462 1506
1489 1491
1472 1522
1471 1524
1426 1564
1439 1548
1338 1675
1386 1628
1378 1638
1429 1574
1566 1395
1510 1501
1455 1570
1424 1633
1401 1667
1268 1790
1464 1593
1502 1547
1548 1498
1543 1510
1396 1704
1532 1531
1515 1552
1576 1463
1549 1539
1516 1587
1334 1795
1465 1670
1569 1532
1504 1620
1478 1664
1523 1601
1574 1530
1540 1576
1404 1756
1488 1661
1453 1730
1552 1598
1436 1748
1435 1752
1513 1689
1556 1624
1567 1612
1555 1639
1588 1614
1536 1713
1520 1735
1592 1644
1533 1718
1562 1697
1604 1649
1526 1754
1572 1700
1596 1683
1573 1716
1529 1791
1586 1722
1570 1744
1581 1768
1618 1707
1590 1765
1550 1812
1608 1787
1606 1801
1626 1783
1624 1802
1785851268 2095558067
1
sift 118
91 75
303 322
26 34
67 109
210 243
58 47
219 195
1015 885
72 50
222 205
278 231
73 51
260 216
107 65
264 268
899 361
100 80
559 515
99 86
348 280
105 87
575 557
110 111
668 674
127 132
728 820
166 118
766 905
208 199
771 963
247 209
845 994
312 332
1089 1018
396 293
1027 1110
429 288
1022 1162
346 432
1103 1315
407 458
344 825
1504 1378
441 583
445 588
603 460
545 587
633 609
537 831
515 907
549 842
531 870
586 796
558 927
570 922
611 889
596 967
612 955
675 833
634 931
630 951
642 939
689 865
713 818
723 828
696 914
663 1051
650 1102
740 1011
735 1033
793 972
637 1302
776 1028
997 906
698 1319
785 1163
827 1129
841 1114
711 1389
743 1298
752 1370
946 1059
727 1427
775 1308
813 1287
792 1341
932 1127
956 1113
837 1274
930 1160
935 1158
822 1369
834 1338
884 1331
949 1278
910 1424
954 1491
980 1443
961 1485
985 1477
1017 1434
1077 1307
866 1735
1036 1441
909 1703
995 1628
983 1644
1006 1632
1176 1300
1151 1416
1198 1357
1056 1629
1288 1304
1289 1310
1335 1582
1485 1437
1299 1675
1531 1464
