1788219329 1799436415
1
sift 99
54 40
104 64
97 60
88 74
86 94
165 174
114 87
192 185
131 148
322 317
175 172
359 345
208 157
502 288
210 202
490 350
351 228
403 504
294 319
1095 258
328 327
411 622
364 300
511 569
340 335
567 555
368 336
752 552
420 338
668 705
533 326
623 785
451 461
701 681
496 471
850 565
530 491
763 653
620 456
745 690
553 562
629 877
706 532
987 631
650 596
605 1224
679 619
1044 636
598 786
733 933
732 639
782 867
785 614
764 894
724 745
929 733
864 617
751 1004
777 729
844 849
697 901
814 893
900 764
915 800
1087 824
936 820
1011 900
823 955
1208 1010
1020 783
1272 995
884 973
967 1349
1053 869
1214 1256
854 1134
1229 1319
879 1302
1349 1383
1091 1036
1561 1144
869 1378
1486 1382
1307 898
1351 910
1319 943
1070 1192
1236 1051
1023 1374
1066 1310
1101 1255
1438 1046
1241 1220
1440 1122
1226 1441
1562 1131
1421 1293
1402 1336
1371 1394
1788219329 2014127030
1
sift 97
3 3
53 62
1 2
5 4
115 54
4 1
110 134
92 106
17 11
170 172
131 178
52 43
161 180
98 104
55 45
215 332
294 320
76 66
266 257
86 123
289 68
279 438
350 286
133 110
409 272
175 184
285 113
937 1020
328 371
185 174
449 552
174 186
359 149
650 666
210 225
673 671
208 283
537 138
640 752
201 271
908 771
383 354
293 197
667 907
313 195
1028 799
331 390
372 205
1174 1026
348 278
1391 1308
307 451
516 224
321 314
420 415
320 418
325 448
478 399
1477 233
451 575
530 618
642 523
511 720
742 658
526 840
722 577
732 682
708 631
756 606
598 942
828 605
792 709
748 896
703 798
919 733
900 858
1017 710
935 784
1405 655
764 1019
1077 814
966 1032
1093 832
1198 861
1087 1082
1040 1007
891 1238
1272 1121
1120 1000
1239 957
1214 1297
1154 1097
1472 946
1179 1188
1374 1158
1428 1174
1593 1239
1788219329 2045004962
1
sift 293
116 192
60 41
18 20
128 131
53 47
24 24
1028 939
108 44
38 29
127 137
114 92
66 56
1337 1159
78 67
87 75
245 227
113 113
98 76
133 120
139 74
201 337
175 167
138 231
187 181
173 171
355 461
188 178
165 194
174 198
154 241
922 1108
213 173
183 217
208 184
164 263
1082 1471
241 175
192 208
196 209
181 262
219 224
222 260
210 247
265 253
227 306
230 276
256 288
236 304
350 269
277 309
331 313
237 407
328 315
325 297
385 301
264 384
340 336
289 362
294 378
275 404
337 346
290 395
364 331
322 364
381 325
388 344
307 408
551 292
380 359
359 425
368 432
320 469
420 406
293 517
421 430
334 472
451 477
361 446
436 466
502 369
530 524
404 468
425 513
403 473
514 594
429 451
496 464
524 393
553 537
411 489
620 530
469 448
599 558
488 443
649 533
428 504
650 571
408 543
746 536
457 496
640 673
458 516
706 627
462 515
727 621
345 783
674 739
490 505
598 859
443 546
689 744
499 561
732 696
575 483
777 650
511 667
887 592
531 693
824 703
741 507
723 842
448 905
748 832
442 925
864 797
547 688
817 944
618 613
1011 809
715 548
900 879
577 713
968 841
464 1032
1405 655
571 740
1014 882
708 605
1056 893
629 705
966 988
642 722
1272 963
699 672
841 1592
707 694
1208 1011
641 805
1465 1035
791 654
1214 1058
549 1065
1349 1320
722 762
1473 961
720 803
1542 1246
763 793
990 1426
925 652
1466 1640
709 857
1213 1146
756 825
1453 1717
605 1160
1326 1255
703 902
1546 1779
750 858
1415 1216
608 1179
845 784
1229 1415
700 979
860 801
1561 1579
1044 690
745 948
855 819
797 917
890 836
828 886
1016 774
980 786
1077 727
782 995
692 1214
823 957
822 983
669 1449
622 1748
915 986
844 1071
949 960
987 921
884 1051
873 1124
815 1230
813 1245
907 1084
827 1242
1042 966
811 1301
1054 970
919 1101
929 1100
948 1079
892 1199
1007 1047
1059 1007
953 1122
1020 1040
1071 1001
749 1764
939 1222
766 1757
969 1201
905 1310
1075 1069
901 1348
1045 1152
1219 984
1008 1223
874 1476
857 1584
941 1390
1034 1252
1193 1091
1036 1317
1164 1169
1183 1157
1175 1166
973 1463
1137 1212
840 1864
1070 1334
944 1596
1390 1033
1146 1267
1308 1112
1237 1197
1319 1125
933 1719
1171 1272
1509 1025
1135 1408
1052 1627
1296 1249
1182 1379
1198 1387
1212 1382
1383 1235
1163 1656
1142 1711
1350 1410
1506 1281
1421 1353
1354 1421
1300 1469
1189 1681
1435 1378
1241 1613
1158 1756
1194 1703
1490 1337
1306 1540
1519 1374
1603 1290
1413 1509
1438 1501
1513 1422
1447 1574
1493 1499
1478 1543
1460 1580
1440 1648
1476 1605
1547 1533
1373 1787
1374 1798
1456 1707
1426 1766
1548 1601
1327 1900
1479 1792
1653 1319
1577 1806
1614 1735
1563 1836
1575 1822
1621 1891
1631 1895
1788219329 2130703568
1
sift 156
54 52
18 13
125 103
24 25
98 87
66 50
351 225
63 94
92 118
165 194
328 311
175 170
208 180
236 363
380 338
174 215
204 210
237 473
337 397
210 251
364 299
275 386
583 584
331 337
340 340
264 519
640 662
381 320
294 416
322 408
727 718
291 565
368 463
359 474
824 648
420 417
421 446
524 348
689 878
436 472
453 497
404 559
499 2033
451 523
496 501
347 898
723 1233
457 644
530 585
741 490
968 1040
515 627
732 730
511 968
1154 1397
607 774
598 1026
551 900
1542 1562
643 741
748 834
718 646
1423 2014
722 681
742 920
590 954
1636 1764
666 822
864 807
738 825
701 870
1011 839
756 803
1077 620
674 1622
919 739
763 901
1056 949
704 1011
750 970
1208 967
709 1041
926 784
1214 982
753 1006
825 893
1405 903
728 1114
828 908
1087 1205
733 1104
684 1254
1415 1188
700 1215
641 1389
1190 1444
739 1151
703 1219
1561 1285
881 886
745 1253
1349 1517
890 946
996 857
1457 1550
820 1046
751 1280
1342 1930
915 1030
987 993
1044 956
935 1153
949 1135
1109 959
811 1399
904 1246
797 1481
936 1248
1054 1131
832 1532
1017 1226
946 1317
1093 1194
1164 1157
1176 1161
1062 1348
939 1584
1184 1228
1070 1398
1390 1111
1236 1413
1198 1480
1565 1252
1160 1685
1241 1563
1240 1565
1296 1566
1472 1416
1604 1315
1181 1861
1319 1649
1467 1502
1435 1554
1299 1717
1356 1673
1251 1872
1189 2017
1212 2005
1421 1780
1357 1908
1519 1688
1476 1769
1447 1839
1440 1961
1518 1884
1547 1980
1788219329 2146998783
1
sift 252
3 2
54 72
18 13
110 133
186 170
24 19
170 159
98 93
65 37
128 138
637 600
43 62
161 164
92 126
62 46
168 163
640 613
66 58
266 269
114 99
87 90
1082 857
687 692
100 123
908 936
113 116
127 131
937 1001
689 852
147 148
1391 932
175 174
185 158
1337 1064
824 694
156 177
1432 1617
174 178
166 179
727 848
208 204
240 224
195 228
723 1022
239 191
351 233
245 230
968 1045
222 271
384 260
348 188
275 225
328 315
265 235
243 289
331 321
263 286
237 330
294 393
236 350
273 294
340 352
201 485
372 250
364 332
277 358
264 432
380 355
295 359
304 354
381 375
322 366
325 364
420 435
324 373
293 413
421 456
356 396
388 387
436 486
320 468
428 363
453 496
334 465
390 408
451 502
361 440
359 460
496 483
410 414
403 454
598 422
429 428
404 476
515 548
524 376
267 859
553 532
532 447
405 604
530 578
408 601
469 517
599 672
607 420
445 583
650 615
457 640
490 629
679 581
443 755
741 455
746 610
534 617
583 554
836 624
547 675
590 702
887 616
722 564
665 680
748 802
642 704
718 653
864 817
701 670
711 663
957 827
738 671
756 674
1011 834
666 775
655 795
966 952
675 820
700 786
990 1111
763 751
618 1018
1056 1072
733 791
845 684
1214 941
709 845
704 853
900 1400
703 858
750 854
1086 1165
828 752
752 874
1213 1055
905 710
811 823
1465 927
859 769
820 844
1405 989
812 851
1269 602
1208 1112
860 803
895 770
1272 1076
797 915
890 812
1415 1039
745 1061
1077 709
1155 1402
680 1289
1016 768
1349 1370
708 1212
822 983
1587 1210
933 855
987 819
1561 1313
869 940
792 1097
1323 1581
919 910
915 944
935 933
855 1054
832 1109
929 981
1044 901
936 1010
1017 942
815 1309
1109 923
949 1106
1021 1037
884 1275
931 1169
1093 1025
1062 1082
1026 1142
972 1220
1181 1044
1070 1180
1135 1096
1053 1250
1054 1254
1085 1208
1164 1129
1034 1343
1175 1122
1100 1277
1183 1160
996 1506
1237 1147
1198 1201
1239 1174
1324 1099
1141 1301
1148 1297
1179 1271
1552 999
1296 1191
1496 1070
1467 1110
1390 1172
1498 1104
1158 1455
1275 1355
1455 1194
1241 1405
1254 1397
1189 1486
1357 1307
1321 1346
1413 1266
1248 1448
1212 1500
1159 1585
1160 1600
1472 1298
1576 1224
1416 1414
1421 1421
1428 1460
1438 1531
1456 1543
1476 1542
1478 1547
1557 1478
1447 1591
1512 1576
1633 1609
