1799436415 1861578657
1
sift 153
40 53
15 12
759 700
37 28
130 144
64 84
82 115
157 174
104 130
114 147
172 189
167 186
186 190
187 210
176 226
209 202
240 191
189 290
228 208
221 221
263 245
271 233
267 262
290 286
280 273
279 277
275 321
300 302
319 331
285 344
335 361
338 395
395 396
336 459
409 421
369 435
313 585
435 409
341 498
446 380
415 465
361 521
408 533
545 484
452 528
483 510
461 629
507 495
640 426
532 583
440 741
583 553
596 584
662 499
535 625
624 603
494 712
631 539
614 613
588 586
556 678
549 702
455 957
622 657
617 692
642 634
710 606
676 869
671 684
725 709
1006 667
649 837
958 580
764 897
632 938
706 802
824 828
838 695
793 716
772 999
773 746
791 738
900 853
977 648
770 815
1032 852
885 752
716 1040
1349 780
737 1013
739 1041
995 1116
864 887
783 997
1256 937
630 1507
934 847
1328 925
735 1166
982 839
1091 1201
1044 791
866 1009
1383 1401
1447 662
828 1110
1434 1411
870 1065
775 1233
869 1113
978 994
877 1131
855 1229
1013 1120
894 1329
955 1264
942 1441
945 1453
1207 1078
1010 1426
1077 1307
1268 1087
1074 1321
988 1532
1187 1164
1086 1385
1406 1062
1457 1053
1230 1223
1220 1261
966 1645
1218 1302
1252 1276
1103 1551
1238 1305
1254 1292
1066 1634
1192 1432
1121 1573
1302 1391
1311 1381
1221 1505
1111 1640
1485 1271
1104 1669
1541 1297
1411 1522
1547 1376
1375 1593
1479 1561
1613 1368
1501 1632
1622 1488
1799436415 2014127030
1
sift 93
72 106
11 12
148 178
75 99
130 181
112 126
224 248
114 150
172 184
119 164
228 285
126 155
202 225
136 171
279 276
141 258
187 299
179 243
271 295
185 256
233 333
188 303
319 320
263 319
267 354
321 321
327 371
280 357
287 379
317 336
409 505
343 329
378 340
358 339
435 582
275 462
338 415
296 425
596 666
345 416
365 397
373 384
1032 965
401 413
415 470
481 401
975 1275
471 469
501 482
438 504
701 368
461 575
308 838
521 509
503 589
419 644
452 619
497 618
408 789
489 647
727 478
522 631
562 578
553 692
600 635
896 488
625 670
569 720
639 682
764 858
647 719
427 1342
844 848
643 815
931 677
786 942
838 760
965 716
824 1082
777 872
867 788
994 1122
832 826
917 798
1091 1186
809 1007
894 1019
1004 1117
1084 1132
1224 1074
1186 1251
1505 1247
1546 1271
1799436415 2045004962
1
sift 247
102 96
37 56
117 116
64 88
148 143
125 64
130 175
76 107
157 184
114 148
172 167
132 180
186 178
142 161
187 224
129 220
202 247
140 187
209 261
185 208
197 279
189 312
228 268
256 265
233 281
266 264
235 298
213 391
250 286
207 452
267 326
275 318
280 319
320 289
307 321
300 331
327 315
260 398
335 336
288 369
319 378
379 301
338 406
317 364
353 354
368 374
401 345
345 425
356 412
370 417
415 430
314 509
403 491
475 401
409 475
408 468
471 464
341 611
461 477
438 472
450 490
373 561
435 592
504 473
503 558
420 550
562 537
668 410
596 571
449 543
532 627
402 623
722 536
454 572
584 624
559 511
545 680
508 568
924 471
622 489
759 533
447 659
761 594
467 653
572 674
354 972
729 650
426 747
617 797
696 493
583 893
522 605
645 840
604 578
745 833
632 579
921 761
518 694
764 879
558 644
786 859
569 667
900 809
931 488
679 1367
551 732
994 964
571 700
1052 947
636 690
1280 835
651 672
1032 1018
535 821
845 1529
782 589
1464 876
647 765
1382 950
704 710
1349 987
735 685
975 1389
662 784
1256 1058
655 806
1091 1315
726 778
1383 1320
838 670
1489 1718
793 715
1318 1416
631 921
1522 1905
785 756
1412 1349
630 929
1635 1649
877 705
1517 1535
732 836
612 1013
814 785
698 877
875 735
942 695
690 948
720 958
707 971
674 1171
758 996
861 908
799 985
733 1100
787 1027
783 1040
770 1080
642 1428
917 902
819 1028
1218 758
1051 846
867 995
885 1007
790 1169
849 1071
1077 857
955 957
851 1111
1519 726
926 1023
880 1103
968 998
896 1089
1010 1011
973 1051
943 1125
969 1123
978 1139
1230 926
1399 864
982 1184
1087 1064
1254 949
1082 1090
912 1375
864 1526
934 1351
910 1409
1057 1210
1015 1267
1356 993
996 1341
1109 1206
1014 1328
1056 1304
1011 1374
1186 1145
1169 1173
1044 1340
1148 1231
1224 1160
1049 1419
1168 1237
1306 1158
1046 1501
906 1817
977 1692
1221 1300
1047 1597
1161 1379
1192 1334
988 1756
1034 1685
1250 1362
1209 1430
1292 1352
1215 1438
1422 1276
1121 1647
1510 1217
1368 1348
1298 1508
1502 1321
1501 1345
1449 1408
1367 1503
1261 1678
1157 1839
1181 1806
1325 1681
1452 1542
1453 1613
1365 1754
1450 1659
1505 1596
1300 1872
1296 1877
1455 1716
1472 1695
1456 1726
1524 1753
1581 1699
1621 1604
1528 1894
1575 1861
1799436415 2095558067
1
sift 65
130 139
114 141
206 159
209 180
229 175
189 250
759 494
240 194
267 253
244 442
280 254
279 261
292 365
335 314
326 346
361 503
338 419
409 360
408 541
545 443
596 581
556 610
532 678
624 578
522 871
614 602
617 705
642 714
728 701
764 983
838 596
803 638
824 1123
742 798
649 971
1006 895
533 1369
810 841
900 1017
508 1752
739 1338
995 1076
735 1453
934 1031
1091 1243
877 1160
818 1438
1383 1702
870 1308
1161 1012
933 1287
955 1410
939 1460
1252 1060
1120 1207
1122 1318
1066 1469
1082 1529
1077 1644
1208 1447
1485 1336
1613 1196
1406 1596
1560 1598
1622 1464
1799436415 2130703568
1
sift 195
72 118
37 50
1395 766
148 142
130 160
157 180
129 240
228 167
172 170
187 222
142 220
327 311
294 137
240 179
185 238
356 442
209 237
202 251
216 314
409 518
233 266
235 305
213 358
435 516
281 262
267 321
263 306
759 506
280 301
300 299
260 407
596 581
307 323
335 340
379 270
624 684
275 387
353 350
317 408
1032 889
338 417
336 463
331 471
974 996
406 378
415 446
345 474
370 433
403 482
366 500
350 661
471 501
373 623
461 523
503 561
408 559
440 567
497 585
397 738
446 639
545 591
420 712
439 672
727 525
436 693
468 716
532 654
426 820
447 812
549 664
556 642
632 586
639 730
642 644
649 656
617 807
507 900
644 780
583 949
662 809
569 968
900 839
704 787
740 755
676 1218
678 851
651 882
786 1026
737 793
653 901
823 1204
681 870
636 956
1349 771
631 993
931 660
1150 952
710 915
875 750
1328 866
699 959
630 1156
994 1192
732 946
735 932
1256 982
733 981
972 761
1280 995
647 1235
942 800
845 1636
892 874
690 1253
1091 1392
800 1030
870 938
1383 1517
1003 849
671 1409
790 1157
804 1155
803 1174
946 1011
1010 967
819 1249
842 1256
1207 859
933 1104
917 1219
926 1213
1077 1041
1020 1222
1004 1280
969 1303
832 1606
864 1537
1026 1290
854 1629
978 1374
934 1440
973 1430
1289 1090
1187 1207
1144 1285
1399 1068
1051 1413
1066 1400
1044 1446
943 1649
1425 1095
1057 1455
1429 1115
912 1832
1109 1418
1082 1488
996 1697
1011 1688
884 1997
1033 1689
1086 1573
1192 1398
1087 1613
1250 1365
1455 1234
1356 1361
1143 1620
1221 1526
1377 1368
1378 1380
1220 1563
1306 1495
1468 1340
1195 1685
1317 1539
1345 1534
1330 1578
1176 1820
1121 1962
1270 1708
1102 2019
1292 1781
1265 1830
1397 1651
1275 1833
1368 1729
1311 1928
1501 1676
1296 1971
1527 1665
1555 1643
1325 2017
1529 1805
1450 1949
1496 2011
1799436415 2146998783
1
sift 104
72 126
37 58
148 151
130 206
129 244
172 174
157 204
142 215
187 231
186 267
216 273
228 233
233 301
263 290
250 335
280 349
317 366
267 374
300 332
331 428
327 315
307 331
345 460
335 352
338 435
439 628
415 456
403 516
649 507
471 483
461 502
556 559
435 616
562 532
426 826
501 620
545 595
447 876
596 615
610 630
467 828
507 747
625 636
1057 500
532 722
722 610
681 670
704 665
583 1072
552 874
655 725
786 794
782 633
875 575
900 834
653 751
630 780
824 1166
870 603
631 819
764 1400
636 901
972 669
995 1076
858 735
828 838
1256 941
733 981
690 1061
1349 953
933 791
917 858
1091 1479
791 1128
832 1069
1383 1370
1077 845
842 1067
1230 830
1103 1002
880 1287
1010 1112
1066 1056
1082 1077
973 1275
864 1511
969 1296
939 1416
988 1455
996 1456
1192 1180
912 1609
1046 1531
1449 1096
1326 1297
1220 1405
1221 1444
1293 1421
1298 1436
1455 1345
1325 1486
1261 1607
1524 1529
1621 1389
