1811936640 1865606473
1
sift 655
35 26
11 8
49 43
18 12
50 50
25 11
69 78
24 20
77 91
26 22
81 93
33 24
85 95
29 31
83 100
41 33
93 104
42 37
99 109
55 51
126 101
60 56
98 118
63 61
102 115
62 65
108 114
61 69
154 161
76 83
159 158
86 86
164 187
89 103
175 200
82 111
169 232
140 92
212 192
109 108
216 201
123 106
244 215
112 124
274 295
119 127
307 327
115 137
308 328
127 130
329 312
125 134
312 354
129 138
349 391
145 143
388 388
149 144
397 439
138 169
394 459
158 156
444 433
160 166
440 529
181 155
483 523
168 184
467 540
166 188
504 536
188 180
559 515
156 205
562 554
190 181
535 603
172 196
543 589
192 190
601 551
197 191
577 609
226 167
549 633
187 204
627 614
267 151
604 683
211 194
658 648
180 267
719 615
209 213
697 737
179 272
709 757
220 203
741 741
217 229
737 764
228 211
763 778
252 195
762 800
241 207
807 816
243 209
791 862
246 225
821 822
239 257
810 850
253 235
834 856
273 222
820 939
261 237
841 926
263 245
830 992
254 261
904 892
256 254
895 935
371 189
919 923
346 202
915 942
320 220
1006 927
269 266
961 968
280 270
931 993
296 246
925 1010
240 338
920 1032
271 278
958 1015
279 277
971 1055
270 280
1000 1020
245 341
935 1101
285 292
1010 1044
286 290
994 1080
330 259
1023 1039
288 291
966 1119
290 288
952 1136
287 307
871 1243
319 281
963 1151
292 314
1033 1122
297 303
1047 1114
302 308
1026 1153
310 304
1056 1132
278 356
1078 1124
298 325
1094 1126
294 352
1030 1197
327 321
1068 1203
321 335
1102 1191
340 330
1062 1254
333 332
1131 1217
335 339
1120 1250
276 449
1140 1264
351 353
1219 1201
355 351
1270 1137
331 387
1189 1227
360 360
1231 1208
367 362
1169 1281
364 378
1258 1192
373 367
1144 1321
370 381
1200 1284
374 376
1245 1236
392 375
1186 1340
379 397
1191 1325
353 446
1225 1334
414 382
1260 1306
369 427
1220 1418
385 411
1236 1406
382 415
1265 1451
399 403
1306 1396
343 521
1239 1536
424 408
1337 1413
422 418
1363 1398
434 400
1325 1441
563 361
1318 1464
447 419
1360 1442
457 410
1206 1650
356 611
1417 1401
498 422
1335 1490
500 434
1376 1463
454 464
1403 1446
458 471
1577 1341
453 485
1428 1456
518 457
1373 1512
495 467
1397 1591
531 452
1506 1488
492 474
1495 1539
387 645
1415 1614
497 473
1447 1637
533 456
1477 1651
508 484
1564 1612
499 500
1597 1598
493 512
1588 1673
474 531
1554 1704
494 532
1716 1668
490 535
1604 1784
502 533
1609 1787
433 619
1829 1631
496 538
1644 1776
452 587
1718 1741
509 537
1578 1838
547 511
1739 1738
651 438
1669 1828
491 576
1858 1771
578 503
1910 1786
592 496
1899 1842
507 585
1930 1884
548 553
534 565
539 560
544 557
522 581
541 577
503 630
597 541
557 573
561 569
546 588
545 592
590 555
579 561
599 556
505 657
582 567
521 636
588 591
885 417
573 626
552 653
430 871
593 624
572 643
740 486
613 607
767 479
630 594
623 600
633 597
600 644
1013 424
635 618
602 659
662 582
537 752
608 691
705 562
610 695
673 613
620 687
653 638
669 642
642 679
666 652
631 711
667 661
650 684
681 651
580 773
682 655
672 668
674 671
657 699
659 722
690 689
625 769
838 580
699 707
637 789
671 755
710 705
703 718
788 650
700 734
707 727
675 767
735 709
611 912
665 803
685 777
815 654
678 801
656 858
744 743
1060 568
831 686
749 742
711 781
758 760
795 731
692 895
844 719
787 759
799 747
695 891
755 799
786 779
771 817
761 830
776 812
745 865
752 874
779 835
734 910
777 859
801 820
725 970
778 889
823 847
677 1176
829 861
750 986
730 1027
868 827
748 1033
1070 739
912 818
797 974
812 962
768 1062
861 907
836 964
843 960
858 947
960 843
907 886
856 976
909 913
869 973
951 885
848 1005
977 879
913 956
948 896
1050 833
1045 841
967 904
930 948
783 1171
793 1156
988 922
888 1001
839 1099
770 1248
874 1030
837 1115
954 961
862 1075
976 977
984 969
1014 943
1142 845
941 1017
906 1091
982 1008
878 1155
1093 954
1104 949
1124 918
1150 894
884 1186
1055 985
940 1116
859 1231
1004 1060
1020 1040
1002 1070
1035 1021
855 1275
1041 1029
980 1117
1198 920
1025 1071
1057 1052
1244 937
1081 1067
1049 1108
1090 1068
902 1294
943 1252
970 1232
887 1350
1012 1195
1116 1077
985 1257
1159 1061
992 1258
1160 1069
1091 1147
1412 884
1223 1014
1067 1181
1054 1196
1118 1133
1503 868
1194 1106
1229 1074
1295 1025
1177 1167
1151 1185
1234 1130
998 1410
1332 1046
1065 1329
1084 1304
1121 1265
1074 1332
1163 1220
1105 1292
1351 1066
1101 1327
1113 1311
1043 1430
1188 1263
1689 940
1111 1357
1280 1198
1211 1278
1283 1212
955 1656
1264 1245
1129 1387
1301 1206
1267 1260
1071 1506
1107 1466
1356 1200
1227 1349
1228 1346
1317 1246
1828 963
1305 1273
991 1735
1126 1510
1216 1404
1125 1526
1299 1314
1259 1378
1061 1677
1251 1417
1424 1269
1154 1572
1389 1297
1308 1369
1706 1111
1240 1467
1485 1241
1352 1343
1315 1372
1201 1530
1758 1093
1076 1723
1279 1435
1472 1277
1297 1427
1311 1428
1291 1475
1498 1295
1355 1409
1275 1509
1233 1581
1507 1322
1390 1425
1327 1485
1405 1423
1421 1402
1156 1749
1286 1571
1257 1619
1294 1570
1484 1391
1437 1438
1209 1713
1336 1555
1471 1434
1419 1482
1391 1524
1423 1496
1455 1470
1255 1691
1374 1561
1466 1477
1575 1395
1476 1489
1537 1439
1465 1515
1350 1633
1418 1594
1500 1521
1553 1483
1410 1613
1358 1652
1463 1580
1368 1659
1480 1568
1528 1537
1386 1666
1413 1642
1262 1811
1532 1551
1735 1384
1434 1629
1623 1473
1587 1508
1446 1632
1492 1606
1678 1460
1745 1415
1605 1517
1449 1670
1442 1684
1621 1554
1601 1593
1662 1549
1515 1663
1474 1706
1549 1640
1562 1649
1548 1662
1657 1588
1526 1696
1567 1683
1487 1756
1805 1486
1364 1847
1734 1560
1571 1685
1775 1527
1670 1625
1768 1583
1432 1849
1585 1747
1618 1718
1453 1850
1615 1733
1905 1454
1841 1567
1819 1607
1756 1658
1804 1627
1628 1770
1733 1698
1661 1758
1667 1759
1590 1813
1643 1778
1630 1804
1757 1726
1786 1721
1781 1734
1606 1855
1814 1714
1831 1727
1723 1818
1852 1705
1754 1798
1846 1743
1681 1858
1861 1716
1796 1802
1867 1750
1842 1815
1639 1876
1808 1845
1635 1883
1816 1874
1893 1863
1879 1872
1811936640 2019709110
1
sift 76
69 104
76 122
100 129
172 168
216 281
202 178
393 589
217 289
484 626
269 240
549 659
382 313
535 582
287 388
576 676
459 397
627 530
417 479
763 852
453 496
1017 868
457 514
921 1094
625 440
762 1215
593 473
1006 1259
541 519
1029 1302
599 503
963 1467
565 547
830 1832
744 468
1189 1392
760 550
1027 1604
828 597
1477 1919
730 728
1445 1180
561 1134
1447 2101
941 694
1325 1314
714 914
1340 729
1306 2066
1299 788
1291 811
1715 1703
1488 775
1529 773
1859 2178
1311 889
1545 842
846 1506
1894 782
1341 1005
1457 952
1240 1133
801 1926
1107 1447
1508 1103
1336 1271
1751 1034
1381 1246
948 1976
1623 1204
1351 1601
1895 1245
1889 1290
1781 1428
1756 1491
1900 1598
1743 1850
1811936640 2124113243
1
sift 151
50 74
30 19
547 543
69 75
76 99
100 98
172 136
102 102
202 169
83 127
294 256
161 146
382 290
159 195
287 364
216 198
459 347
312 191
417 394
329 404
321 616
394 361
453 444
444 389
665 385
483 435
593 445
550 400
625 423
627 388
598 454
535 442
392 741
576 458
541 578
652 438
744 482
762 557
565 633
810 630
699 551
835 726
498 794
935 684
637 620
904 765
730 558
920 777
621 753
963 784
749 604
1006 760
777 611
952 799
554 1055
1361 660
1135 566
1030 851
561 1291
1131 825
909 712
961 962
941 688
1102 862
600 1388
1034 953
666 1136
1139 879
1049 685
1190 870
980 780
1027 1110
1332 710
1363 866
1556 678
1094 1147
1043 963
958 1325
1291 824
1185 1074
1751 737
1325 974
1341 869
1236 1141
630 2290
1001 1427
1252 965
895 1695
1074 1121
1728 1007
1063 1143
1191 1394
1299 955
1265 1369
873 1430
1047 1630
1468 880
1086 1592
1528 868
1338 1383
1308 1004
1447 1304
1545 888
1306 1420
1529 934
1716 1161
1061 1329
1417 1434
1508 961
1506 1396
801 1793
1779 1417
861 1634
1609 1531
1221 1226
1715 1578
1336 1102
1730 1612
1311 1160
1469 2068
1437 1107
1612 2020
1585 1157
1921 2097
1660 1134
1899 2390
1081 1655
1497 1242
1413 1341
1466 1399
1365 1507
1632 1332
1913 1140
1553 1429
1163 1958
1201 2022
1321 1816
1907 1357
1424 1745
1840 1443
1351 1849
1162 2305
1870 1480
1623 1725
1593 1767
1456 2145
1672 2052
1613 2163
1640 2203
1821 2222
1567 2463
