1861578657 1906096636
1
sift 132
69 53
238 225
6 0
299 326
370 340
19 29
298 468
57 30
795 669
47 43
838 691
58 39
882 727
55 55
975 876
59 84
1280 762
89 64
1269 1031
102 68
1358 1105
124 69
1668 1620
99 96
109 100
137 89
162 79
161 94
121 136
145 111
172 137
129 305
214 164
201 229
224 209
226 224
217 246
255 215
271 208
248 261
250 295
241 309
281 319
284 345
311 353
359 310
294 412
338 369
485 313
372 387
426 358
346 417
420 393
374 435
390 433
371 457
396 444
407 422
313 662
448 474
441 582
596 466
672 436
466 592
510 550
747 429
497 570
474 667
523 628
565 617
791 492
457 924
612 790
709 694
821 637
840 641
760 758
836 744
977 679
963 685
1075 657
918 752
802 854
1066 719
877 817
1214 658
988 772
1067 761
1346 721
938 949
1065 840
1097 816
926 966
1150 823
1041 917
1479 748
1009 984
941 1075
1131 935
920 1240
1147 1021
1222 990
1387 914
1619 814
1195 1042
1095 1184
1078 1208
1462 941
1206 1102
1633 855
1489 956
1347 1049
1345 1089
1488 1007
1183 1203
1495 1035
1338 1139
1297 1177
1632 987
1562 1071
1567 1072
1586 1088
1278 1389
1304 1376
1319 1419
1301 1445
1466 1380
1652 1234
1673 1356
1616 1638
1643 1653
1570 1790
1861578657 2014127030
1
sift 61
105 102
543 690
21 25
207 286
37 24
298 351
700 622
53 61
233 295
403 30
838 620
1138 726
114 105
277 276
126 110
795 733
778 987
130 142
280 347
147 150
882 740
976 1004
144 181
331 320
189 184
975 710
239 283
409 582
245 319
1017 784
249 341
584 666
262 354
1358 956
273 357
852 965
333 306
1667 1427
332 390
351 397
395 415
465 470
622 401
631 469
518 578
629 575
673 618
604 670
533 789
862 592
780 649
944 724
897 858
983 896
994 962
937 1297
1115 1122
1329 1019
1201 1186
1217 1243
1224 1418
1861578657 2045004962
1
sift 90
320 545
700 533
53 46
126 120
84 88
620 768
968 761
147 148
144 175
209 180
882 1101
174 184
189 167
452 344
1358 1842
190 178
192 189
533 468
1668 1690
210 224
202 261
657 489
207 269
262 326
425 781
273 319
332 313
484 680
361 336
340 400
499 784
395 406
465 430
476 958
409 592
629 477
938 579
518 537
584 571
539 921
673 524
583 627
1166 685
829 559
692 797
752 1007
853 809
897 879
1301 757
852 1018
1115 964
949 1028
839 1184
1201 1315
937 1058
997 1040
1401 1320
1258 863
1307 857
791 1340
856 1268
771 1394
1228 906
1223 926
859 1302
994 1139
847 1351
1264 957
833 1600
1507 929
1372 991
888 1510
1165 1145
1426 1011
900 1704
1275 1174
1119 1328
1195 1239
1205 1249
1025 1689
1291 1366
1432 1334
1130 1823
1409 1521
1127 1910
1509 1551
1504 1670
1572 1648
1532 1756
1464 1843
1861578657 2095558067
1
sift 319
92 75
98 78
19 24
237 178
111 96
21 41
620 515
238 195
37 43
370 322
267 233
40 45
838 674
427 388
58 51
504 568
331 334
60 50
858 762
406 414
62 53
979 643
423 457
53 63
882 820
543 489
71 83
795 905
700 494
84 85
1017 855
480 887
89 86
975 963
772 816
97 99
1358 1110
968 741
109 111
1668 1378
852 854
126 103
857 973
144 139
1270 943
149 138
1420 1225
147 141
1478 1608
166 163
1603 1511
168 181
207 175
193 185
202 180
191 194
189 203
217 191
233 179
295 214
270 230
271 238
262 253
240 278
273 254
277 261
290 250
279 282
283 306
302 302
391 245
336 285
343 293
287 367
361 314
349 337
389 317
333 358
332 390
344 363
340 384
400 354
421 360
407 383
356 465
395 419
433 387
419 401
351 514
434 429
435 435
512 375
473 446
485 432
470 463
484 443
516 431
428 598
597 415
489 500
521 503
468 607
533 541
482 593
594 501
495 608
648 485
580 556
584 581
826 409
603 578
611 565
586 600
578 614
549 662
522 702
693 518
687 532
626 583
546 694
613 602
583 678
640 597
672 588
567 732
568 730
669 604
752 531
678 610
695 596
572 760
602 737
523 876
634 714
692 705
674 739
738 647
628 791
654 796
736 692
595 910
794 646
792 650
784 670
653 847
751 713
764 696
528 1166
726 761
629 945
914 635
777 724
666 894
713 810
665 916
622 1002
740 776
702 862
673 949
782 752
691 940
881 715
1047 675
769 870
859 803
745 922
729 979
780 902
965 768
821 889
854 874
840 890
789 967
936 823
836 972
1004 812
905 896
917 891
843 988
885 947
934 904
941 906
984 872
853 1017
1035 827
1067 807
847 1031
896 982
925 956
950 934
945 954
741 1217
760 1176
1076 842
825 1115
828 1123
918 1051
1075 907
1066 917
1087 901
1191 830
1126 893
938 1081
878 1156
994 1050
1121 924
1036 1022
906 1153
1002 1053
1150 914
1128 939
972 1092
1308 838
962 1129
874 1272
725 1705
989 1152
890 1324
781 1586
1163 1016
1115 1075
765 1706
1206 1034
1040 1190
1097 1138
926 1443
1033 1248
966 1369
964 1391
1131 1160
1083 1231
1276 1060
1214 1102
960 1488
1195 1113
1345 1044
1000 1431
1135 1194
1085 1265
1041 1338
1114 1239
990 1482
1065 1308
1196 1147
1078 1323
1113 1280
970 1560
1090 1328
1512 1023
1046 1436
1091 1389
1265 1195
1201 1243
910 1742
1177 1302
1109 1491
1118 1474
1062 1596
1368 1196
1122 1494
1267 1287
1350 1237
1506 1133
1461 1159
1029 1709
1179 1415
1166 1453
1271 1336
1291 1309
1571 1118
1562 1127
1155 1519
1256 1382
1070 1701
1504 1199
1185 1498
1275 1401
1264 1410
1238 1452
1222 1477
1199 1508
1228 1471
1249 1463
1252 1502
1485 1262
1474 1275
1362 1417
1152 1678
1217 1599
1364 1473
1315 1525
1219 1647
1382 1504
1235 1652
1352 1556
1488 1403
1593 1279
1572 1318
1524 1394
1314 1614
1307 1644
1619 1319
1259 1717
1633 1341
1400 1636
1366 1684
1434 1624
1325 1720
1520 1575
1401 1702
1634 1469
1508 1658
1622 1537
1611 1557
1585 1627
1431 1744
1658 1505
1592 1669
1649 1666
1861578657 2130703568
1
sift 153
105 103
310 283
21 13
207 226
53 52
298 1327
700 506
71 79
279 347
114 88
620 739
778 641
126 111
409 516
119 182
838 906
1242 1666
144 160
421 518
147 171
882 989
1420 2003
174 180
584 581
190 163
849 1046
189 170
603 684
191 179
1017 1153
210 222
852 889
202 237
975 1226
245 306
326 261
1358 1565
273 301
262 321
1667 1790
302 299
332 337
333 345
361 340
404 326
351 383
394 363
340 421
395 417
452 371
521 391
465 446
459 463
581 428
655 411
380 639
425 696
533 559
484 591
629 523
583 654
507 785
673 585
499 809
647 647
610 690
741 567
678 642
611 729
495 900
702 664
577 902
938 586
836 655
692 807
641 865
711 783
780 771
943 671
962 665
951 675
989 693
530 1365
906 763
783 870
853 839
1013 793
983 834
925 866
871 914
854 974
1036 851
738 1158
1002 881
1078 859
800 1114
937 982
828 1205
869 1218
1166 932
788 1367
941 1230
791 1446
1228 969
763 1636
847 1440
835 1473
771 1601
1185 1047
998 1294
1090 1202
1115 1192
1258 1067
1307 1041
994 1374
1267 1104
1164 1207
1292 1130
814 1820
1372 1084
1109 1308
833 1835
888 1735
1131 1324
1670 903
1554 1094
919 1809
900 1898
1032 1659
1547 1177
1201 1392
1360 1322
1217 1457
1195 1504
1434 1333
1225 1502
1205 1566
1432 1398
1639 1250
1229 1627
1588 1340
1401 1517
1597 1343
1385 1573
1659 1284
1510 1475
1634 1400
1548 1595
1381 1928
1437 1854
1371 1974
1572 1961
1656 1773
1861578657 2146998783
1
sift 93
56 42
700 510
53 72
968 980
70 70
105 111
96 62
94 85
235 385
126 106
156 182
320 448
144 206
147 196
339 503
189 174
207 234
620 649
210 231
233 224
849 663
217 250
283 267
838 767
245 290
273 349
882 910
262 374
302 332
975 942
332 321
279 417
1017 933
361 352
395 435
1358 1175
465 456
409 616
1668 1544
425 706
629 502
584 615
611 589
678 559
836 506
603 635
673 578
495 747
487 779
507 777
583 722
539 819
828 631
783 670
760 720
1065 603
660 964
933 733
902 771
853 834
780 953
1109 839
1131 879
1222 831
998 1036
1307 845
725 1515
1434 820
788 1457
1302 950
1115 1075
1019 1270
1594 886
1156 1103
886 1510
1032 1283
1652 851
1060 1289
1334 1091
1205 1191
1365 1114
1517 1070
1291 1234
1432 1180
1516 1143
1261 1405
1182 1488
1201 1479
1395 1337
1545 1241
1578 1355
1532 1455
1616 1525
