1865606473 2019709110
1
sift 66
201 281
266 240
459 590
391 266
433 423
341 479
522 626
485 496
614 530
769 440
634 703
603 582
778 852
421 891
822 1090
620 874
800 1215
569 1134
1031 1094
1017 694
892 1110
1027 728
927 1259
1063 742
1218 1210
1046 765
1197 1303
1314 788
1089 1414
1018 1016
1151 1393
760 1434
1136 1443
1012 1041
1227 1392
1475 811
1321 1338
1609 787
1488 1436
1580 805
1557 1180
1554 833
1541 1923
1428 889
1154 1604
809 1671
1651 1919
1336 1065
1340 1609
819 1927
1761 1925
1467 1133
1455 1895
958 1825
1636 2102
1066 1601
1396 2066
1473 1204
1315 1342
1451 2052
1047 1735
1724 1137
1555 1271
1399 1774
1366 2055
1677 2133
1865606473 2124113243
1
sift 104
78 75
32 20
93 95
230 415
115 102
341 394
200 122
445 360
158 195
485 444
201 198
396 649
391 197
374 740
312 404
688 432
459 361
803 385
433 389
769 423
522 434
383 931
614 388
558 641
634 400
742 604
603 442
789 620
800 557
1027 558
850 630
620 972
857 726
913 712
927 760
569 1291
1031 776
652 1136
1443 660
1017 688
968 962
724 1039
1197 851
1108 685
1190 861
1046 710
1226 870
644 1388
1151 926
1117 780
1121 953
1018 850
1264 878
760 1232
1154 1110
1780 646
1015 1325
1475 824
1441 974
1314 955
1019 1427
1240 1040
1557 1005
1537 868
1406 1141
961 1368
1488 1096
1609 887
1707 1024
819 1792
1535 1123
1332 1121
1541 1199
907 1634
1326 1395
1438 1107
1114 1630
1428 1160
1668 1161
1555 1102
1414 1383
1747 1157
1455 1362
1066 1849
1451 1369
1477 1399
1396 1420
1163 1771
1630 1264
1483 1429
1636 1303
1642 1341
1651 1552
1677 1329
1761 1893
886 2473
1842 2390
1220 1958
1724 1534
1694 1762
1530 2022
1469 2145
1622 1905
1683 2463
