1906096636 2095558067
1
sift 106
263 216
74 81
29 24
225 195
215 243
85 80
618 557
340 322
87 87
400 280
310 231
100 111
691 674
1029 885
147 118
727 820
570 425
162 170
876 963
246 191
968 994
924 361
208 238
1161 1019
384 182
1104 1111
1566 681
286 275
309 332
1620 1378
360 293
313 432
327 441
422 383
399 600
436 588
459 583
667 460
567 587
645 609
523 837
557 842
575 841
532 967
573 927
628 876
637 889
707 833
657 907
663 931
761 807
678 951
687 955
719 917
658 1102
743 971
752 1051
823 914
774 1028
758 1176
887 996
808 1163
816 1138
1075 906
785 1287
949 1081
935 1160
840 1308
941 1158
1102 1034
1089 1044
908 1244
855 1341
1042 1113
867 1427
938 1298
1071 1127
917 1338
903 1448
1234 1029
921 1491
966 1443
1007 1403
1024 1371
1148 1278
1060 1441
1092 1416
862 1758
1188 1302
1005 1644
1201 1307
1054 1615
1214 1310
1208 1323
1169 1434
1088 1628
1085 1629
1236 1357
1210 1423
1084 1703
1155 1735
1546 1300
1465 1437
1278 1675
1580 1349
1482 1582
