2014127030 2045004962
1
sift 104
59 60
14 15
1004 1471
61 46
27 35
285 268
56 56
1265 1814
105 92
104 76
370 316
123 73
110 120
132 185
435 382
149 149
184 167
186 198
623 413
181 175
225 247
256 208
582 592
266 213
333 281
220 279
666 571
267 254
357 319
329 246
752 673
249 354
353 325
247 369
878 621
315 341
292 392
358 312
1230 570
321 353
390 313
340 338
965 1018
373 372
397 367
462 318
1400 823
472 357
415 406
416 425
1263 876
443 405
451 408
418 469
1275 1389
470 430
575 477
464 438
422 543
578 537
504 472
372 706
618 524
478 595
677 488
589 558
631 573
716 525
858 879
473 880
570 766
942 859
635 683
507 961
863 946
488 1089
720 667
1032 988
787 656
719 765
1121 963
851 626
590 982
849 1530
856 693
1018 617
1152 1308
846 731
879 779
1185 1314
896 832
798 902
788 995
760 1554
962 1139
1074 1160
1207 1065
1359 1005
1297 1058
1271 1194
1333 1363
1247 1596
1249 1643
1399 1847
2014127030 2130703568
1
sift 102
159 123
56 50
235 156
61 52
248 204
88 85
285 225
104 87
370 310
123 71
623 443
105 88
435 369
106 118
582 516
181 160
752 543
184 170
666 581
213 140
878 718
186 215
529 1327
293 145
987 641
225 251
899 790
188 318
965 889
256 238
1263 912
269 240
1275 997
220 287
1230 1227
283 243
333 266
1097 1397
315 290
340 285
357 301
353 320
292 413
325 399
336 408
390 337
397 383
358 491
415 417
464 440
470 446
592 402
384 623
478 525
528 473
575 523
589 561
473 820
498 760
655 546
522 741
618 585
1014 490
606 803
648 772
682 730
605 908
570 1008
620 906
740 739
725 807
657 919
720 968
640 1288
865 848
896 834
710 1226
719 1235
696 1307
766 1209
784 1153
795 1175
841 1118
798 1219
831 1193
942 1026
1018 1091
1082 1205
1297 982
849 1635
946 1416
1121 1191
1360 1001
948 1577
1084 1350
903 1893
993 1796
1185 1393
1005 1758
1243 1457
1134 1983
1427 1790
2014127030 2146998783
1
sift 175
3 2
129 173
1 1
4 7
63 63
2 4
134 133
216 170
22 28
172 159
242 240
34 34
180 164
285 233
51 64
231 199
624 599
56 58
257 269
295 224
61 72
437 247
752 613
88 77
1020 1001
370 316
107 86
1265 272
731 840
123 76
1462 202
104 93
534 528
85 113
433 446
113 89
96 108
505 529
105 99
102 111
582 616
106 126
119 130
685 581
80 299
174 158
965 968
184 174
186 178
1230 934
181 206
277 189
204 249
283 204
222 270
228 285
269 244
220 338
197 413
259 324
296 295
333 301
329 311
340 304
314 327
317 322
287 372
325 334
292 382
349 336
336 366
357 349
271 485
390 321
353 375
426 341
407 399
472 346
397 422
415 435
366 575
470 456
365 710
402 596
478 565
677 438
575 502
482 620
578 532
457 700
531 632
632 523
559 638
522 703
618 578
473 826
498 768
488 788
589 672
1018 452
544 757
606 674
609 684
595 750
605 752
590 821
620 767
585 856
616 897
691 807
705 828
653 999
710 942
702 975
734 916
740 910
696 1035
728 996
798 858
1063 685
688 1110
703 1063
770 937
896 802
709 1097
784 933
766 1004
942 794
1043 726
735 1103
905 923
831 1024
1037 851
830 1051
795 1118
826 1069
805 1156
1032 952
860 1202
794 1357
803 1351
793 1395
800 1452
867 1342
956 1175
858 1400
819 1541
946 1298
914 1378
1121 1076
912 1441
1082 1166
886 1551
1084 1184
1005 1339
931 1516
1135 1164
1064 1290
1353 1016
993 1442
954 1530
1015 1424
1176 1172
1095 1317
941 1590
1098 1349
1188 1271
1093 1446
1041 1586
1139 1456
1370 1233
1248 1533
1457 1362
1428 1544
1435 1608
