2019709110 2124113243
1
sift 590
89 67
0 0
85 79
80 49
7 6
103 74
13 11
342 283
93 91
15 13
129 98
21 14
373 336
104 88
14 23
138 105
26 22
444 381
153 103
28 27
159 120
37 29
504 421
184 126
31 46
279 191
49 36
712 839
191 142
59 37
350 234
58 42
1012 852
282 110
69 47
379 240
66 65
1258 1248
148 187
74 77
348 261
166 57
1457 1502
196 159
107 92
322 304
111 94
1478 1532
212 146
121 100
331 301
130 106
1859 1716
266 197
134 117
566 343
154 114
1953 1696
286 190
132 134
590 361
160 141
1858 2045
281 198
167 137
692 363
156 147
417 337
162 153
624 435
173 157
423 389
234 131
702 399
178 169
631 307
181 171
676 458
192 173
530 388
214 164
526 576
245 165
582 442
247 179
571 567
249 184
939 427
256 208
827 577
262 207
814 590
246 230
964 572
285 199
844 636
284 214
1000 582
269 239
627 1026
332 200
1030 764
259 250
1215 557
289 244
1399 608
295 238
942 669
335 225
1081 733
327 251
1474 527
293 276
1094 776
355 248
1106 644
313 290
1172 742
357 263
907 774
362 286
1259 760
382 279
1227 610
386 284
1175 825
364 313
868 889
402 281
1404 730
365 310
1282 664
404 293
1162 858
374 316
1139 883
416 299
1303 851
385 327
1160 890
403 320
1888 663
408 322
1297 866
376 341
1209 999
390 331
1180 1005
622 252
1515 862
397 347
1226 981
401 345
1393 926
428 330
1337 935
388 364
1543 870
392 369
1313 973
414 365
1403 1122
437 350
1416 1008
449 353
1436 1096
667 285
1513 953
421 384
1430 1164
400 431
1336 1117
456 368
1669 1071
431 402
1526 1022
464 371
1443 1297
454 378
1608 1073
378 514
1887 1082
405 477
1746 996
425 452
1923 1199
451 410
1610 1083
467 411
2101 1304
481 414
1604 1110
473 445
2143 1530
452 474
1570 1146
462 468
1788 1889
468 482
1624 1120
496 444
1872 1927
512 425
1347 1433
528 412
1919 1975
492 461
1780 1245
484 475
499 466
1900 1321
457 521
592 395
2063 1233
586 446
497 544
1895 1362
564 485
533 516
2109 1259
550 503
579 489
2056 1334
675 430
543 529
2071 1330
597 493
519 578
1703 1578
605 519
648 495
2052 1369
570 540
630 509
2030 1394
706 484
544 594
2119 1325
645 513
697 497
1630 1735
598 552
637 532
2066 1420
960 393
821 439
2093 1589
824 457
547 633
587 601
639 565
572 615
747 525
635 589
695 570
728 558
666 618
618 686
646 677
704 640
743 619
734 626
792 583
694 688
748 649
761 635
745 652
713 694
709 699
737 672
838 584
680 750
763 683
938 579
765 710
757 748
735 769
886 606
751 788
602 1050
776 755
916 628
822 715
769 816
836 718
768 836
739 874
820 768
873 720
891 719
789 849
988 668
800 863
740 998
773 934
912 775
815 867
710 1106
911 801
986 759
890 834
569 1595
842 888
1034 737
881 847
796 1011
1062 738
961 812
858 929
1146 736
957 853
925 891
756 1239
899 930
864 978
874 972
831 1072
1016 850
1177 770
926 952
1078 832
946 916
1005 869
965 902
974 900
1330 702
850 1085
993 910
953 951
975 944
650 1711
1013 939
932 1076
1075 914
1059 933
894 1129
869 1178
928 1105
1027 1018
962 1079
1120 924
1025 1034
1103 961
1079 993
1169 931
1037 1065
1040 1066
983 1158
1076 1053
1331 856
1093 1059
906 1314
1119 1035
1113 1047
1045 1115
1046 1125
1195 994
1039 1150
1289 932
1193 1027
991 1250
1123 1090
1153 1094
1058 1198
1006 1278
1151 1114
1035 1268
1148 1153
1122 1187
1072 1241
1208 1124
892 1580
1527 923
1108 1274
1084 1319
1271 1102
1366 1044
1380 1036
1125 1273
1017 1442
1134 1291
1100 1344
1152 1288
1247 1190
1267 1175
1276 1170
1155 1324
1109 1371
1231 1231
1273 1203
1166 1342
1147 1381
1173 1351
1525 1037
1296 1215
1009 1561
1350 1176
1159 1408
1243 1327
1114 1462
1105 1496
1234 1376
1253 1350
1479 1136
1301 1315
1409 1210
1365 1236
1343 1255
1251 1389
1280 1374
1536 1135
1137 1534
1433 1229
1434 1232
1203 1483
1288 1413
1321 1370
1475 1230
1587 1188
1295 1440
1240 1514
1411 1366
1891 1054
1489 1286
1241 1539
1340 1432
1299 1494
1428 1377
1751 1143
1268 1550
1400 1423
1558 1280
1486 1346
1192 1661
1521 1347
1364 1479
1236 1623
1387 1464
1595 1313
1450 1419
1204 1725
1613 1339
1102 1932
1397 1518
1144 1918
1522 1444
1315 1635
1456 1492
1311 1657
1459 1497
1777 1279
1394 1584
1352 1633
1184 1964
1326 1714
1516 1519
1638 1457
1674 1438
1611 1491
1695 1437
1499 1577
1657 1487
1768 1452
1552 1594
1385 1811
1453 1727
1753 1500
1546 1670
1789 1506
1966 1405
1540 1697
1560 1680
1933 1428
1805 1512
1389 1939
1779 1536
1603 1681
1844 1508
1815 1533
1710 1598
2133 1329
1822 1538
2103 1361
1557 1754
1578 1743
1537 1782
1563 1765
1518 1824
1524 1828
1707 1640
1645 1709
1553 1791
1634 1726
1575 1780
1502 1878
1618 1781
1748 1646
1690 1718
1716 1708
1759 1651
1712 1724
1599 1843
1827 1618
1601 1849
1663 1803
1798 1689
1530 2026
1664 1861
1649 1876
1838 1698
1742 1774
1568 2005
1761 1772
1733 1814
1686 1859
1500 2095
1635 1943
1884 1688
1861 1750
1896 1717
1640 2011
1993 1626
1791 1836
1968 1690
1841 1825
1863 1815
1868 1829
1881 1806
1926 1793
2127 1596
1983 1752
1946 1789
1637 2171
1963 1797
1804 1978
1681 2143
2154 1601
1903 1931
1693 2190
1987 1852
1837 2037
2120 1703
1914 1955
2072 1777
1727 2201
1986 1880
1666 2263
1955 1949
2001 1891
1688 2272
1991 1930
1970 1969
2088 1847
1750 2234
1867 2135
1757 2264
1734 2312
2019 1962
2086 1894
1846 2218
2017 2003
2116 1873
2045 1989
2083 1946
1915 2209
1874 2257
1836 2310
1760 2388
1981 2180
2022 2133
1940 2230
2179 1685
1631 2477
1998 2216
2081 2122
2107 2099
2121 2115
2097 2178
2032 2259
1995 2342
2175 1941
2147 2150
2096 2242
2151 2173
2091 2291
2104 2296
2073 2391
2167 2246
2163 2401
2184 2080
2019709110 2146998783
1
sift 56
138 331
113 235
269 273
279 953
475 197
232 447
566 1076
340 434
431 341
589 1479
385 387
369 500
418 517
462 589
528 547
417 954
496 733
512 771
519 811
828 647
881 642
499 1243
544 1060
900 666
739 889
1774 582
1062 755
570 1548
737 1380
925 1069
849 1176
1009 1058
831 1337
789 1478
1364 973
1182 1088
889 1471
1035 1284
957 1391
1901 883
1084 1336
1007 1421
1104 1319
1204 1297
1760 986
1240 1287
1159 1437
1432 1191
1192 1457
1572 1267
1428 1414
1645 1349
1640 1429
1568 1543
1558 1559
1903 1531
