2045004962 2130703568
1
sift 506
37 39
46 52
11 7
54 53
95 78
20 13
52 63
92 88
25 19
99 83
116 122
24 25
131 107
113 115
29 29
137 125
143 142
43 41
151 141
120 111
58 47
171 132
181 155
56 50
227 174
175 160
64 49
216 188
172 167
66 76
270 191
167 170
73 71
259 205
166 245
93 75
290 263
178 163
91 81
308 278
268 225
76 87
418 259
184 180
78 117
373 362
248 283
124 92
337 526
189 178
104 116
399 395
315 311
140 97
480 422
224 222
112 124
434 388
306 343
130 112
604 550
247 251
97 140
645 447
359 338
145 126
531 888
261 237
158 119
1151 766
375 334
182 130
1055 1190
281 266
176 134
1261 1376
346 397
163 146
1256 1404
298 305
168 144
1418 1441
433 366
154 158
1639 1623
345 281
164 175
1412 1799
412 442
147 196
1676 1646
319 301
180 159
1565 1741
475 518
161 220
1606 1812
325 320
199 181
1840 1499
533 506
212 177
321 323
201 187
592 516
194 194
313 337
198 215
530 641
287 149
336 340
209 211
571 581
191 233
367 383
254 193
673 543
220 240
382 369
283 190
610 572
210 276
378 416
225 256
714 542
240 257
392 413
260 279
621 718
272 265
400 421
231 327
703 648
279 287
406 417
301 270
633 779
276 326
430 446
341 290
679 790
314 304
408 498
331 299
624 905
304 363
477 523
291 396
650 871
324 335
524 585
303 392
761 802
318 387
558 561
354 350
744 878
344 371
563 610
503 275
876 912
347 394
593 627
362 385
841 1040
311 456
627 654
391 358
1018 889
364 408
696 730
312 491
842 1233
404 386
797 807
398 407
849 1345
431 365
809 839
420 398
1220 990
353 479
839 864
443 391
1128 1098
417 433
987 771
407 473
1269 1009
384 519
947 848
438 440
1117 1227
416 485
835 995
502 399
1389 997
432 463
881 916
424 475
1189 1278
436 476
893 949
449 458
1429 1137
499 414
859 1026
453 451
1246 1562
451 471
944 953
440 495
1517 1487
465 465
963 1191
479 445
1335 1863
466 472
1392 979
481 450
1459 1836
463 502
1314 1393
457 524
1439 1943
491 482
1320 1517
397 649
1668 1935
483 509
1530 1635
507 490
1786 1814
446 560
1505 1965
423 599
1812 1819
754 367
1873 2016
501 529
1821 2033
468 559
473 555
1081 309
472 562
553 496
654 431
595 525
517 590
488 660
496 644
505 661
579 586
561 623
629 548
726 510
555 638
655 546
644 564
596 629
599 628
504 868
557 767
649 611
680 591
618 664
551 818
583 738
677 612
622 692
632 707
736 609
727 620
652 716
611 781
681 726
972 535
687 776
658 811
721 741
781 696
725 762
753 735
695 800
735 750
710 787
785 719
628 899
768 739
715 794
692 849
671 873
672 882
683 884
747 820
745 826
613 1033
851 715
829 742
784 809
685 932
667 968
617 1091
689 955
825 803
752 928
832 834
793 901
798 910
801 915
766 1008
751 1043
980 799
1024 769
836 946
885 907
779 1169
858 970
878 959
765 1235
777 1246
908 935
936 923
927 934
827 1147
906 969
857 1041
863 1067
939 974
856 1102
921 993
642 1768
873 1062
910 1023
922 1005
764 1407
1011 967
986 1030
1006 1001
892 1182
869 1241
802 1402
739 1622
805 1389
955 1105
929 1156
1029 1021
1007 1044
1058 982
960 1135
902 1219
991 1084
970 1131
880 1276
973 1150
796 1529
1057 1010
1100 981
1101 989
872 1301
1009 1089
957 1210
846 1413
1015 1128
948 1253
1008 1171
1026 1138
979 1215
1075 1057
978 1243
1748 789
1014 1214
1023 1213
1333 933
1102 1143
1028 1249
1069 1195
1149 1132
1169 1157
1165 1161
1080 1237
917 1481
1038 1294
974 1414
1095 1271
1156 1228
1213 1184
1053 1322
1216 1188
969 1485
983 1461
1054 1351
1123 1303
1071 1358
1059 1384
1051 1430
1202 1300
1271 1247
1361 1175
1139 1374
1425 1134
1044 1533
1679 1002
1090 1488
1236 1325
1167 1424
1293 1299
1290 1316
1064 1613
1068 1615
1206 1418
1060 1633
1158 1495
1294 1350
1210 1455
1098 1641
1078 1690
1114 1657
1074 1726
1106 1679
1221 1494
1289 1401
1601 1203
1248 1466
1365 1344
1032 1896
1239 1504
1362 1365
1358 1373
1334 1398
1263 1493
1147 1712
1222 1584
1249 1566
1579 1285
1336 1443
1175 1713
1340 1446
1351 1440
1300 1526
1716 1234
1153 1798
1115 1912
1205 1767
1423 1429
1387 1480
1226 1717
1194 1803
1576 1349
1462 1433
1378 1554
1255 1806
1394 1601
1339 1677
1345 1676
1341 1697
1498 1509
1447 1575
1430 1595
1532 1503
1374 1688
1348 1729
1343 1744
1468 1593
1525 1538
1228 1977
1427 1675
1352 1781
1629 1523
1588 1574
1375 1832
1443 1788
1452 1786
1510 1735
1492 1774
1615 1711
1399 1974
1450 1948
1605 1769
1593 1778
1574 1839
1382 2005
1504 1937
1838 1551
1719 1686
1600 1835
1743 1692
1657 1789
1690 1791
1865 1600
1476 1997
1570 1955
1533 1980
1470 2008
1752 1776
1728 1809
1704 1898
1750 1843
1659 1949
1647 1962
1753 1979
1895 1805
1800 1954
1681 2017
1890 1885
1877 1971
2045004962 2146998783
1
sift 403
26 17
46 72
20 13
27 22
95 91
22 20
55 55
92 99
24 19
52 71
116 125
25 21
137 131
113 116
33 27
131 138
270 155
29 35
308 104
143 151
35 45
216 201
418 308
42 46
227 230
167 174
54 49
981 932
673 613
56 58
337 485
178 181
73 76
1159 1064
703 694
75 90
1256 1225
175 206
76 93
1502 1261
624 814
139 77
1261 1361
184 204
129 85
1418 1545
621 848
168 137
1639 1454
224 231
180 154
744 852
148 196
268 233
187 182
896 744
194 180
248 296
198 178
761 980
210 194
281 301
176 286
876 842
287 184
286 335
209 256
842 1022
220 244
315 315
253 235
841 1045
257 237
313 321
242 262
848 1135
260 271
321 331
288 241
1218 1074
301 259
319 349
231 397
1429 1126
276 323
323 362
404 225
1591 1245
272 353
336 352
279 338
1557 1324
344 273
325 375
332 303
1786 1593
341 302
357 346
338 304
304 350
359 355
362 299
309 358
382 371
397 278
331 332
392 382
318 354
416 310
378 393
369 357
364 366
367 422
407 330
347 409
406 435
395 372
393 376
408 449
386 398
384 432
379 492
409 416
502 334
430 456
431 420
504 363
477 502
438 437
420 463
475 529
451 428
424 461
533 510
446 440
440 450
537 532
434 464
488 438
524 578
517 413
469 468
593 548
468 476
463 484
530 646
466 486
507 455
559 630
448 517
501 470
571 615
435 545
549 441
610 568
491 516
617 452
592 616
681 433
515 561
627 722
612 490
483 632
797 817
496 640
505 629
809 834
543 601
561 579
859 794
548 606
597 543
944 805
595 565
589 633
947 806
626 626
546 755
835 949
583 686
680 595
839 957
632 641
691 594
881 1005
687 608
762 564
987 953
735 575
674 639
893 1072
798 553
1397 434
1035 927
562 878
688 675
1018 968
710 665
959 523
1117 934
768 649
721 703
963 1076
727 709
656 781
879 1400
784 684
790 687
1185 1154
733 724
652 829
1599 914
781 706
783 698
1297 1095
777 713
825 674
1269 1242
1032 557
769 737
1324 1204
659 876
774 768
1128 1552
678 893
793 751
1320 1370
863 678
806 725
1355 1325
765 784
718 863
1505 1272
747 826
690 901
1335 1428
655 989
752 870
1314 1480
801 803
736 903
1736 1280
828 795
645 1088
1459 1555
832 802
886 752
1668 1579
836 812
804 888
887 776
598 1406
857 845
929 780
850 890
1053 718
921 819
1093 711
926 830
902 858
979 786
894 885
1024 774
976 820
982 821
878 923
906 902
819 1054
917 915
1310 710
802 1215
985 943
938 1013
983 983
955 1014
899 1067
1023 961
853 1194
1101 910
1058 941
948 1061
1213 865
969 1058
1130 919
1301 823
1028 1011
1083 956
883 1223
960 1106
1069 991
1100 981
1038 1036
957 1157
1115 1006
1588 764
897 1311
922 1250
1011 1112
1054 1063
970 1254
1090 1077
1033 1172
1290 972
1016 1237
1216 1039
1029 1228
1204 1057
1175 1091
1165 1123
1236 1060
1169 1129
1394 974
1302 1026
1187 1127
974 1433
1051 1275
1248 1065
1098 1220
1156 1161
1228 1093
1197 1147
1080 1267
1106 1258
1075 1319
1103 1287
1263 1115
1123 1296
1422 1032
1167 1259
1211 1217
1345 1099
1249 1191
1303 1159
1361 1118
1408 1096
1060 1488
1362 1156
1334 1180
1426 1111
1230 1309
1377 1167
1226 1350
1252 1343
1393 1186
1387 1201
1366 1234
1340 1274
1237 1418
1455 1206
1205 1499
1601 1153
1468 1243
1300 1444
1615 1176
1509 1266
1476 1285
1288 1485
1339 1430
1353 1421
1341 1456
1331 1493
1536 1328
1579 1313
1382 1500
1443 1446
1752 1219
1292 1608
1508 1436
1711 1302
1604 1389
1619 1380
1716 1345
1747 1322
1724 1358
1525 1510
1531 1509
1501 1531
1375 1609
1506 1558
1573 1512
1542 1546
1841 1318
1755 1403
1838 1349
1605 1542
1681 1486
1742 1451
1643 1532
1756 1455
1574 1591
1690 1544
1600 1595
1688 1553
1707 1543
1890 1391
1753 1529
1776 1548
1823 1506
1678 1607
1859 1528
1882 1566
1750 1614
1911 1602
