2095558067 2130703568
1
sift 88
42 41
494 506
63 52
152 167
103 111
515 739
741 802
139 160
190 142
194 179
557 803
854 889
175 226
282 347
192 211
674 906
180 237
360 518
254 301
820 989
217 371
577 685
252 320
780 1087
288 399
314 340
1553 709
390 337
384 421
855 1153
419 417
347 566
905 1209
541 559
795 511
994 1193
610 642
565 729
963 1226
678 654
661 730
1018 1480
949 585
705 807
1110 1565
531 1044
608 900
1162 1983
1081 586
971 656
1315 1758
526 1222
554 1252
1378 1791
753 870
902 771
1152 693
1173 700
828 908
1017 839
1153 763
1022 851
874 974
758 1181
769 1178
1053 881
766 1284
1308 938
1075 1192
1453 932
1463 971
1287 1104
1031 1440
1449 1089
1160 1324
966 1701
1644 1041
1113 1504
1084 1563
1101 1569
1654 1136
1242 1393
1554 1243
1049 1928
1283 1648
1300 1786
1318 1961
1648 2023
2095558067 2146998783
1
sift 55
109 111
494 510
63 72
741 980
103 106
515 649
125 141
141 196
557 674
139 206
179 224
674 767
175 234
191 250
1553 598
192 256
217 387
820 910
254 349
288 334
855 933
252 375
294 346
963 942
314 352
282 417
905 1004
356 446
419 435
994 1024
541 476
565 589
1018 1201
610 559
577 636
1110 1175
971 507
665 671
1315 1339
608 747
753 670
1753 1304
949 578
828 752
879 811
960 869
1017 834
1287 791
1075 1075
1644 845
1268 1114
1529 1077
1242 1480
1285 1437
1524 1403
