2130703568 2146998783
1
sift 495
30 22
32 40
13 15
63 71
39 33
23 28
53 49
42 52
40 27
107 138
69 43
28 36
125 131
68 53
31 37
550 1427
78 91
35 45
132 145
70 100
50 58
888 793
86 107
60 51
186 222
122 125
59 57
1404 1225
105 149
52 72
207 230
142 151
71 76
155 169
85 77
296 364
253 162
82 82
242 394
93 79
395 407
156 277
76 92
339 264
87 93
388 464
225 233
89 98
366 466
88 99
527 474
283 296
91 129
442 599
111 106
526 485
310 316
106 122
499 894
115 116
1110 1606
338 355
120 114
662 613
118 126
1310 1491
347 417
127 128
648 694
187 110
1390 1434
334 457
144 137
640 714
153 183
1640 1231
506 510
163 181
701 673
146 205
1799 1459
518 529
170 174
779 695
160 206
584 503
171 196
718 848
194 180
516 616
180 204
904 813
215 178
572 568
193 202
878 852
158 261
581 615
220 215
802 980
222 231
641 646
218 237
912 842
276 194
685 636
211 256
1040 1045
235 243
615 741
240 244
1232 1021
228 262
790 922
243 254
1137 1126
247 276
889 968
270 259
990 1412
336 218
1227 934
279 271
1345 1134
430 195
1009 1242
266 301
1576 1450
386 225
1098 1552
285 304
1814 1593
314 273
1863 1428
290 302
309 283
1836 1555
265 353
306 290
1934 1580
304 294
282 348
286 339
252 411
392 255
299 332
326 323
323 331
301 349
344 317
337 321
351 320
385 299
320 375
340 352
327 397
363 350
348 376
399 334
869 213
387 354
368 370
456 305
431 322
424 336
408 366
371 387
485 310
382 399
365 420
433 359
473 330
375 416
413 382
394 409
383 422
416 393
379 443
417 435
398 463
440 437
531 381
471 428
446 456
465 458
513 427
474 460
519 432
498 449
490 455
472 486
459 497
501 483
529 470
497 496
560 440
590 413
482 516
487 514
555 454
523 502
461 547
559 476
868 363
660 438
619 469
726 433
525 565
540 562
509 632
656 507
536 618
612 539
588 571
627 548
585 578
591 595
642 559
623 579
681 564
745 546
1091 452
717 580
606 666
644 640
661 629
709 598
610 672
633 650
729 589
672 628
677 626
645 652
750 575
707 641
620 709
776 608
747 634
663 691
728 658
674 690
739 649
496 1132
849 588
654 722
818 617
696 706
761 669
738 686
787 665
740 704
947 573
736 719
803 674
809 684
862 648
890 643
870 670
846 688
819 707
1095 569
760 768
716 829
769 774
830 721
785 777
822 775
807 817
1092 645
961 693
954 702
842 789
834 802
1070 657
820 826
900 747
848 806
901 751
1205 631
808 864
908 752
839 834
812 876
1067 678
950 734
906 767
1186 659
771 953
915 803
857 890
946 812
953 805
1089 729
724 1164
928 870
993 819
1026 794
863 959
970 854
858 978
1246 713
668 1369
1281 710
1163 758
1130 769
980 871
921 921
1011 853
1104 791
999 868
956 901
1041 845
1156 780
1046 844
969 902
959 923
1322 718
903 989
989 910
850 1095
1073 863
1215 786
916 1005
982 941
936 986
1235 784
1037 908
1018 930
995 949
981 981
1030 944
1184 865
1145 886
1028 951
1138 889
1219 858
939 1089
949 1072
1112 948
1033 1018
1333 820
1308 839
967 1112
1176 954
1221 933
1105 1014
1399 823
1265 912
1226 942
1324 879
1199 973
1213 961
1574 764
1155 1015
1195 991
1123 1043
1209 1004
892 1384
1193 1024
1375 896
1188 1039
1248 1010
1135 1106
1020 1229
1005 1250
1315 971
1207 1055
1099 1147
1191 1076
1380 940
1161 1123
1157 1129
1603 856
1175 1118
1182 1120
1111 1172
1253 1061
1256 1067
1481 915
1294 1036
1307 1035
1203 1153
1300 1046
1210 1157
1252 1121
1189 1190
1131 1254
1325 1060
1228 1161
1372 1028
1351 1063
1370 1054
1921 850
1348 1082
1515 992
1429 1031
1400 1056
1548 988
1331 1146
1237 1267
1222 1294
1108 1469
1485 1058
1338 1168
1369 1149
1466 1065
1365 1156
1234 1345
1465 1081
1350 1184
1488 1077
1398 1180
1107 1569
1405 1173
1303 1296
1492 1116
1502 1110
1939 950
1532 1109
1901 966
1606 1069
1669 1048
1402 1215
1479 1202
1676 1099
1416 1298
1293 1467
1565 1175
1446 1274
1218 1581
1498 1234
1861 1044
1566 1191
1578 1208
1524 1282
1864 1085
1367 1457
1809 1113
1593 1243
1641 1220
1600 1268
1355 1513
1572 1304
1489 1385
1392 1479
1605 1286
1517 1370
1551 1349
1679 1258
1977 1093
1658 1284
1776 1219
1563 1405
1526 1444
1879 1230
1914 1205
1717 1350
1956 1192
1793 1299
1758 1339
1537 1511
1777 1338
1531 1530
1677 1430
1540 1556
1632 1487
1824 1356
1825 1357
1770 1399
1908 1307
1697 1456
1965 1272
1780 1421
1885 1391
1787 1445
1997 1285
1796 1442
1895 1395
1767 1499
1966 1366
1769 1542
1886 1468
1782 1535
1685 1600
1791 1544
1803 1536
2029 1390
2004 1431
1838 1592
1835 1595
1979 1529
1832 1609
2005 1500
2017 1486
1843 1614
