233907011 401566863
1
sift 136
47 22
181 73
49 26
52 27
165 92
73 35
67 37
326 122
80 45
99 63
664 200
134 66
129 83
743 201
77 141
158 79
524 289
111 104
118 108
848 356
197 88
164 100
1075 511
263 118
235 142
198 185
267 161
328 227
248 270
382 281
389 310
430 301
588 266
410 361
487 354
644 311
667 323
527 366
587 347
538 414
631 364
677 369
562 427
593 424
681 394
639 447
397 747
781 472
710 496
577 579
483 727
1019 420
671 526
684 541
597 603
775 538
766 552
601 686
833 532
1152 473
764 593
757 618
686 684
911 549
807 611
726 700
946 572
973 576
1072 569
712 767
805 689
772 738
867 699
880 720
707 874
1101 636
998 722
1234 641
1163 685
953 763
1201 677
1285 649
967 789
1236 679
1271 668
922 818
904 842
750 1058
1212 740
1242 741
1140 800
1273 745
844 997
1194 790
1211 798
921 982
937 969
822 1121
1077 904
778 1341
978 1036
1110 1003
801 1390
1219 958
941 1269
1046 1182
1203 1050
1147 1128
1078 1197
1235 1095
1216 1139
988 1432
1035 1404
1103 1365
1008 1448
1114 1399
1238 1279
934 1612
1319 1229
1302 1370
1305 1355
1071 1673
905 2112
1112 1676
1096 1702
1124 1677
1223 1546
1055 1875
1156 1727
935 2189
1128 1984
1209 1930
1269 1834
1205 2015
1274 1877
1310 1851
233907011 460401179
1
sift 91
755 928
261 305
89 86
158 225
114 158
488 327
176 165
154 259
184 202
618 700
187 257
235 309
201 367
642 739
198 408
267 437
272 328
552 1056
297 326
590 520
321 406
917 1020
314 438
616 987
415 352
962 1023
384 380
915 921
428 366
1063 1036
395 422
463 381
507 430
452 471
382 532
478 485
440 507
601 486
572 513
571 514
597 535
663 519
613 554
555 590
684 551
723 543
687 561
587 718
614 709
905 553
544 835
874 569
636 728
638 750
719 692
821 618
1005 571
644 812
804 669
737 746
763 720
632 859
809 690
908 631
872 648
935 637
913 655
1031 610
639 900
877 683
681 904
896 737
831 794
622 1044
937 789
1127 721
1099 761
677 1221
1238 800
840 1041
782 1246
953 997
853 1159
838 1213
1032 1017
1168 970
1009 1121
1208 1080
1108 1182
1293 1040
1294 1206
233907011 580816557
1
sift 172
322 365
38 84
33 32
306 381
159 140
73 60
574 507
123 96
71 63
854 584
238 191
67 73
624 873
721 574
80 69
834 770
69 104
917 774
112 102
111 123
990 879
134 117
129 124
118 137
158 130
164 125
154 155
167 146
165 149
163 157
181 142
197 161
150 234
187 196
198 208
263 189
235 219
219 262
258 240
267 251
326 236
248 295
303 266
297 281
309 282
328 277
288 312
333 278
359 306
314 357
349 359
375 358
339 398
430 354
370 390
508 347
447 408
472 413
429 468
664 371
562 405
527 423
644 393
524 443
397 560
463 511
744 379
555 454
588 449
639 439
653 425
460 568
590 474
492 551
631 463
443 653
659 481
677 478
571 532
597 556
601 589
740 535
671 564
607 609
651 621
701 593
686 635
742 614
688 656
775 601
807 588
1045 525
766 634
848 581
703 697
633 756
793 652
757 726
914 651
901 679
911 680
723 809
1224 592
929 701
880 716
1019 681
977 699
707 930
1158 661
1020 700
1118 677
786 871
1163 676
954 740
844 829
878 783
796 901
922 780
822 882
915 802
930 807
1074 744
826 915
1109 741
1075 765
933 870
802 1017
908 894
963 866
1072 804
953 892
1085 827
1140 800
1188 813
937 990
1211 845
1281 795
1005 1001
1201 890
1071 999
955 1116
1216 918
1009 1049
1260 897
1114 1030
1219 951
1271 916
1053 1096
905 1234
872 1269
961 1189
1285 939
1207 1005
1242 989
1202 1043
1124 1145
1112 1157
1273 1025
934 1336
1238 1083
1294 1122
1319 1008
1016 1449
1305 1183
1178 1401
1262 1278
993 1705
1302 1309
1006 1757
1230 1582
1304 1494
1279 1609
233907011 742308222
1
sift 81
574 559
24 24
99 85
292 210
140 182
112 96
670 1492
159 133
118 116
824 211
462 428
134 107
552 620
77 192
556 680
1036 535
129 122
489 712
164 112
1184 869
836 650
158 120
1063 507
167 134
944 615
163 171
917 758
197 149
859 1039
198 164
263 161
1067 904
235 203
255 195
981 1033
326 186
267 237
248 288
1220 173
274 289
350 338
361 351
743 277
374 389
588 354
397 466
467 487
671 377
616 399
740 381
492 562
590 515
534 576
686 528
848 490
914 495
673 654
1158 486
647 687
922 547
939 546
1118 520
1084 533
1059 560
1251 599
1206 624
1075 689
1216 657
1072 703
904 888
802 1053
1201 750
1207 772
1271 770
1124 955
1285 838
1273 861
1071 1062
1305 903
1262 1208
1307 1384
233907011 789706637
1
sift 561
151 134
28 21
0 2
306 361
30 34
6 4
322 406
37 31
15 9
854 830
87 72
19 12
574 609
110 94
18 13
834 881
125 112
20 18
624 915
116 106
21 17
139 127
22 19
123 100
25 24
160 147
31 26
159 145
35 25
178 157
33 29
183 158
34 32
204 194
51 35
237 214
40 38
261 228
46 37
257 244
48 43
291 233
47 46
283 274
50 48
345 286
49 49
421 346
55 47
391 383
56 50
432 410
64 54
466 427
66 52
465 397
67 55
490 408
70 59
488 448
72 61
515 510
75 56
485 580
79 63
493 554
82 64
552 582
85 62
568 575
80 68
594 607
84 67
652 583
88 71
774 528
90 75
630 715
96 69
713 647
89 79
618 763
93 78
721 672
97 73
771 684
98 88
756 718
102 86
835 696
104 87
728 874
103 89
836 788
107 85
944 717
122 83
846 810
109 95
859 807
120 90
940 841
111 97
962 853
112 101
1042 1000
114 103
917 958
106 113
1106 1009
121 119
1063 857
138 104
1129 1069
129 114
1062 1121
137 120
1036 1149
142 117
1257 937
143 124
1172 1090
153 121
1105 1173
147 131
1320 882
140 136
1261 1091
154 140
1255 1197
158 139
1298 1216
166 132
150 146
161 141
133 185
163 148
176 144
167 149
152 180
165 161
185 155
181 163
180 167
184 162
190 160
191 168
207 154
187 179
188 181
195 178
201 173
197 183
194 191
200 188
205 184
245 159
211 192
219 196
226 199
208 208
216 209
229 205
214 216
228 211
221 218
290 176
250 198
249 206
235 217
254 224
248 257
263 231
270 238
260 247
267 246
255 261
273 243
268 254
294 241
251 288
258 277
299 245
272 263
303 256
288 265
286 271
297 272
301 281
319 260
309 283
287 299
311 285
336 268
314 287
320 293
328 289
280 339
414 236
276 359
332 306
334 305
338 302
326 317
363 291
341 304
418 259
362 303
339 325
317 354
366 311
360 322
455 269
325 369
349 340
370 330
333 387
373 336
399 323
371 344
382 342
381 348
368 370
394 338
383 353
437 321
388 345
438 327
398 357
397 366
395 372
505 300
410 363
406 375
444 347
429 365
393 398
428 376
412 386
441 373
407 411
415 399
491 333
430 395
443 379
447 389
440 417
445 412
419 446
463 409
470 404
405 467
442 437
476 413
474 419
473 428
658 318
460 439
477 432
512 400
487 433
478 447
480 442
508 415
457 466
503 421
469 464
495 434
459 477
564 380
520 422
513 435
537 429
501 454
497 463
531 436
500 458
539 441
903 310
522 452
499 485
507 483
527 460
510 480
538 461
529 474
541 469
525 486
526 487
542 476
680 401
518 493
533 492
506 532
524 504
535 509
551 491
549 497
557 490
544 514
1145 324
543 520
593 475
546 525
657 450
577 503
576 507
698 443
587 505
561 551
597 519
581 540
592 533
583 553
566 573
590 549
615 531
648 508
639 523
619 534
609 547
559 606
571 601
598 565
660 527
601 578
616 558
588 611
631 560
622 586
703 530
562 673
605 604
602 621
644 577
651 564
641 587
613 620
600 639
553 714
684 562
664 585
637 618
720 544
729 546
591 681
638 638
697 571
677 599
690 593
668 636
659 649
779 545
686 631
688 626
663 653
710 603
711 608
653 674
610 733
719 624
718 640
707 664
803 568
788 600
700 680
696 686
742 658
804 581
671 712
744 661
765 648
567 906
748 668
745 677
778 665
791 660
723 704
781 671
760 689
800 652
766 683
763 690
775 682
730 724
812 641
595 930
772 694
743 735
784 698
654 819
709 773
786 739
789 745
776 765
693 889
823 706
754 799
814 721
798 751
799 752
1001 633
839 727
792 800
741 890
769 836
749 876
790 817
757 855
681 1032
986 669
740 927
805 796
820 787
892 740
887 746
871 755
1095 657
897 749
807 820
847 803
933 747
844 812
848 821
906 798
831 880
841 868
959 764
901 818
826 904
877 834
893 823
870 842
1032 736
964 769
858 852
896 832
900 831
853 887
868 849
797 1030
850 913
874 886
863 909
1054 757
1044 762
861 926
734 1199
867 920
905 894
889 914
1035 770
935 843
913 875
911 883
909 891
1059 767
953 837
924 863
973 835
955 845
920 898
914 910
1088 782
915 925
922 916
862 1012
926 918
958 902
963 901
1048 826
1026 840
951 934
987 897
880 1059
970 933
938 984
988 922
1005 907
946 985
1020 893
1023 888
1070 859
972 994
984 992
1004 969
957 1034
966 1025
1120 895
992 1010
1119 912
942 1080
937 1095
1028 991
1000 1021
927 1110
1031 997
1015 1008
1096 947
1118 960
1112 975
1102 980
1249 833
1052 1024
1140 971
1019 1049
1049 1029
1163 956
1014 1072
1071 1031
1084 1028
1101 1023
1075 1051
1103 1027
977 1148
1115 1039
1165 1002
1131 1046
1072 1103
1085 1097
1169 1048
1087 1114
961 1212
1148 1078
1231 982
1194 1038
1147 1092
1218 1011
1134 1108
1238 995
1127 1118
1097 1152
1038 1178
1092 1160
1157 1126
1158 1132
1213 1073
1040 1202
1116 1171
1201 1104
1251 1061
1216 1102
1258 1057
1206 1128
1242 1088
1263 1081
1211 1153
1168 1187
1207 1159
1199 1169
1202 1168
1246 1116
1235 1127
1260 1111
1262 1158
1282 1151
1192 1215
1271 1183
1234 1217
1190 1229
1284 1207
233907011 962831950
1
sift 370
574 700
13 9
25 18
30 23
20 24
28 19
31 36
37 33
55 51
62 50
57 71
79 81
60 73
110 94
78 54
93 89
70 61
123 116
67 74
127 135
80 70
139 137
84 67
125 167
72 78
183 149
75 76
140 168
85 77
159 176
122 53
160 178
77 84
241 140
88 82
168 187
69 103
204 198
86 99
192 232
107 102
291 220
98 111
261 279
114 108
257 329
112 114
283 340
111 119
324 510
136 104
374 394
118 125
432 432
121 131
449 375
129 139
345 544
166 121
393 420
134 159
466 459
143 157
392 423
146 164
490 500
164 148
462 496
154 165
552 490
158 172
515 546
176 163
722 422
163 184
652 498
161 185
666 509
167 183
489 759
155 230
634 565
190 189
618 653
198 188
594 752
181 206
630 729
189 210
770 619
217 199
835 610
197 215
721 722
196 222
728 733
187 242
836 707
219 216
855 717
180 273
944 668
194 256
642 998
228 248
943 744
250 211
940 758
226 252
1042 773
231 243
859 974
214 270
917 944
235 264
1320 659
212 304
849 1095
295 241
846 1200
313 228
1233 864
327 218
1036 997
258 262
990 1104
216 332
974 1418
366 219
1172 1377
264 281
1298 1322
267 293
274 291
255 301
248 335
297 299
336 284
311 300
309 306
288 318
300 324
268 354
314 312
362 286
301 356
328 341
326 344
413 295
359 334
380 339
356 361
350 369
334 390
388 351
349 395
339 416
430 360
370 412
414 385
472 373
397 413
491 362
445 396
422 410
428 418
459 398
398 455
441 421
396 477
437 438
497 401
476 426
440 457
447 453
487 434
527 399
478 473
464 493
333 735
443 524
531 435
526 441
495 482
480 513
562 445
467 576
583 458
508 522
460 589
483 573
544 504
587 475
533 521
539 518
557 499
541 520
518 531
558 515
598 494
492 599
631 491
499 601
571 551
661 488
534 592
524 597
597 556
545 606
576 593
602 585
516 684
686 537
616 580
740 514
639 571
1145 417
754 533
677 583
690 578
682 582
667 595
590 661
638 624
607 643
651 615
611 657
601 674
653 629
671 621
643 658
633 680
588 754
742 607
659 652
613 730
660 683
673 667
644 705
707 654
723 647
664 706
766 635
619 791
781 634
779 636
729 690
793 630
791 633
807 613
812 611
745 693
663 778
741 732
797 665
933 600
749 747
743 756
776 724
700 828
798 741
888 688
775 812
796 787
911 714
823 788
844 775
864 757
871 769
623 1125
699 1010
702 1019
801 901
826 871
904 831
961 793
928 842
880 865
1059 751
744 1051
901 900
816 955
786 1036
848 931
858 923
1035 815
914 894
1020 833
1220 740
1163 782
955 915
1194 792
915 950
831 1041
893 990
878 1007
1114 875
1169 862
1096 904
1008 936
1140 893
865 1116
1004 969
903 1100
1094 928
1118 929
958 1043
1045 972
905 1137
934 1064
1093 962
1028 1002
1009 1015
1112 963
1158 939
913 1168
1026 1026
1211 925
1144 982
1075 1021
839 1338
1014 1067
1216 940
1207 954
841 1353
953 1178
1088 1048
1188 983
1027 1094
1251 942
1157 1034
1019 1139
977 1204
978 1205
1177 1028
1005 1170
937 1280
1071 1126
1127 1073
1072 1140
1242 986
1223 1024
1289 980
1053 1207
1015 1239
1178 1141
1218 1093
1277 1046
1201 1148
1124 1245
1212 1189
1293 1077
1246 1156
1208 1237
1007 1433
1159 1344
1224 1271
1099 1414
1197 1340
1120 1416
1271 1247
1273 1285
1294 1258
1206 1375
1297 1301
1239 1392
1253 1386
1311 1304
1319 1253
1280 1471
233907011 1064082008
1
sift 538
574 573
24 23
11 8
834 827
30 33
15 9
854 856
87 88
20 20
110 109
25 19
116 121
31 26
123 128
35 30
139 157
43 35
160 145
39 38
159 150
40 43
183 197
51 40
174 220
56 41
204 201
47 48
257 245
46 49
237 270
49 51
261 244
50 52
283 290
55 50
279 295
57 47
345 299
60 54
324 446
66 58
432 425
67 60
346 521
64 64
466 465
69 61
435 542
70 69
552 441
80 75
630 412
88 71
722 390
82 76
485 531
86 77
515 537
84 78
568 525
77 92
594 507
89 80
642 518
85 90
618 649
96 85
652 677
92 93
584 826
102 89
691 709
97 97
836 560
104 102
713 685
107 105
634 835
109 108
770 772
114 103
728 840
111 111
846 730
112 117
1129 577
121 115
756 907
129 127
813 820
126 130
835 963
134 132
917 968
120 153
962 966
137 133
940 996
141 131
1061 916
143 138
1063 925
150 135
859 1193
191 124
1173 985
146 152
886 1235
155 146
1042 1207
154 162
1237 1165
158 155
163 156
161 163
171 154
184 141
168 160
153 174
185 143
128 237
165 167
167 169
176 168
190 175
181 181
206 170
200 176
194 179
188 194
187 198
196 184
195 199
198 196
211 188
197 207
201 217
199 219
226 203
219 209
207 223
209 228
231 208
242 205
229 221
186 263
203 246
221 232
235 236
228 280
258 242
270 241
250 248
255 254
276 247
254 260
272 249
267 272
263 284
303 262
309 256
273 283
301 268
288 279
297 274
286 286
311 288
333 267
314 292
320 294
294 325
357 265
336 289
268 359
334 307
380 266
328 318
350 298
339 310
326 331
290 381
341 323
365 313
349 335
362 326
446 278
363 329
408 315
405 320
370 344
371 346
373 351
383 340
366 375
384 353
382 366
378 370
406 355
388 378
395 377
410 368
394 388
398 403
441 371
415 402
460 372
412 411
505 342
443 400
419 417
615 305
463 394
457 401
437 414
470 399
447 424
445 427
452 418
430 443
440 440
477 420
480 423
478 435
508 409
469 449
442 470
494 434
476 458
454 475
506 433
474 474
487 463
500 448
422 548
491 473
510 455
459 512
507 464
501 480
518 459
497 492
658 408
545 461
444 609
517 487
529 484
519 490
541 477
542 476
557 471
543 485
524 496
693 421
535 499
520 506
546 489
526 505
539 503
571 494
795 407
593 481
572 497
538 534
548 526
597 488
569 510
544 540
537 559
583 520
580 539
533 597
601 514
592 528
735 457
549 598
590 543
576 568
698 486
587 569
562 603
598 565
619 545
504 737
596 570
612 561
663 529
609 576
525 708
608 578
588 623
644 562
600 608
604 615
614 607
641 587
681 552
602 641
636 601
632 612
697 555
586 688
553 734
622 629
616 647
662 595
686 584
639 637
779 524
655 617
667 606
605 682
696 593
660 627
651 640
664 626
729 571
625 680
638 659
684 619
668 628
747 563
720 583
719 596
742 589
748 592
730 604
788 564
653 687
688 662
700 658
711 648
765 610
783 614
732 675
723 693
749 678
705 707
677 744
578 897
718 701
763 671
648 786
707 723
766 672
786 656
789 667
737 720
775 697
784 695
607 909
761 732
731 770
803 696
778 729
781 731
743 773
762 751
839 660
840 664
709 792
741 782
799 713
797 738
793 746
776 766
823 721
827 726
792 783
1004 613
643 992
841 727
811 757
798 789
671 977
831 764
659 1010
810 785
772 843
816 776
805 796
919 715
847 768
832 778
769 884
1098 642
804 819
868 761
790 863
815 801
826 798
964 712
858 797
801 869
954 745
791 911
874 799
848 825
877 800
902 794
958 759
891 807
844 845
906 803
872 818
865 823
870 821
863 834
896 822
800 940
837 886
861 857
913 830
909 837
1026 763
883 878
873 890
862 904
914 851
926 842
853 937
1096 762
937 847
915 889
905 923
933 888
951 865
942 871
820 1001
938 887
1033 815
955 872
992 838
911 935
1038 824
973 875
996 861
953 908
981 895
1141 812
970 928
984 910
1031 882
972 934
867 1033
1102 841
1048 874
1053 879
1128 836
899 1031
983 943
1218 795
1190 816
1071 892
900 1053
963 976
1005 942
946 994
807 1183
1020 944
1059 932
987 982
1018 953
968 1021
1115 918
1112 931
1171 899
966 1044
1142 920
957 1064
1008 1005
1019 1006
1100 960
965 1075
927 1124
1023 1013
1093 980
1127 959
1049 1011
1013 1042
1077 1003
1138 975
998 1066
860 1215
1052 1046
1156 981
961 1145
1030 1061
1070 1048
1085 1037
935 1177
977 1137
1024 1080
1015 1085
1231 939
1072 1071
1181 993
1101 1055
1047 1097
1043 1101
1045 1105
982 1168
1097 1081
1078 1099
1086 1088
1075 1115
1027 1150
994 1187
1192 1030
1260 970
1163 1070
1120 1103
1083 1142
1197 1043
1119 1122
1148 1113
1131 1140
1182 1114
1234 1050
1116 1166
1201 1091
1272 1019
1011 1218
1208 1089
1251 1065
1169 1170
1238 1086
1107 1224
1262 1119
1246 1138
1235 1186
1214 1202
1294 1152
1212 1220
1229 1216
1284 1184
1279 1219
1285 1231
1319 1243
233907011 1347700863
1
sift 315
1317 1134
116 151
6 7
70 85
20 16
123 155
31 21
80 100
40 58
261 270
49 67
163 174
67 66
283 296
64 77
167 197
78 76
391 507
86 91
181 217
82 108
465 542
89 116
197 241
104 98
770 408
118 111
235 260
114 125
642 643
97 154
267 313
111 139
836 695
112 146
250 335
129 148
846 874
140 134
590 563
134 162
917 992
156 184
616 724
158 185
962 980
176 190
664 714
200 166
1063 926
165 198
915 974
206 173
990 1028
164 213
190 199
187 208
211 206
242 188
192 229
195 243
218 228
226 232
229 246
201 311
216 301
270 254
301 268
309 278
272 310
297 293
311 290
288 316
303 314
314 295
334 328
332 340
263 399
328 343
383 325
363 341
349 347
406 323
457 300
362 362
384 345
326 419
461 334
373 376
395 359
410 352
382 386
415 370
459 354
372 431
388 401
399 397
428 381
470 364
441 379
463 374
319 612
477 389
366 511
440 420
494 372
445 422
394 491
412 474
447 446
469 426
430 468
516 388
453 462
507 413
504 427
505 439
478 492
500 453
508 451
454 526
545 432
458 537
518 477
551 480
541 486
520 495
510 524
529 500
537 502
499 546
572 490
535 530
526 536
497 589
524 538
517 573
555 539
557 535
538 580
615 494
697 466
577 548
571 551
592 541
598 544
542 644
621 557
889 429
544 674
597 602
587 634
562 678
602 624
588 657
637 600
610 633
655 593
747 552
668 605
699 591
609 685
614 682
641 662
712 594
593 741
730 611
663 669
710 649
786 599
684 697
742 640
686 702
784 615
696 710
776 630
539 935
653 750
622 790
715 699
723 693
639 784
701 731
644 792
811 628
660 781
958 549
763 707
1191 498
667 806
749 740
798 694
799 704
839 650
719 772
586 1022
765 764
865 665
775 761
874 663
671 884
973 619
772 774
718 827
897 675
861 696
677 896
796 765
711 865
905 708
662 944
789 803
923 684
605 1067
638 1004
826 754
805 787
809 775
920 720
844 770
766 878
912 745
781 907
934 759
870 804
769 932
831 840
877 815
837 848
913 800
821 870
863 829
743 1029
992 757
790 963
896 828
954 797
909 831
815 920
1005 783
953 824
762 1064
924 842
1058 769
933 839
935 850
847 940
942 859
938 864
955 846
1054 802
961 858
926 880
977 856
1096 817
951 909
1071 834
853 1015
807 1081
848 1030
867 1012
868 1040
860 1065
1016 911
1128 875
880 1086
833 1163
908 1080
1127 903
1028 951
1083 922
1031 959
1077 934
1093 924
901 1109
988 1024
1043 979
984 1034
911 1151
1113 978
937 1129
1146 962
914 1158
991 1084
1147 990
1142 1008
965 1153
1097 1074
1070 1096
1179 1035
971 1199
1020 1154
1238 987
987 1200
1214 1033
1115 1122
1085 1149
1033 1194
1019 1217
1072 1192
1177 1126
1099 1183
1284 1013
1120 1179
1136 1181
1133 1225
1205 1169
1078 1253
1092 1251
1166 1237
1304 1091
1102 1262
1289 1243
1294 1247
1310 1230
233907011 1701417931
1
sift 83
574 541
917 1003
114 147
1075 1397
154 228
184 177
235 292
267 438
272 309
297 301
590 490
314 340
428 298
915 1017
321 364
399 315
1297 1279
384 353
463 328
415 378
396 399
477 351
440 389
482 430
286 762
641 369
452 497
507 449
478 509
481 521
518 533
663 472
535 554
651 525
777 488
737 519
621 589
597 602
684 606
587 756
723 627
874 590
638 790
772 671
544 956
913 626
821 685
804 714
502 1207
938 638
831 700
611 963
868 698
1035 643
845 760
896 726
805 793
872 751
873 750
877 753
908 759
808 831
719 934
622 1153
840 871
1127 736
951 877
1146 820
867 964
1070 886
1099 882
1209 852
1031 966
1028 1036
1102 1146
1103 1149
1010 1292
1197 1170
1166 1366
1195 1358
1234 1338
1294 1286
1208 1392
233907011 1745211470
1
sift 336
322 302
24 22
25 23
834 778
80 79
31 27
574 471
87 92
33 30
854 829
116 100
39 43
139 107
51 45
159 139
50 48
160 223
73 57
163 154
67 65
261 268
82 60
197 172
69 77
283 260
77 115
198 175
104 93
257 300
114 95
466 448
112 103
618 587
102 123
664 374
111 110
713 560
129 124
590 491
134 117
552 804
137 126
616 511
147 120
771 582
207 101
835 569
143 141
721 742
158 134
594 986
154 146
836 767
150 150
917 902
167 142
1042 828
156 163
915 911
165 153
1063 857
138 204
962 941
176 182
990 1132
200 157
1045 1000
190 173
194 178
201 179
228 169
216 180
268 149
211 190
229 189
180 230
187 221
247 181
208 219
258 191
232 218
235 217
280 194
263 205
219 257
221 270
239 247
248 244
267 248
270 251
303 255
309 253
288 263
272 283
326 252
338 261
328 274
320 292
314 298
359 275
334 310
339 309
255 399
301 358
349 324
394 304
382 326
389 333
401 336
384 344
388 341
373 384
447 355
440 364
499 345
399 414
362 465
422 403
463 376
397 445
460 395
428 430
480 385
476 398
470 408
445 431
497 387
478 428
487 421
542 375
520 400
472 462
524 419
526 429
507 456
698 361
588 404
557 426
535 459
496 522
551 469
538 483
510 525
660 415
527 508
667 424
587 486
459 678
597 489
610 477
586 503
592 495
511 583
541 557
887 379
562 538
598 513
601 515
591 529
662 479
631 505
644 502
1145 365
703 472
593 544
640 520
559 577
549 603
571 580
791 453
519 642
700 497
659 526
729 507
653 546
676 554
602 601
576 664
537 751
625 625
663 598
684 599
671 606
604 683
740 574
696 602
803 555
708 615
781 575
775 586
709 640
716 643
920 543
686 710
798 614
749 679
757 665
772 660
697 748
766 668
778 673
848 631
814 656
786 727
792 741
793 755
901 654
832 698
776 793
900 672
726 865
860 705
910 687
723 909
796 838
841 781
858 779
1111 627
954 700
1152 620
867 780
807 849
693 1009
914 756
874 797
953 728
816 847
847 827
970 723
978 725
868 833
1019 732
913 818
980 768
1231 634
844 879
837 892
1026 754
977 791
928 826
853 895
861 887
797 994
821 933
1032 784
1119 746
871 900
922 868
1120 760
957 852
911 885
937 864
1020 815
864 948
788 1125
1158 802
880 979
933 945
1097 848
801 1160
927 971
1163 843
811 1146
1157 866
1142 878
1169 876
1147 890
1059 937
955 1005
1101 918
1072 932
1083 929
1075 943
1014 975
1155 913
1016 984
930 1065
992 1020
1071 980
905 1182
1046 997
1131 952
1224 886
1091 970
1027 1004
1077 999
1114 987
1018 1078
1192 977
1005 1116
998 1139
1140 1052
1279 944
1085 1107
1103 1105
1053 1170
881 1441
1212 1015
1112 1110
1038 1201
1219 1022
1194 1041
1263 998
1188 1061
1211 1040
1124 1149
1024 1255
1311 926
1239 1038
1190 1104
1096 1213
1230 1067
1008 1326
1202 1118
1218 1109
1127 1238
1197 1172
1234 1131
1223 1167
1285 1092
1271 1145
1208 1218
1146 1322
1273 1184
1162 1370
1242 1247
1013 1507
1294 1205
1216 1332
1289 1244
1260 1297
1207 1416
1205 1429
1284 1333
1277 1477
1319 1521
233907011 1811936640
1
sift 334
151 148
123 68
16 10
574 413
49 23
18 11
857 526
292 198
21 21
834 796
67 35
33 24
854 816
824 418
40 30
704 1058
69 39
60 33
1126 1760
962 562
96 38
80 50
89 63
917 604
75 73
113 69
104 62
1184 867
114 61
134 77
77 86
99 76
111 85
120 78
102 92
146 75
100 140
129 83
163 95
118 120
158 99
167 102
143 112
164 109
154 116
195 125
165 108
152 124
191 133
150 126
228 130
200 129
171 151
198 189
190 145
211 143
235 159
229 149
319 138
250 164
185 195
176 209
326 175
247 162
254 160
267 216
221 192
180 226
333 191
294 156
263 172
288 212
270 190
239 221
520 308
214 266
309 211
524 307
297 228
338 217
590 329
272 243
219 328
664 312
339 237
320 256
491 441
301 273
334 263
616 394
349 254
328 269
848 341
314 302
412 261
700 398
383 280
382 287
659 440
440 270
388 293
1019 535
394 294
469 284
1104 527
406 319
539 278
1281 504
415 342
477 316
915 658
447 332
463 340
1045 646
480 335
542 298
1075 698
500 333
430 383
1072 709
569 311
698 288
1285 737
505 347
454 369
1271 762
591 314
433 403
1273 925
428 414
779 286
1319 1108
546 360
593 355
503 392
1145 281
401 515
557 374
572 373
362 653
487 459
399 599
478 490
442 547
526 436
660 385
498 478
416 629
538 453
445 593
510 495
587 433
602 435
535 498
601 447
592 457
544 503
558 487
577 493
703 427
528 545
610 491
641 496
667 477
596 540
663 501
507 671
977 401
543 628
730 492
644 546
734 497
586 614
668 561
625 607
631 606
598 641
638 613
696 578
684 589
763 555
963 452
653 632
571 700
719 597
789 557
712 600
799 544
841 532
798 572
677 650
783 595
860 539
781 625
804 610
937 537
784 630
858 582
705 692
892 579
833 612
862 603
1086 522
786 662
537 960
576 859
816 635
1231 502
874 623
749 707
661 794
790 699
953 620
772 710
686 789
710 760
978 615
863 657
870 667
766 744
896 669
877 681
723 800
909 672
800 729
548 1160
1026 633
913 673
914 675
814 713
778 786
938 682
951 690
607 1067
769 824
1095 649
741 865
811 780
714 903
1077 674
1033 685
757 881
931 724
853 785
1152 686
926 758
991 726
844 829
992 742
681 1130
847 853
1054 745
796 982
868 855
900 850
867 861
1147 725
1158 730
776 1051
988 801
680 1287
967 888
971 886
930 957
1142 831
987 917
1214 795
880 1097
1134 877
911 1076
1087 909
1005 976
1119 898
1028 954
1001 987
1020 985
1083 930
1127 912
994 1015
801 1301
946 1091
1103 984
929 1133
961 1116
1234 890
1101 1012
1046 1055
1097 1049
1070 1070
1236 926
1274 907
1238 943
1192 1021
1221 1008
1170 1073
1093 1121
955 1280
1163 1106
1157 1112
1059 1210
1110 1173
1235 1054
1071 1222
1085 1228
922 1423
965 1351
905 1498
1211 1117
1260 1075
1263 1074
998 1328
1218 1150
1035 1350
1289 1113
1124 1298
1242 1175
1194 1248
1188 1259
1284 1151
1207 1289
1202 1294
1114 1419
1209 1293
1096 1461
1162 1430
1190 1411
1016 1744
1081 1740
1112 1758
1205 1640
1224 1735
1216 1757
1316 1497
1251 1790
233907011 1865606473
1
sift 380
669 802
116 88
6 4
281 248
47 25
8 6
123 85
16 7
49 28
18 8
917 683
22 11
67 26
31 12
40 32
73 43
60 24
56 34
80 50
55 42
78 40
113 78
86 46
96 47
111 95
89 61
98 56
134 91
92 67
77 86
129 100
104 65
114 69
150 101
99 83
107 75
158 109
102 90
100 92
154 123
84 111
126 107
165 114
120 121
118 126
167 115
164 108
143 124
181 116
166 142
206 122
187 139
195 134
190 143
268 112
200 138
168 150
228 140
184 147
239 132
235 158
229 144
180 167
250 187
226 163
176 207
288 192
221 190
270 181
267 201
319 169
340 172
326 200
309 194
255 214
520 328
272 209
242 250
524 327
297 211
567 160
491 359
251 253
301 222
664 354
219 322
332 230
616 459
338 229
334 245
701 439
320 254
311 275
848 433
328 266
274 298
659 529
349 261
416 231
1104 544
412 237
350 269
1019 603
437 239
314 308
915 648
395 263
383 270
1215 608
415 273
284 366
1206 665
373 297
406 281
1075 736
382 307
372 319
1072 757
440 280
388 313
1271 800
461 282
370 346
1273 1010
508 279
499 293
394 352
463 330
351 402
353 401
193 1484
470 337
410 370
480 339
601 284
500 332
569 305
428 382
542 325
414 399
443 385
698 291
393 432
398 428
430 416
779 290
539 356
503 375
546 360
454 427
593 351
513 396
572 367
551 383
557 376
441 483
518 421
362 638
553 405
442 511
399 556
535 422
592 410
510 467
478 535
526 466
453 579
660 411
615 431
538 485
445 624
663 435
602 464
577 512
731 460
614 516
527 593
609 518
734 473
730 474
696 503
641 538
544 630
841 453
597 585
610 576
598 595
587 619
775 492
541 672
639 571
646 577
644 588
507 755
719 541
668 569
638 607
684 590
459 965
703 572
562 719
571 734
711 596
729 598
799 557
789 573
686 649
506 906
786 582
784 594
537 843
712 644
677 684
820 570
632 732
688 698
860 560
892 561
697 712
747 676
708 701
816 618
798 643
874 600
772 705
749 727
913 613
963 587
790 707
897 628
723 746
725 748
804 695
548 1069
896 642
1231 533
877 651
1120 559
870 661
766 743
1026 597
1086 581
805 724
909 668
742 785
938 655
702 840
863 699
977 636
781 769
710 831
778 779
671 920
707 864
793 776
951 689
953 687
604 1100
705 895
740 870
765 839
776 832
769 848
814 782
1077 671
861 766
1142 686
937 752
926 760
914 767
844 861
1070 739
923 811
832 912
1141 740
1040 772
796 1008
1033 777
879 888
910 872
867 907
883 899
1214 731
988 820
680 1307
872 955
934 877
821 1049
826 1057
837 1053
809 1110
1088 829
880 999
797 1161
807 1120
1127 818
1054 865
912 989
1006 902
801 1206
1041 914
1011 952
1087 913
967 1001
1166 876
1005 977
1028 961
924 1064
1083 948
1191 884
965 1066
1046 985
961 1077
1103 969
1060 1004
1043 1012
1147 970
1096 990
1218 894
1117 984
946 1147
1128 994
868 1275
933 1202
1274 886
1050 1096
955 1198
905 1295
1158 1027
981 1189
1116 1070
1112 1093
1097 1108
984 1216
1192 1024
1094 1174
1219 1063
1020 1257
1101 1195
1013 1268
1159 1169
1027 1273
1015 1303
1093 1265
1203 1164
922 1496
1178 1229
1038 1377
1085 1346
1163 1291
1235 1196
1284 1185
1213 1279
1238 1252
911 1723
1067 1492
1078 1497
1197 1366
1188 1378
1115 1481
1122 1500
1084 1563
1263 1332
1301 1259
1224 1384
1289 1311
1035 1633
1294 1327
1211 1452
1208 1502
1202 1570
1246 1498
1099 1769
1293 1491
1277 1611
1280 1616
1216 1726
1039 1871
1171 1823
1310 1799
233907011 2124113243
1
sift 62
146 72
1281 366
524 271
99 99
263 136
848 389
260 206
394 256
1118 388
430 291
332 362
1075 644
588 264
382 364
1273 1022
487 347
445 445
538 444
410 594
781 423
766 482
513 649
973 413
503 741
400 1175
535 794
576 779
551 931
566 971
1121 641
651 1078
529 1515
764 1055
1011 817
668 1291
805 1039
678 1312
712 1388
777 1411
897 1190
830 1370
926 1232
785 1601
750 1803
845 1544
1263 1121
867 1634
759 2179
801 2160
784 2290
1316 1242
961 1822
988 1793
965 1849
1078 1781
1037 1946
1203 1772
983 2206
1165 2143
1205 2203
1304 1960
1274 2473
