249725355 278451837
1
sift 679
28 33
22 28
5 7
38 40
49 68
6 8
60 77
65 84
14 12
89 95
81 93
16 16
273 240
78 94
15 18
960 954
125 157
17 19
873 931
86 114
18 23
122 158
24 26
137 165
27 29
223 233
33 37
197 215
34 43
217 241
41 45
187 223
43 48
221 249
44 49
199 239
48 51
220 276
50 53
214 227
51 54
303 235
52 61
239 248
59 72
346 348
63 78
291 331
66 80
365 375
64 83
397 421
71 82
576 657
69 87
505 698
80 85
678 691
68 102
571 669
82 107
716 769
85 109
690 751
87 105
746 747
93 101
736 813
90 115
851 853
91 119
817 860
106 104
874 937
99 122
820 869
108 128
906 925
113 129
838 899
119 125
949 888
118 136
848 917
114 143
969 1023
115 141
895 995
121 137
1003 1049
181 99
980 984
120 148
1043 1040
127 139
717 1640
131 150
1072 1050
133 149
1010 1068
135 152
1114 1112
151 144
1029 1128
129 174
1632 926
141 160
1061 1142
163 146
1641 991
146 171
1118 1139
173 159
1216 1262
152 179
1041 1277
186 147
1188 1289
157 178
1192 1224
162 183
1251 1335
169 182
1200 1247
166 184
1337 1347
164 186
1253 1307
167 189
1844 920
185 191
1290 1351
180 197
1463 1516
192 195
1260 1395
179 203
1400 1581
201 198
1315 1476
200 202
1554 1468
202 201
1399 1427
193 219
1645 1489
183 232
1366 1466
212 209
1456 1655
216 210
1421 1463
256 200
1650 1607
222 231
1439 1447
234 222
205 260
1434 1482
271 212
238 246
1381 1524
248 238
226 271
1450 1490
245 253
257 251
1591 1457
258 257
272 245
1550 1534
249 270
252 263
1736 1596
251 277
235 322
1678 1646
296 247
260 281
268 273
259 292
250 309
283 279
265 300
276 296
286 288
278 304
304 295
295 311
314 294
310 305
318 303
328 307
323 316
316 327
317 352
356 323
309 363
333 349
361 332
357 350
359 354
390 333
367 361
369 359
389 351
378 382
401 366
408 368
413 371
381 406
394 384
409 379
351 454
423 369
428 364
442 355
403 393
411 398
391 414
412 413
418 403
530 334
417 415
402 434
541 336
415 432
433 411
400 456
450 396
484 374
429 429
493 367
434 431
414 472
349 591
436 444
420 465
425 476
475 424
479 426
438 464
460 442
470 436
561 377
458 450
461 451
446 485
464 460
471 452
444 500
467 467
443 505
518 445
473 478
568 418
511 458
481 503
358 722
490 494
427 589
445 564
485 518
495 507
463 539
551 469
566 461
491 532
545 487
488 536
599 447
500 534
494 541
525 513
556 502
507 555
546 522
510 551
592 479
514 547
521 550
533 546
537 545
563 528
523 572
585 512
480 608
544 563
600 524
582 549
660 475
648 492
552 582
538 595
609 535
607 542
612 540
532 620
643 530
555 613
593 578
542 626
616 567
454 755
602 585
708 496
595 612
534 672
586 619
620 601
622 602
629 610
638 607
562 687
614 625
1415 360
657 593
628 621
590 667
596 659
560 711
633 630
635 640
636 639
655 628
619 677
640 652
652 641
666 629
506 880
606 731
646 675
587 774
665 663
805 576
673 662
684 665
711 645
887 573
634 750
702 678
784 614
819 603
833 598
726 655
580 882
688 708
650 765
693 714
683 733
695 729
738 673
676 757
701 732
781 651
723 713
797 650
822 668
639 886
859 644
671 817
769 710
767 721
807 705
749 744
865 682
841 702
758 748
824 712
905 670
588 1120
778 777
794 775
760 808
776 796
779 795
834 763
829 773
849 760
713 922
741 859
1025 648
858 770
871 753
930 726
809 806
808 807
645 1043
669 1015
878 780
870 788
835 819
815 846
780 878
826 838
934 767
939 768
795 897
860 857
882 831
799 918
1018 741
792 934
898 823
913 830
910 850
788 972
864 914
1063 743
904 898
916 908
889 933
915 912
923 910
1065 784
955 923
800 1052
872 999
946 950
1131 787
976 928
888 998
1007 884
1012 901
983 944
1068 876
1009 942
943 1011
1002 963
1024 947
1099 903
1104 907
1202 845
1306 800
926 1075
831 1228
977 1025
1086 940
965 1045
1100 939
1070 968
986 1027
1262 847
957 1077
1208 883
1103 960
982 1041
1058 993
1621 734
967 1087
959 1103
968 1096
1107 974
1312 835
1138 976
1036 1024
1181 945
1014 1060
1008 1070
1335 864
1333 873
920 1249
1254 935
1156 994
901 1301
1035 1076
1213 973
1015 1127
1233 965
1082 1039
1096 1032
1062 1071
1184 997
1051 1106
1368 905
964 1267
1134 1026
1226 992
989 1208
988 1220
1142 1031
1091 1083
1056 1141
1077 1109
1109 1091
1048 1166
1221 1014
1570 855
1067 1145
1387 941
1016 1232
1139 1102
1145 1110
1149 1101
1362 982
1079 1175
1670 848
1124 1146
1168 1097
1123 1158
1155 1118
1420 983
1309 1019
1136 1168
1218 1079
1209 1093
1358 1005
1117 1197
1190 1129
1121 1204
1133 1195
1194 1135
1044 1332
1236 1099
1195 1149
1235 1111
1322 1028
1158 1188
1126 1240
1206 1153
1088 1278
1207 1152
1196 1165
1183 1179
1146 1233
1228 1162
1113 1283
1257 1150
1224 1185
1211 1205
1385 1062
1170 1265
1310 1144
1120 1362
1345 1119
1172 1296
1097 1394
1390 1104
1265 1210
1214 1273
1331 1159
1231 1264
1258 1237
1242 1254
1458 1074
1286 1207
1185 1345
1270 1250
1128 1430
1243 1330
1396 1180
1204 1370
1227 1365
1490 1131
1617 1059
1314 1270
1030 1635
1271 1323
1374 1229
1369 1239
1308 1326
1402 1243
1325 1316
1280 1359
1514 1173
1507 1182
1462 1217
1424 1260
1465 1216
1483 1201
1571 1156
1339 1337
1355 1319
1364 1322
1433 1279
1449 1271
1175 1546
1513 1212
1499 1230
1406 1318
1425 1311
1288 1421
1422 1315
1472 1269
1495 1245
1299 1415
1408 1344
1603 1189
1255 1499
1429 1342
1157 1626
1352 1392
1343 1412
1356 1407
1342 1446
1518 1291
1295 1497
1530 1293
1365 1436
1371 1450
1568 1294
1298 1532
1447 1398
1441 1418
1587 1299
1690 1214
1457 1411
1558 1354
1685 1242
1633 1309
1527 1381
1552 1388
1281 1624
1710 1256
1548 1397
1515 1431
1588 1385
1743 1253
1671 1331
1604 1379
1454 1511
1502 1486
1682 1341
1631 1384
1667 1367
1496 1503
1540 1492
1536 1513
1467 1578
1615 1478
1652 1438
1531 1552
1442 1638
1594 1510
1655 1474
1578 1533
1622 1504
1646 1496
1602 1523
1539 1573
1600 1541
1556 1577
1577 1557
1747 1403
1701 1454
1589 1565
1679 1495
1567 1593
1647 1531
1636 1539
1720 1452
1626 1559
1592 1594
1834 1303
1455 1668
1765 1440
1497 1656
1593 1616
1756 1473
1783 1445
1638 1614
1512 1671
1753 1514
1580 1659
1563 1673
1797 1501
1830 1416
1722 1583
1781 1538
1706 1612
1703 1651
1752 1641
1789 1633
1761 1675
1790 1670
1802 1662
1804 1663
1823 1672
1842 1606
249725355 401566863
1
sift 54
1795 883
117 114
1703 981
180 154
287 327
278 361
544 294
470 354
477 531
628 472
629 486
567 519
593 541
652 539
639 767
1292 497
510 1198
860 738
1079 680
738 876
962 796
1014 774
1208 699
844 955
1181 792
1002 875
872 1041
854 1248
663 1732
983 1162
653 1857
1138 1037
1413 988
842 1553
1308 1066
1804 867
1741 930
1685 995
1231 1365
1515 1182
1710 1107
1214 1432
1658 1184
1082 1596
1131 1556
1385 1414
1091 2076
1656 1820
1672 1871
1429 2191
1636 2167
1609 2259
1823 1962
1807 2306
249725355 670484749
1
sift 92
180 239
260 326
241 501
328 428
278 734
378 508
355 620
414 584
470 563
483 568
564 539
498 594
514 598
317 1094
634 535
590 602
429 843
491 782
640 665
627 671
884 537
389 1151
515 820
587 769
747 638
425 1227
646 787
624 860
629 871
652 845
734 760
607 1006
490 1335
973 707
485 1538
811 852
563 1301
521 1525
566 1518
738 1099
948 913
968 918
1054 920
1014 974
754 1265
1103 959
868 1178
824 1257
854 1228
864 1299
1082 1070
1521 869
778 1502
938 1264
1256 1022
1158 1082
1257 1028
979 1261
1281 1061
743 1731
1002 1310
805 1686
1311 1122
1142 1224
878 1625
1196 1207
1000 1445
1607 1047
1173 1260
1220 1269
1174 1347
1091 1454
1584 1164
1582 1169
1446 1245
1157 1514
1107 1572
1194 1463
1307 1363
1144 1577
1361 1348
1374 1420
1490 1328
1292 1519
1433 1431
1602 1480
1744 1357
1633 1511
1731 1456
1704 1536
1760 1576
1828 1748
249725355 856798745
1
sift 63
26 23
1768 1246
180 181
262 283
333 309
514 326
318 509
430 442
470 431
587 408
544 456
627 466
624 475
477 712
955 511
928 524
629 637
567 808
868 618
652 769
1264 551
715 831
589 1023
872 858
1292 677
636 1135
1307 707
738 1077
1079 871
1158 861
1568 783
1602 820
671 1590
854 1283
653 1739
1446 915
1002 1156
1760 840
1000 1182
844 1403
1062 1146
1804 892
1082 1319
970 1502
1157 1371
1092 1479
1131 1510
1197 1444
1008 1925
1710 1266
1235 1684
1507 1604
1704 1519
1658 1559
1103 2292
1142 2459
1254 2290
1531 1916
1742 1743
1713 1781
1811 1694
1475 2169
1750 2358
249725355 874093608
1
sift 94
279 370
253 447
276 413
333 360
381 327
490 386
411 547
331 794
450 585
561 495
376 847
515 577
448 695
594 572
430 862
414 982
599 624
992 435
596 647
527 760
595 684
636 633
648 702
822 579
446 1205
483 1049
510 994
791 615
494 1106
715 762
578 1048
495 1304
1009 606
586 1144
589 1151
809 767
662 980
815 780
1255 574
860 809
606 1247
859 820
805 848
660 1113
866 897
767 1010
808 971
962 910
1155 768
646 1500
1557 659
834 1071
939 1008
1406 740
787 1269
1067 927
1299 799
824 1257
1183 901
1242 894
807 1381
1235 930
841 1390
778 1539
1213 1017
1254 993
930 1377
1062 1161
1015 1243
1008 1260
1138 1193
1701 883
1181 1197
1215 1184
1208 1213
1559 999
1170 1302
1207 1383
1385 1311
1376 1364
1300 1453
1679 1187
1752 1128
1588 1271
1531 1481
1636 1420
1618 1439
1615 1508
1587 1554
1784 1460
1830 1444
1813 1513
1811 1532
1529 1579
249725355 1115818466
1
sift 292
28 18
22 30
27 22
33 24
60 48
65 69
43 37
64 65
273 282
67 75
68 68
87 72
86 83
82 78
90 87
125 137
79 100
94 95
137 130
91 101
121 76
154 165
106 89
107 99
214 203
118 107
127 106
239 220
115 114
105 125
365 299
141 121
158 139
397 323
164 141
177 138
576 532
201 144
179 161
690 569
185 172
191 171
716 582
202 167
224 175
678 627
238 183
248 207
736 640
257 204
249 210
817 661
245 217
267 213
895 616
250 235
358 188
746 829
295 244
339 229
851 813
333 238
360 240
874 807
317 263
394 245
999 708
350 268
323 290
1010 715
304 324
383 256
906 895
359 270
417 262
1004 779
418 276
429 269
1041 770
444 286
399 335
981 888
391 358
403 361
1003 936
416 364
436 344
1028 911
504 318
544 320
1260 801
572 309
491 369
1200 865
497 384
555 354
1114 945
506 386
545 379
1188 929
479 412
590 378
1072 1034
566 392
667 339
1118 1003
349 674
668 340
1192 978
480 435
622 376
1216 1011
507 430
634 393
1421 919
697 356
628 406
1367 943
701 380
666 399
1251 1057
551 468
638 415
1360 1114
538 482
884 347
1437 1070
633 436
655 421
1315 1142
635 460
646 447
1591 1056
496 604
657 453
1550 1087
693 441
649 479
1463 1133
828 410
621 553
1400 1171
687 492
799 437
681 501
683 513
826 451
732 488
822 457
804 469
730 503
568 700
741 514
779 498
883 477
763 539
809 512
926 476
764 557
1277 409
626 765
903 523
947 515
1112 464
1070 483
955 547
1014 520
913 578
968 562
986 558
1025 544
1007 573
1058 555
993 587
936 624
959 614
1079 560
1107 559
1062 592
777 810
1128 575
966 663
1067 610
813 803
1199 564
1184 579
1166 602
916 754
1098 638
1100 642
1086 651
1158 622
1521 540
1113 676
1149 668
772 1069
894 907
1015 772
1054 748
1308 623
1081 749
897 962
1255 669
1226 687
1036 851
1257 684
1168 745
1266 690
1012 897
1194 751
1282 696
1051 876
1433 662
1470 657
1322 693
1126 831
1242 752
1155 818
1075 884
1567 645
1183 819
1077 903
1222 798
1397 719
1396 726
1424 737
1204 873
1505 705
1238 868
1326 827
1121 999
1484 757
1171 950
1345 836
1221 937
1536 768
1135 1049
1524 782
1384 863
1533 788
1342 916
1271 961
1604 786
1726 720
1700 756
1361 932
1295 983
1299 988
1776 729
1351 963
1153 1125
1568 861
1646 837
1499 901
1372 989
1639 856
1558 900
1406 994
1671 858
1766 802
1425 1007
1365 1039
1503 966
1793 808
1531 973
1379 1093
1489 1035
1594 986
1324 1136
1698 957
1631 1022
1622 1059
1827 871
1445 1148
1804 926
1797 944
1444 1166
1683 1051
1707 1030
1720 1025
1811 964
1600 1123
1565 1147
1597 1131
1701 1097
1788 1037
1668 1145
1765 1079
1757 1099
1696 1128
1831 1078
1612 1191
249725355 1228518096
1
sift 57
180 268
497 470
318 677
369 667
470 566
649 494
520 631
494 672
430 824
544 740
499 801
628 782
495 1090
589 1025
510 1233
631 1055
713 1071
584 1344
652 1220
904 929
710 1169
1014 888
930 1022
705 1309
1063 962
1158 939
671 1478
824 1252
738 1453
1393 946
994 1207
872 1361
998 1261
1584 986
1351 1118
796 1716
1190 1263
1428 1139
871 1657
844 1728
1000 1539
1209 1371
1432 1285
1760 1132
937 1849
1198 1450
1457 1330
1083 1686
1229 1517
1446 1466
1103 1874
1827 1270
1308 1764
1750 1624
1713 1719
1835 1580
1634 1946
249725355 1279412758
1
sift 89
125 225
100 236
122 243
169 177
576 1246
183 351
874 1289
222 302
851 1460
192 429
155 1088
205 457
278 398
272 459
287 464
381 389
356 436
394 408
561 382
310 669
438 481
330 761
328 831
490 540
448 631
485 596
593 608
619 614
516 705
470 786
585 682
446 916
683 679
574 868
648 851
639 961
467 1457
829 745
494 1359
749 798
878 722
784 787
1323 594
688 918
723 915
833 903
628 1413
1018 857
738 1141
1096 820
805 1070
1210 790
637 1542
807 1220
778 1287
1008 1055
824 1366
939 1213
832 1394
909 1299
1527 885
1155 1114
1070 1226
1470 1003
1325 1063
1183 1156
1557 1026
1204 1298
1181 1361
1215 1358
1286 1316
1258 1348
1056 1560
1299 1365
1062 1602
1407 1313
1559 1248
1376 1372
1622 1212
1431 1386
1397 1407
1789 1190
1679 1288
1781 1234
1786 1247
1783 1275
1702 1400
1688 1462
1670 1566
249725355 1430327691
1
sift 64
180 229
328 269
310 331
514 406
498 434
649 412
470 480
369 590
376 620
587 548
287 1260
718 574
499 756
414 1061
495 872
628 734
904 630
457 1049
589 918
606 912
713 861
710 938
631 1058
1095 739
671 1117
1158 795
930 943
1014 900
705 1244
747 1183
1063 936
1137 910
824 1321
997 1130
738 1469
1585 926
970 1247
1189 1083
1483 987
796 1497
1348 1053
1760 979
1432 1177
1198 1394
1318 1319
1209 1414
987 1797
1082 1641
1446 1401
1802 1234
1750 1355
1236 1786
1130 1995
1196 1919
1294 1814
1157 2090
1141 2257
1513 1858
1410 2010
1633 2049
1713 1956
1731 2073
1710 2277
1835 2166
249725355 1636735110
1
sift 331
137 189
11 17
197 1349
25 25
223 624
33 41
32 70
895 1070
41 67
44 65
820 1310
51 87
63 98
981 1870
64 99
90 114
1193 1778
94 123
87 134
1367 1771
93 128
82 151
91 138
107 135
105 158
115 155
120 165
106 191
121 188
113 230
177 183
165 207
183 196
158 239
180 223
167 245
229 195
179 248
191 232
155 306
201 234
185 260
200 272
213 300
241 341
257 329
248 374
276 337
262 377
254 410
270 390
339 314
252 432
272 416
283 424
316 388
268 445
354 367
265 479
278 451
328 435
275 571
286 545
325 452
356 469
378 448
359 474
355 489
323 607
444 434
390 548
381 595
429 518
411 570
446 519
391 641
445 539
416 616
408 647
469 529
430 606
433 598
442 592
492 522
470 556
436 627
448 594
504 527
514 568
460 643
425 718
506 600
400 779
507 617
544 590
477 668
389 894
443 743
399 884
590 585
516 679
479 736
668 535
459 775
634 620
586 690
561 710
667 608
490 836
481 869
511 799
640 672
545 812
627 705
533 847
816 562
580 767
643 695
595 751
518 901
701 663
566 815
488 996
485 1015
652 725
563 875
624 764
361 1806
629 781
521 993
606 829
552 960
638 810
648 795
646 800
596 929
637 859
801 691
635 880
599 981
633 924
636 950
734 791
660 946
697 887
639 1050
666 989
725 906
811 796
621 1106
799 825
587 1211
600 1186
738 923
832 907
926 826
868 895
650 1230
693 1149
824 964
864 944
723 1119
904 930
1112 771
947 917
754 1096
1212 747
673 1265
809 1065
854 1021
763 1116
819 1073
988 932
815 1095
702 1269
1117 832
804 1112
837 1103
805 1129
860 1087
968 997
778 1178
1063 915
729 1296
1000 982
758 1243
986 1023
720 1388
865 1172
1107 948
929 1134
779 1324
1079 998
833 1256
841 1270
1014 1089
762 1421
933 1170
849 1285
780 1401
743 1501
1154 1010
803 1398
938 1207
1159 1035
1054 1117
760 1601
1095 1098
903 1314
913 1325
862 1420
1484 904
1336 961
962 1283
1189 1076
1009 1215
810 1571
1002 1222
1173 1094
1045 1194
892 1425
1522 935
1082 1162
784 1756
970 1380
1070 1238
1264 1120
916 1549
1158 1189
1521 1001
977 1440
894 1616
1182 1175
1007 1379
1225 1177
1355 1109
888 1701
1184 1228
1222 1203
1126 1345
992 1589
808 1917
1051 1503
1092 1449
1311 1245
901 1886
1196 1354
1174 1382
1058 1568
1088 1516
1139 1470
1292 1287
1008 1715
1037 1674
1447 1197
1257 1342
919 1906
1056 1667
1030 1699
1068 1644
1089 1602
1171 1485
1230 1439
1142 1572
1077 1680
1504 1216
1566 1204
1194 1519
1166 1562
1096 1688
1404 1332
1075 1753
1106 1716
1195 1584
1170 1661
1483 1311
1239 1545
1186 1656
1220 1652
1099 1819
1571 1323
1284 1576
1209 1727
1433 1468
1374 1525
1150 1826
1242 1706
1371 1533
1295 1669
1362 1580
1100 1910
1426 1547
1348 1646
1582 1429
1361 1659
1282 1733
1254 1801
1704 1337
1445 1579
1183 1887
1607 1447
1602 1456
1233 1859
1455 1618
1594 1488
1255 1860
1572 1523
1428 1695
1536 1567
1307 1829
1512 1627
1441 1741
1726 1452
1685 1555
1579 1691
1568 1732
1552 1755
1561 1776
1710 1621
1750 1598
1633 1748
1804 1578
1677 1751
1671 1799
1585 1877
1760 1718
1696 1839
1811 1792
1683 1903
1782 1871
1827 1846
249725355 2019709110
1
sift 66
180 178
318 425
265 666
470 397
628 440
629 519
567 597
652 547
715 605
764 570
596 735
636 748
425 1267
510 1002
525 994
738 850
1158 673
872 796
1079 765
1062 776
1009 831
1706 644
977 874
933 953
1308 787
1002 965
844 1173
854 1159
1000 1009
671 1628
653 1800
795 1370
1027 1134
1091 1102
915 1389
962 1340
1092 1189
1082 1234
842 1743
1540 1067
1414 1145
749 2115
1235 1321
1741 1035
1008 1674
866 2048
1131 1516
1531 1203
1103 1597
1704 1124
1165 1514
1254 1434
1196 1559
1213 1601
1195 1671
1658 1296
1376 1506
1104 2083
1214 1926
1811 1344
1757 1544
1702 1619
1679 1681
1713 1675
1475 1986
1467 2150
249725355 2124113243
1
sift 74
679 401
180 169
332 1498
333 232
418 318
268 588
265 618
560 323
470 347
278 594
430 373
356 446
628 423
567 493
625 459
715 519
629 578
955 462
928 490
764 540
636 649
652 633
425 1175
596 769
648 794
1292 604
1062 755
1602 611
815 971
1568 620
738 1085
639 1388
933 951
872 1011
1002 902
977 972
1009 1072
672 1676
909 1220
844 1351
1308 887
1015 1190
1638 849
1144 1143
1804 824
1027 1291
962 1432
1646 917
1701 892
1008 1438
1616 1014
1254 1232
1507 1152
1235 1370
1131 1519
915 1939
1710 1160
1658 1215
1345 1431
1363 1430
1208 1634
1741 1268
1811 1256
1091 1932
1531 1483
1104 1946
1214 1793
1213 1849
1685 1521
1170 2135
1385 1958
1835 1745
1679 2143
1539 2467
