251570085 517252654
1
sift 53
120 123
1 3
36 55
539 580
41 83
98 129
578 675
109 138
115 145
661 717
108 193
209 161
758 877
175 204
286 143
819 917
364 152
185 264
932 944
190 281
258 322
1109 1153
277 419
311 476
1022 1257
386 369
339 470
1286 1059
331 575
397 479
383 624
507 539
1236 313
417 737
620 657
536 864
580 800
641 778
761 705
754 719
832 935
811 1020
1004 943
938 1030
974 997
1424 752
1140 904
1342 901
1034 1336
1308 1122
1393 1179
1284 1289
1259 1331
251570085 579717169
1
sift 89
320 397
189 205
5 76
235 329
42 44
268 308
132 133
371 393
114 528
405 443
381 328
359 636
293 445
770 696
437 377
800 1069
380 660
863 1000
603 451
725 1217
415 784
872 1201
659 502
949 1298
676 571
1168 1021
568 716
1676 894
548 766
920 1583
908 547
1553 970
663 744
1324 1855
762 711
1658 1997
698 795
737 774
926 679
771 798
1190 572
914 735
986 707
922 756
619 1085
827 861
1018 792
1191 692
856 923
796 1179
691 1463
1388 781
1030 949
842 1234
1035 1075
1027 1127
1219 947
750 1667
1096 1092
904 1330
1038 1300
1194 1115
1033 1400
1152 1279
1672 960
1487 1062
1153 1310
1428 1099
1330 1163
1613 1053
1300 1289
1214 1366
1499 1221
1188 1508
1079 1831
1117 1780
1664 1273
1259 1642
1497 1425
1407 1511
1189 1776
1209 1751
1482 1466
1470 1637
1296 1860
1371 1854
1468 1794
1607 1756
1466 1993
251570085 670484749
1
sift 107
31 74
17 26
117 126
126 131
23 28
143 125
115 86
150 189
183 172
136 154
202 179
132 163
176 219
211 211
162 192
242 240
179 213
181 229
268 248
187 217
244 291
184 222
258 251
301 278
210 210
309 250
219 244
284 306
337 280
236 231
371 358
311 303
390 437
645 614
335 295
668 625
308 378
399 473
873 681
386 448
863 714
513 431
507 487
1122 608
504 723
738 1073
640 498
620 737
1268 890
676 548
1465 902
632 587
807 813
1587 919
739 669
1225 1343
723 843
1034 866
1291 1294
760 839
1251 1545
698 1025
974 1003
1658 1292
894 757
1726 1571
687 1086
1224 944
1079 689
1757 1670
811 937
1320 934
570 1735
954 884
1266 1013
1029 814
789 1112
1245 1034
796 1106
711 1307
1283 1181
1076 868
822 1151
993 961
784 1379
816 1338
1189 932
1123 1063
830 1557
1193 1016
1138 1275
1449 1048
1370 1094
1534 1093
1196 1385
1372 1219
1457 1188
1478 1196
1491 1256
1404 1353
1425 1470
1585 1336
1434 1554
1487 1518
1730 1322
1463 1639
1714 1635
251570085 936120456
1
sift 61
320 367
32 40
23 51
186 169
42 52
539 685
268 283
132 155
231 470
246 342
578 700
274 370
330 368
371 408
261 1248
661 778
405 503
610 511
358 602
659 538
758 869
492 668
676 615
770 794
568 748
932 1057
753 1144
900 547
863 1092
762 694
1022 1082
1553 911
702 805
920 1506
573 1023
1109 1149
771 809
619 1138
1087 723
856 890
827 942
1021 864
1441 761
1035 1010
1096 983
1487 863
1219 947
1331 1019
1005 1607
1020 1638
1499 1194
1407 1287
1218 1491
1468 1320
1512 1333
1296 1496
1482 1403
1466 1436
1640 1665
1739 1583
1732 1688
251570085 1029832138
1
sift 152
320 259
11 15
98 117
141 136
132 123
186 149
115 152
183 161
177 189
189 174
209 238
220 184
286 211
211 217
231 268
203 266
246 281
268 269
325 293
328 353
381 350
371 360
472 327
558 312
572 343
405 396
409 467
416 603
335 651
406 689
415 583
530 643
611 422
615 545
504 564
770 612
622 481
920 638
548 597
863 870
568 600
872 959
676 506
949 1026
610 560
1168 911
659 555
1676 853
567 677
1553 1062
613 634
687 561
663 616
569 762
802 563
728 668
842 625
619 831
900 615
771 714
909 622
885 637
564 1100
943 660
746 773
986 663
707 855
856 754
926 719
914 730
976 703
1012 684
691 949
732 868
789 822
695 981
722 916
827 810
1018 748
796 901
646 1234
922 842
972 839
928 876
1021 823
906 971
867 1066
904 1095
787 1279
1027 1020
984 1107
963 1199
893 1321
1085 1122
1170 1067
985 1277
1140 1099
1029 1237
1219 1059
1098 1210
1388 972
1152 1158
1048 1295
1154 1192
1487 1005
1300 1105
961 1598
1153 1257
1205 1205
1264 1150
1260 1163
1177 1235
1428 1084
1461 1078
991 1603
1330 1137
1115 1384
1025 1538
962 1703
1563 1038
1194 1265
1437 1111
1066 1515
1758 937
1716 1003
1044 1610
1672 1031
1499 1131
1188 1488
1326 1339
1636 1136
1701 1113
1593 1184
1241 1491
1430 1348
1215 1577
1468 1344
1613 1251
1391 1436
1262 1575
1668 1241
1210 1665
1220 1760
1322 1661
1426 1568
1570 1466
1675 1370
1526 1658
1466 1748
1585 1734
1623 1767
1739 1711
251570085 1150832366
1
sift 698
56 65
4 8
1 2
103 84
11 14
7 9
120 140
20 40
15 20
298 340
31 53
16 26
320 449
82 62
19 32
539 556
93 103
22 35
578 591
86 119
23 39
758 744
149 161
26 43
819 800
128 149
30 46
933 962
164 158
41 49
1022 1044
125 160
42 51
1109 1143
159 171
44 50
1286 1538
141 170
52 54
154 214
50 59
202 157
54 64
188 207
58 67
203 201
63 73
183 219
70 69
206 209
75 68
186 229
68 81
189 227
71 75
208 245
73 76
211 243
85 78
222 246
80 83
215 266
69 92
220 267
87 93
239 230
83 95
235 273
78 106
216 301
90 94
243 265
94 97
242 284
99 105
396 202
97 111
248 295
111 99
274 309
104 110
304 303
105 114
301 321
102 125
280 349
108 120
338 314
107 123
289 343
113 127
290 409
117 130
341 400
116 131
371 412
124 129
378 414
127 135
358 431
134 134
355 438
123 153
406 433
137 139
418 442
129 150
416 465
132 152
375 512
142 141
466 526
157 133
388 538
153 165
492 521
150 168
404 543
146 188
526 554
162 187
584 469
170 174
530 566
171 175
477 596
191 186
558 670
176 204
474 799
185 206
509 761
194 195
615 661
193 197
639 678
187 221
636 733
177 235
645 732
190 218
666 740
200 231
753 754
198 238
738 795
210 222
865 779
204 237
685 934
201 242
810 865
213 216
745 931
209 228
888 812
196 244
851 871
195 251
1122 731
251 194
840 929
278 180
694 1345
205 268
995 852
218 252
786 1164
236 250
872 1041
228 274
863 1065
237 272
1003 909
231 283
1072 901
252 277
949 1073
264 264
987 1077
246 285
920 1195
223 324
1059 1055
259 280
1102 1156
229 334
1159 1341
258 296
1324 1029
255 308
1268 1374
273 291
1208 1500
282 298
1291 1428
277 304
1317 1447
276 306
1495 1399
269 312
1586 1338
261 319
1251 1736
250 342
1332 1628
308 288
1513 1595
275 329
1618 1636
284 318
1657 1640
286 330
1493 1753
271 360
295 351
310 348
373 305
385 310
344 341
323 361
327 364
328 368
331 366
334 362
340 369
339 375
351 370
329 404
369 365
330 416
350 389
391 367
394 373
365 415
361 418
326 474
376 405
381 395
411 379
345 454
379 426
390 420
384 436
397 422
430 392
349 488
386 461
398 448
400 450
364 492
399 460
347 515
410 457
433 432
403 472
482 417
438 452
415 477
463 451
470 443
562 427
366 671
468 511
514 487
413 597
497 500
476 519
475 522
472 550
563 484
505 517
467 572
480 560
566 497
507 537
542 510
504 557
513 553
517 562
502 576
531 561
506 585
431 690
560 531
518 580
510 592
521 586
547 573
572 555
516 626
540 601
573 567
569 584
537 621
552 604
548 610
605 558
642 540
601 578
579 593
523 674
652 544
657 541
589 600
719 516
583 606
608 588
580 614
575 639
585 629
651 575
555 668
634 598
619 605
609 615
593 635
544 704
568 681
595 645
614 632
565 711
637 638
602 667
613 663
632 662
612 682
691 618
581 712
635 676
688 643
640 685
564 790
588 737
606 719
660 672
675 666
658 680
706 651
620 724
664 686
570 838
618 749
643 726
591 785
663 703
687 688
731 655
702 683
768 644
653 735
674 758
631 822
724 702
709 729
723 716
676 776
707 750
775 692
678 813
628 937
722 771
713 787
737 767
849 687
697 827
698 837
682 860
670 887
787 739
762 769
750 773
752 772
730 796
796 753
673 938
781 775
852 730
726 856
717 880
779 798
756 824
776 829
789 815
693 983
744 869
919 715
728 907
824 789
793 820
741 895
783 844
838 792
822 808
830 806
801 847
784 885
845 821
811 857
832 842
771 935
827 855
836 859
802 898
808 903
825 892
761 980
821 897
735 1036
792 946
831 924
788 970
805 954
842 916
903 835
846 915
861 911
841 941
860 927
835 953
839 955
794 1012
867 930
798 1025
906 879
853 963
954 861
764 1131
815 1048
859 988
926 904
816 1068
893 944
930 921
881 966
797 1113
760 1168
900 949
991 873
931 948
876 1015
899 986
936 985
877 1070
1005 925
1362 707
874 1106
909 1037
885 1091
878 1129
922 1061
941 1052
968 1017
887 1139
975 1021
924 1098
1093 908
969 1062
946 1111
917 1137
939 1122
1029 984
976 1059
712 1557
1002 1019
1187 832
980 1072
1018 1013
974 1102
979 1107
984 1094
958 1146
1010 1058
1020 1051
901 1197
778 1461
1035 1046
928 1187
1004 1108
1001 1118
1007 1119
1033 1086
866 1322
978 1170
1084 1057
1039 1101
1043 1110
1050 1100
1060 1087
855 1395
986 1181
1048 1124
1220 912
1156 972
1030 1141
1099 1060
1040 1125
1076 1104
1012 1163
1098 1081
880 1394
1190 968
996 1220
1115 1109
937 1323
1101 1120
967 1288
907 1377
940 1353
1222 973
1100 1144
918 1383
1038 1192
1107 1148
1135 1116
1017 1258
879 1496
1079 1196
1096 1177
1068 1207
915 1444
1089 1191
1189 1063
1131 1166
1162 1134
1052 1261
1041 1287
1361 978
1303 1011
1046 1302
965 1467
1123 1217
898 1567
1132 1214
1083 1276
1117 1240
970 1471
1053 1320
1335 1018
1200 1138
1269 1082
1021 1396
1406 1014
1359 1050
1125 1282
1140 1266
1496 989
1024 1469
1134 1309
1124 1330
1257 1162
1188 1230
1240 1199
1146 1340
1080 1479
1055 1515
1163 1326
1235 1238
1137 1392
1271 1213
1145 1381
1309 1202
1193 1311
1078 1542
1274 1246
1129 1462
1228 1290
1205 1313
1147 1415
1320 1228
1582 1084
1544 1130
1210 1348
1194 1400
1314 1289
1201 1404
1214 1393
1207 1401
1191 1436
1244 1365
1266 1364
1212 1420
1308 1349
1304 1355
1443 1259
1166 1540
1294 1384
1219 1468
1364 1332
1632 1159
1313 1382
1342 1362
1152 1604
1242 1449
1292 1402
1603 1178
1180 1544
1283 1417
1165 1591
1245 1463
1372 1370
1323 1446
1350 1424
1300 1472
1270 1504
1280 1508
1650 1232
1401 1422
1524 1327
1475 1373
1374 1453
1195 1660
1407 1438
1343 1493
1437 1413
1330 1523
1307 1545
1236 1625
1353 1520
1371 1509
1484 1412
1261 1614
1402 1501
1400 1505
1678 1278
1254 1653
1243 1679
1412 1532
1638 1337
1539 1433
1765 1180
1461 1494
1570 1406
1561 1442
1605 1397
1379 1606
1511 1491
1615 1398
1349 1655
1453 1559
1425 1593
1449 1560
1375 1643
1390 1633
1463 1570
1479 1564
1296 1732
1377 1671
1526 1548
1428 1645
1458 1619
1487 1596
1507 1583
1528 1572
1457 1650
1515 1597
1491 1634
1537 1587
1588 1539
1554 1599
1742 1408
1557 1617
1448 1708
1597 1586
1467 1703
1534 1663
1562 1642
1574 1631
1685 1533
1584 1624
1548 1665
1645 1568
1431 1739
1662 1554
1723 1486
1468 1724
1338 1751
1718 1537
1732 1528
1527 1712
1333 1756
1688 1590
1611 1669
1499 1742
1753 1527
1666 1637
1585 1707
1721 1575
1680 1652
1629 1694
1640 1714
1687 1692
1667 1709
1681 1719
1781 1441
1734 1702
1697 1738
1730 1744
251570085 1186326363
1
sift 427
20 19
17 21
43 87
42 45
82 65
44 59
86 82
49 61
112 96
58 72
125 91
74 80
110 116
55 110
124 120
70 95
141 146
102 92
119 165
109 93
154 141
98 112
143 153
116 113
186 164
117 119
183 170
115 130
189 194
113 133
208 190
132 132
165 251
137 197
211 212
175 162
220 210
162 183
203 246
198 169
202 283
181 184
235 268
177 191
292 234
197 188
239 290
170 208
248 306
190 209
281 275
209 249
268 296
228 229
247 326
260 224
338 242
295 222
319 274
258 256
474 243
284 253
368 299
253 271
375 333
246 286
370 377
286 260
535 308
311 262
358 413
236 361
404 419
421 244
396 448
272 345
405 467
364 272
406 487
373 281
509 414
328 330
558 400
325 342
416 558
346 327
451 557
330 339
526 505
323 351
530 567
390 325
615 609
432 336
645 590
334 421
668 607
397 352
685 720
386 368
770 661
393 379
709 709
547 317
753 684
308 550
745 697
400 393
810 662
381 412
920 714
350 447
863 927
361 453
940 807
417 407
800 1038
510 363
872 947
450 403
791 1271
351 499
1059 996
384 476
725 1545
409 451
1182 863
437 428
949 1142
523 382
990 1212
537 394
1168 978
415 479
738 1711
472 442
1102 1113
572 389
951 1397
507 431
1332 1081
500 435
1073 1473
540 415
1357 1146
424 545
1586 1166
506 468
1676 1254
504 488
1704 1286
554 471
1712 1350
521 497
531 551
599 472
552 523
581 493
627 480
548 564
603 516
614 507
565 578
568 586
622 522
555 599
513 671
620 547
654 517
585 615
575 634
569 648
611 618
641 593
624 614
696 561
635 623
676 579
653 605
632 636
776 511
610 646
659 624
532 794
798 518
712 603
687 633
788 556
643 675
702 629
593 726
663 673
728 619
619 721
564 815
879 543
704 649
664 688
613 760
674 696
792 631
816 626
698 708
757 653
577 891
633 796
670 750
727 693
723 700
832 640
1012 574
811 680
726 754
707 778
752 745
693 851
1010 622
742 784
691 886
695 890
771 780
831 740
789 771
671 969
874 718
838 761
722 902
731 905
787 821
827 790
652 1077
807 812
925 728
943 742
882 785
836 842
783 922
751 963
900 776
886 792
822 876
885 798
793 930
1158 657
965 768
849 897
861 925
850 935
946 820
926 840
909 856
908 866
970 818
867 953
1053 770
794 1052
922 903
938 892
914 921
801 1063
941 908
1052 793
906 946
796 1093
1046 814
1004 867
901 1005
931 982
974 934
846 1083
936 993
806 1136
928 1010
1021 909
957 1013
1034 901
1392 707
973 1011
948 1036
1011 942
904 1060
1135 828
976 1031
1030 965
1057 941
1018 994
1179 836
930 1131
986 1076
1276 808
809 1357
1101 997
1387 781
1001 1105
1146 975
1123 1028
1338 839
842 1422
1350 843
1363 841
1190 955
1261 896
1125 1072
1236 961
1050 1150
1098 1112
1084 1133
1006 1203
1038 1180
1441 869
1069 1159
1064 1169
1271 981
985 1281
1029 1236
1153 1102
1304 1003
1195 1061
1569 857
991 1332
1323 1012
961 1455
1048 1269
1115 1198
1076 1255
1025 1318
1680 849
1364 1032
1516 945
1163 1187
1588 939
1078 1334
1152 1214
1266 1097
1314 1095
1283 1111
996 1500
1223 1160
1124 1313
1189 1213
1313 1140
1149 1309
1239 1190
1234 1196
1194 1246
1132 1425
1219 1251
1241 1221
1262 1240
1311 1215
1361 1188
1162 1404
1245 1272
1370 1195
1188 1403
1401 1229
1176 1460
1411 1235
1196 1456
1487 1197
1220 1443
1346 1300
1330 1320
1548 1175
1430 1249
1210 1453
1187 1485
1264 1391
1388 1290
1205 1495
1373 1326
1306 1408
1461 1264
1428 1294
1407 1316
1319 1410
1743 1099
1453 1314
1292 1465
1372 1434
1686 1191
1231 1608
1300 1521
1467 1375
1326 1493
1371 1497
1688 1243
1458 1442
1347 1584
1562 1401
1270 1681
1695 1301
1463 1504
1484 1486
1254 1705
1555 1459
1468 1541
1485 1518
1636 1414
1400 1627
1672 1378
1667 1382
1563 1476
1449 1610
1511 1561
1499 1606
1490 1616
1570 1537
1735 1376
1478 1633
1466 1657
1582 1574
1585 1596
1613 1557
1745 1419
1539 1660
1535 1665
1736 1480
1593 1640
1687 1594
1660 1650
1623 1695
1758 1550
1716 1629
1674 1707
1777 1637
1697 1731
251570085 1474416471
1
sift 791
56 52
4 3
14 14
120 124
11 12
15 15
298 279
25 27
17 16
539 503
31 34
21 18
578 567
67 63
19 20
661 647
86 59
22 23
758 728
82 73
27 22
819 766
93 78
23 28
818 1097
112 98
26 26
1286 973
124 88
28 25
1022 1126
125 112
29 24
128 122
33 29
1109 1107
141 135
36 32
153 134
42 33
149 145
41 37
119 214
44 38
165 177
45 43
173 173
57 36
183 171
49 39
188 180
50 47
189 181
54 48
201 178
58 49
208 191
63 51
203 197
55 56
216 182
69 54
211 196
68 55
220 208
64 58
222 220
71 60
242 235
70 64
248 244
73 68
239 254
78 62
285 243
76 72
290 237
80 74
268 265
87 71
280 272
81 81
289 267
88 77
296 271
96 76
309 290
109 70
337 256
98 89
304 302
102 91
301 305
99 96
341 280
108 92
374 264
105 99
396 312
116 103
358 360
115 110
355 365
117 109
370 359
107 143
375 357
127 119
388 356
129 117
418 363
135 121
404 377
132 125
378 407
148 118
406 402
131 129
405 408
142 130
416 413
130 152
526 361
137 142
451 439
146 132
477 436
150 137
247 1566
144 148
535 404
158 151
509 448
170 136
492 474
169 144
530 479
162 155
558 482
163 163
700 485
185 154
615 584
181 162
584 658
175 166
645 590
192 159
668 595
187 168
662 599
204 160
666 610
205 161
685 608
190 174
786 546
180 195
770 626
196 184
745 655
198 186
709 683
200 190
680 724
194 198
636 829
195 205
753 713
209 207
810 691
210 212
995 603
213 219
840 756
218 217
738 931
221 218
863 799
228 213
872 804
229 215
865 828
225 223
920 795
294 193
956 800
234 225
884 914
231 226
800 1055
241 229
990 878
259 224
888 1005
321 201
949 939
236 239
960 958
237 263
987 1016
257 234
1127 899
258 242
1073 979
261 268
1019 1046
273 255
1003 1184
284 261
1125 1020
269 276
1122 1207
267 283
1168 1187
272 282
1251 1188
295 270
1471 1101
271 288
1381 1147
286 281
1344 1209
310 277
1268 1256
250 353
1159 1445
313 299
1332 1235
278 344
1291 1419
328 297
1315 1406
308 329
1483 1378
364 274
1513 1477
323 311
1571 1434
417 241
1676 1475
365 284
1712 1460
324 321
1657 1540
331 316
1703 1499
306 352
1778 1549
325 325
347 301
329 330
360 308
334 335
414 285
307 386
346 341
327 372
345 346
330 371
395 317
350 351
389 326
340 366
381 337
351 368
402 342
390 355
384 367
515 295
361 394
380 380
413 364
399 375
386 387
397 390
373 445
444 374
400 410
415 412
423 403
582 328
455 401
424 425
427 420
431 417
344 548
428 427
410 458
454 422
456 432
457 434
467 447
462 470
499 442
504 437
505 463
524 452
506 467
510 466
507 469
475 499
572 443
537 476
482 531
540 478
513 500
518 492
521 496
476 557
531 493
517 525
548 504
544 517
552 508
554 505
597 483
555 518
568 512
605 480
575 506
532 564
569 532
549 559
542 574
573 535
564 558
612 524
595 538
566 580
601 543
585 563
712 484
581 571
627 534
609 550
613 556
730 487
579 589
638 547
620 562
593 587
614 578
628 576
606 585
652 552
637 572
599 594
624 583
658 555
608 606
589 646
640 591
632 612
688 568
633 624
635 622
660 588
631 636
653 598
634 652
577 710
676 600
665 616
687 602
663 620
655 628
778 544
774 553
643 674
671 642
673 640
697 623
664 653
642 681
682 638
559 814
702 615
674 654
644 688
777 573
718 611
649 689
619 714
798 570
626 741
704 663
707 660
701 672
855 565
747 630
723 659
698 692
746 648
678 726
744 666
648 768
722 687
681 742
783 657
737 677
836 613
805 651
724 704
785 670
827 645
792 667
741 700
756 694
750 697
788 676
670 808
731 723
728 738
879 632
651 860
726 761
719 811
775 749
820 702
816 730
771 775
789 757
811 744
693 908
831 747
825 752
760 820
742 847
801 779
793 786
781 809
779 827
838 759
824 769
802 801
880 733
847 765
982 678
832 784
796 831
782 848
630 1129
717 968
842 797
917 734
857 788
822 834
940 731
797 850
874 774
849 813
846 817
906 764
896 778
809 873
903 791
881 816
876 830
875 835
1011 725
861 852
808 919
908 810
887 840
856 867
968 771
767 1000
854 881
907 838
837 916
925 832
944 821
883 861
979 785
845 917
850 915
1086 719
794 992
914 844
867 888
734 1088
885 869
922 846
886 872
946 841
1083 746
893 884
1006 793
912 870
878 924
938 871
927 875
904 912
936 887
967 864
974 863
899 951
939 920
958 906
976 883
815 1083
935 934
930 947
969 913
923 959
892 1003
985 896
991 889
909 991
941 970
955 957
926 987
978 926
989 911
1040 855
1004 890
806 1131
961 988
928 1023
1039 877
975 972
1048 882
986 962
1018 921
931 1032
1041 901
1021 925
959 1033
1114 868
1033 974
977 1038
901 1116
984 1037
973 1051
1067 952
1002 1026
1035 996
1001 1031
919 1119
1494 717
1005 1036
1071 989
1050 1009
1053 1012
1144 907
964 1117
1084 1007
1025 1048
1135 940
1029 1060
1052 1041
1030 1074
1013 1093
1123 995
1107 1019
1038 1071
1544 762
1101 1044
1043 1102
1147 1015
996 1176
1265 909
1047 1124
1111 1091
1387 865
1115 1096
1162 1030
1338 895
1017 1190
1137 1077
1132 1094
1098 1118
1416 874
1142 1076
1060 1156
1076 1149
1160 1065
1389 903
1303 961
1196 1035
1211 1029
1087 1170
1140 1111
1195 1050
1390 930
1117 1146
1386 937
1204 1056
1116 1185
1155 1128
1262 1052
1187 1113
1166 1136
1145 1164
1024 1343
1518 971
1194 1139
1080 1318
1201 1142
1079 1330
1311 1098
1078 1355
1214 1144
1169 1211
1188 1192
1234 1152
1236 1150
1235 1158
1257 1177
1210 1221
1283 1166
1276 1182
1528 1057
1205 1239
1501 1084
1242 1214
1372 1133
1304 1180
1302 1186
1452 1110
1191 1275
1197 1263
1193 1272
1392 1134
1241 1225
1427 1122
1605 1034
1207 1262
1299 1204
1269 1220
1219 1266
1230 1261
1245 1246
1300 1219
1209 1292
1261 1241
1224 1300
1401 1179
1260 1257
1136 1486
1186 1365
1266 1260
1346 1218
1397 1193
1280 1276
1505 1140
1189 1403
1350 1238
1250 1320
1306 1277
1496 1161
1156 1511
1254 1332
1152 1531
1153 1528
1484 1196
1334 1290
1308 1313
1443 1228
1441 1236
1319 1327
1244 1422
1361 1312
1177 1543
1232 1459
1326 1348
1323 1362
1408 1293
1396 1301
1370 1316
1330 1360
1313 1383
1353 1341
1351 1354
1404 1307
1309 1402
1270 1450
1742 1109
1307 1420
1435 1304
1458 1289
1339 1417
1437 1322
1327 1438
1434 1325
1247 1512
1516 1278
1539 1264
1680 1181
1565 1248
1333 1461
1305 1497
1400 1405
1388 1421
1511 1309
1487 1346
1287 1544
1524 1321
1582 1279
1371 1479
1430 1424
1411 1447
1515 1352
1535 1344
1526 1349
1453 1432
1548 1338
1449 1439
1514 1377
1439 1463
1639 1286
1412 1503
1491 1436
1422 1530
1521 1429
1297 1667
1562 1425
1632 1357
1783 1105
1426 1576
1573 1441
1499 1515
1594 1423
1519 1526
1611 1431
1732 1315
1720 1328
1431 1636
1489 1586
1409 1657
1457 1624
1577 1505
1380 1680
1589 1523
1293 1725
1614 1487
1686 1426
1743 1342
1500 1618
1666 1442
1463 1645
1597 1521
1620 1493
1570 1583
1585 1569
1563 1590
1527 1635
1480 1664
1767 1296
1507 1656
1530 1643
1595 1588
1648 1546
1681 1518
1679 1537
1615 1598
1734 1472
1413 1722
1469 1715
1645 1594
1727 1502
1623 1619
1695 1551
1533 1687
1721 1508
1609 1633
1652 1606
1687 1581
1731 1547
1673 1621
1739 1564
1606 1699
1701 1638
1653 1689
1759 1563
1675 1679
1694 1670
1467 1736
1689 1683
1642 1717
1713 1673
1716 1681
1707 1700
1693 1710
1444 1741
1728 1697
1752 1711
1780 1632
1697 1740
1733 1739
251570085 1523815439
1
sift 729
56 67
4 5
15 21
120 98
9 10
17 24
298 295
20 26
21 29
320 307
31 46
19 35
578 591
67 80
27 33
661 690
82 70
23 38
758 777
86 74
24 39
1286 1084
110 113
28 40
932 994
112 104
26 42
100 148
33 45
1022 1164
125 127
36 48
128 144
42 50
1109 1143
141 154
41 55
119 184
44 52
143 169
45 54
155 198
50 62
186 190
54 60
201 186
58 61
183 199
55 69
165 222
63 64
189 211
69 59
208 215
78 66
216 207
68 75
211 226
71 86
202 233
70 89
203 241
64 102
220 236
74 91
243 244
87 81
235 255
80 96
226 280
96 85
242 265
81 97
248 266
108 73
290 256
73 107
268 275
91 92
239 304
89 99
273 277
88 108
285 284
102 100
289 281
98 114
337 270
99 121
247 402
111 120
309 324
94 146
304 335
105 134
301 353
116 129
368 322
117 135
388 330
115 139
355 352
148 118
370 350
129 137
358 385
127 149
341 412
132 153
375 373
146 157
553 293
142 164
404 367
150 165
418 392
168 147
526 343
137 178
405 429
144 180
406 435
287 117
416 446
158 173
451 464
162 188
477 450
163 191
535 422
185 185
466 476
177 200
474 469
184 197
509 468
187 195
492 493
193 196
494 495
190 204
558 457
199 205
530 496
197 208
615 584
170 227
645 586
205 206
668 599
195 230
666 602
194 242
786 540
209 235
685 637
210 248
700 618
221 239
753 606
218 245
699 676
229 237
770 654
234 250
956 552
321 217
995 544
231 254
709 715
225 264
765 684
233 268
745 743
246 261
1168 512
236 285
810 735
237 287
800 814
258 271
865 761
261 276
1088 657
286 274
863 793
295 272
920 773
284 283
940 750
277 294
738 1015
272 310
872 831
269 315
949 824
310 290
1127 717
250 359
960 902
350 263
1059 838
271 334
888 1088
328 309
990 978
364 286
1082 997
283 381
1073 1056
325 323
1279 864
365 300
1268 976
329 331
1344 986
308 374
1332 1114
331 338
1553 1023
347 321
1251 1189
323 363
1019 1604
335 351
1159 1337
339 347
1122 1620
381 325
1291 1334
361 342
1324 1320
306 431
1571 1386
327 397
1586 1370
307 437
1676 1395
330 403
1712 1376
340 384
1657 1551
351 372
1703 1565
421 319
1669 1670
345 387
324 426
373 364
413 337
390 358
346 409
349 414
395 365
508 308
377 411
399 393
397 407
386 418
417 408
455 404
400 439
456 410
384 475
410 449
457 428
369 519
448 438
482 423
467 432
428 459
415 474
372 539
547 400
424 478
475 455
472 460
438 498
524 436
510 443
521 447
500 458
468 497
504 467
502 480
507 479
537 463
453 526
572 453
540 487
516 510
531 516
513 537
554 509
518 538
778 424
544 521
605 485
517 556
548 527
555 524
532 568
670 477
565 542
727 454
568 543
560 545
569 555
595 531
638 518
552 585
712 490
579 563
570 590
598 561
573 593
585 583
609 566
614 577
611 581
627 569
608 587
599 603
581 630
620 596
632 601
610 608
602 640
612 627
613 629
635 607
628 614
624 632
640 623
633 652
676 600
566 738
663 609
649 645
696 589
664 619
619 678
688 612
673 628
687 613
674 646
593 734
866 525
653 662
777 570
665 668
792 572
601 751
646 712
702 658
643 732
697 665
698 669
681 702
642 760
767 651
879 580
695 731
723 692
798 644
785 663
746 688
652 796
559 1051
927 592
722 736
741 729
1277 500
836 666
783 730
731 758
728 770
816 705
724 790
726 794
717 820
720 821
788 745
683 896
903 679
896 685
827 740
787 772
757 803
802 754
630 1068
781 791
771 805
811 762
880 726
831 753
739 848
820 781
832 779
789 819
734 891
874 749
858 767
801 826
967 713
736 925
807 827
755 910
793 843
887 763
822 832
752 930
900 755
742 960
796 899
838 851
824 886
842 858
854 853
856 850
909 809
943 798
849 890
991 752
782 981
861 874
881 842
809 954
936 816
876 854
914 822
711 1110
886 857
968 810
815 973
946 833
847 945
935 840
908 852
1086 742
899 875
970 823
893 895
1040 765
941 866
1016 799
958 863
926 897
867 962
1030 802
895 931
907 918
922 909
989 835
749 1123
1068 783
925 916
906 938
974 859
719 1194
972 877
904 949
957 911
923 943
976 885
939 939
930 942
948 934
883 990
969 921
885 1010
981 914
938 959
1004 870
1011 900
965 980
954 1005
975 972
986 965
1018 933
928 1040
1053 903
1114 845
1041 919
978 998
892 1096
931 1072
1052 935
1021 967
805 1222
977 1047
1107 917
1001 1017
915 1115
1039 992
1050 988
878 1161
1048 1002
942 1126
1002 1078
1163 906
1101 977
1055 1028
1034 1053
901 1168
985 1102
1067 1025
846 1271
1006 1095
1046 1059
1038 1066
1084 1026
979 1124
1035 1083
1005 1106
1060 1077
1190 924
1147 968
1223 898
1123 1018
962 1169
1098 1048
1025 1108
1125 1043
1029 1149
1146 1038
1313 908
1078 1116
1020 1158
1162 1031
1063 1139
1359 905
1260 971
1047 1185
1195 1045
1043 1188
1235 1014
1186 1064
1120 1134
1167 1090
1588 836
1115 1150
1089 1167
1494 893
1160 1103
919 1449
1140 1145
1338 999
1024 1281
1204 1098
1149 1153
1427 974
1152 1156
1248 1086
1501 952
1132 1226
1219 1129
1392 1057
1145 1218
1124 1261
1131 1262
1177 1183
1100 1287
1276 1122
1116 1282
1169 1202
1201 1176
1117 1301
1166 1231
1194 1210
1137 1292
1441 1092
1452 1087
1236 1173
1333 1131
1206 1201
1091 1429
1187 1248
1240 1193
1228 1211
1080 1473
1350 1159
1314 1178
1214 1253
1323 1198
1283 1230
1245 1263
1196 1319
1584 1099
1280 1258
1463 1157
1372 1208
1516 1148
1211 1324
1266 1278
1224 1345
1193 1403
1411 1213
1250 1323
1401 1234
1189 1437
999 1787
1605 1140
1300 1313
1188 1466
1330 1299
1437 1238
1414 1257
1297 1333
1244 1400
1261 1383
1355 1307
1299 1378
1265 1416
1319 1363
1307 1380
1388 1317
1484 1269
1408 1316
1741 1120
1306 1431
1282 1468
1390 1350
1428 1331
1351 1412
1371 1388
1373 1382
1294 1478
1326 1444
1758 1119
1370 1419
1548 1273
1524 1297
1346 1476
1448 1367
1205 1621
1363 1463
1462 1360
1402 1450
1444 1413
1783 1075
1479 1392
1209 1665
1222 1686
1435 1458
1487 1441
1521 1404
1526 1408
1442 1490
1412 1517
1400 1536
1434 1512
1430 1528
1529 1453
1499 1483
1396 1572
1424 1569
1619 1371
1514 1486
1644 1372
1615 1406
1594 1434
1744 1277
1695 1341
1475 1560
1547 1499
1743 1302
1450 1598
1687 1381
1466 1584
1570 1496
1662 1433
1426 1650
1511 1570
1425 1679
1666 1442
1577 1538
1632 1494
1589 1556
1595 1567
1563 1594
1539 1634
1467 1716
1597 1576
1562 1617
1745 1424
1446 1749
1541 1660
1507 1711
1500 1726
1609 1609
1555 1693
1564 1683
1585 1661
1663 1585
1527 1736
1732 1522
1685 1578
1722 1559
1734 1548
1616 1671
1686 1607
1735 1561
1623 1685
1671 1625
1675 1636
1728 1580
1643 1701
1558 1776
1701 1637
1645 1707
1607 1742
1723 1608
1613 1741
1697 1653
1720 1642
1612 1780
1617 1777
1698 1720
1759 1633
1642 1803
1769 1647
1752 1755
1727 1785
1777 1619
1730 1796
1773 1691
1763 1798
1780 1807
251570085 1636735110
1
sift 56
9 6
124 100
11 11
165 124
31 33
236 138
314 101
209 218
285 201
218 207
416 270
302 211
418 352
232 284
738 313
286 319
526 631
277 401
949 553
333 367
770 699
381 440
1268 516
475 416
1291 1165
398 471
1658 966
632 407
1601 1205
926 599
658 946
811 736
793 806
1123 607
824 820
895 819
922 812
984 795
784 1338
969 1114
781 1498
1370 789
1051 1116
1502 830
1524 816
1219 1065
1140 1155
1296 1049
1093 1317
1194 1149
1207 1194
1508 1539
1597 1580
1504 1721
1570 1791
1689 1787
251570085 1643728630
1
sift 61
578 558
206 219
85 78
274 178
134 115
661 613
222 212
185 239
380 434
275 410
758 673
987 702
277 421
573 581
333 432
932 792
345 445
675 780
480 559
1022 832
609 507
1109 895
300 1946
611 657
580 721
697 663
570 864
785 788
798 811
1271 667
970 844
858 954
978 899
1013 910
941 986
979 953
1024 951
1010 999
976 1074
1119 1159
1183 1166
1155 1286
1180 1258
1422 1123
1235 1318
1123 1528
1584 1142
1166 1516
1243 1475
1280 1573
1428 1438
1417 1584
1741 1447
1537 1707
1644 1607
1627 1684
1570 1816
1685 1718
1745 1612
1763 1569
1752 1768
251570085 1716575903
1
sift 129
120 91
206 240
15 25
85 99
61 72
19 23
320 218
987 1018
22 47
298 299
109 107
33 52
1023 1362
50 51
380 472
176 193
41 75
63 58
495 519
181 198
71 92
75 93
667 535
170 246
83 117
114 150
675 970
258 269
134 130
150 132
1732 1140
284 316
166 138
163 184
397 382
256 148
182 220
390 438
187 228
193 223
399 424
190 234
199 256
653 403
185 293
293 195
540 520
270 263
277 280
507 574
251 313
269 358
640 767
295 343
311 344
832 1114
331 380
278 492
938 1219
346 372
318 476
1224 1320
339 468
417 375
1245 1492
345 684
369 628
1266 1615
433 676
536 533
1319 1677
609 506
820 436
1283 1746
336 1641
573 803
624 872
651 842
580 973
618 968
611 1064
575 1179
701 971
762 885
591 1237
695 1007
792 867
727 940
697 1023
570 1546
671 1198
728 1224
577 1908
798 1166
726 1391
730 1423
830 1301
785 1430
811 1480
1144 1042
961 1295
885 1444
817 1687
917 1499
1035 1299
925 1570
944 1565
858 1834
970 1535
922 1685
1029 1445
909 1780
968 1779
936 1899
904 1969
1024 1675
978 1861
1016 1812
1013 1877
1107 1712
1046 1876
1149 1741
1050 2002
1236 1672
1055 2064
1370 1571
1123 2046
1162 2045
1434 1733
251570085 1785851268
1
sift 731
56 81
4 10
0 1
103 103
9 17
1 3
298 331
11 21
12 19
206 219
20 41
15 26
320 353
25 44
19 37
539 559
31 65
21 42
578 575
62 78
24 38
661 668
79 101
26 48
758 728
82 122
23 52
1022 1089
110 135
28 54
932 846
112 143
29 56
1109 1027
128 163
27 62
125 178
36 57
141 184
41 59
143 179
42 61
149 176
40 70
159 188
44 60
188 213
50 72
183 227
49 76
186 234
58 82
189 237
63 88
203 232
64 92
208 259
70 89
211 258
71 90
216 308
68 96
235 279
72 98
242 285
76 95
248 304
75 99
274 303
69 105
268 318
80 102
314 284
85 100
304 321
87 108
301 323
83 110
289 345
78 118
280 367
90 114
290 359
94 117
309 341
97 125
341 315
105 121
337 334
111 124
285 417
109 128
358 411
101 133
355 419
88 160
378 397
102 139
371 418
107 140
418 423
166 107
474 389
117 146
367 483
116 149
388 469
115 151
406 459
122 153
405 475
127 159
416 470
131 152
526 420
137 157
404 509
123 180
451 485
129 172
466 499
134 166
492 504
132 174
584 463
142 170
477 551
157 162
530 534
152 185
509 618
150 193
558 629
146 198
615 662
135 212
645 670
162 196
636 688
171 202
738 665
185 201
709 685
170 209
700 738
191 203
685 764
193 208
956 595
181 221
770 719
190 218
888 683
177 243
865 717
180 245
745 842
187 236
810 868
169 257
786 943
192 247
765 969
198 241
1122 695
184 263
851 905
209 230
772 1039
200 246
863 920
195 252
694 1193
201 249
840 962
210 235
872 959
204 253
951 902
213 233
995 856
205 283
949 922
218 266
987 1016
278 217
920 1109
306 228
800 1290
228 288
1059 1013
230 282
1072 1024
336 214
990 1104
229 322
1019 1101
246 300
940 1322
267 277
1381 928
250 301
1102 1192
223 338
1465 1018
253 306
1268 1213
269 294
1495 1100
276 297
1357 1204
258 311
1317 1255
261 310
1291 1286
282 307
1251 1501
272 316
1344 1437
277 312
1332 1483
264 328
1513 1594
308 302
1658 1598
241 365
255 364
284 332
286 336
273 351
271 369
295 361
323 346
394 299
324 354
299 394
344 350
330 371
327 378
376 339
328 380
294 437
334 375
310 414
350 362
329 387
331 396
369 368
325 416
339 392
332 407
340 391
351 383
391 377
361 398
326 468
345 441
381 412
364 424
495 348
379 431
384 425
411 410
386 443
395 438
397 440
430 404
321 539
390 453
410 439
346 495
398 466
399 465
400 478
460 435
438 447
424 471
482 433
423 474
465 472
413 547
559 448
514 479
468 506
563 458
475 508
446 535
566 477
473 529
421 624
467 571
513 514
507 517
504 522
542 507
506 542
511 548
521 526
480 596
531 528
517 555
510 567
516 558
497 583
518 563
608 496
547 533
454 687
568 550
573 545
540 591
569 557
575 549
548 581
537 610
552 592
523 636
612 541
554 605
719 494
488 716
585 585
555 620
579 599
580 611
643 574
634 588
609 603
602 612
651 580
742 515
593 626
586 631
581 643
562 682
564 689
610 628
650 600
633 619
544 729
613 650
619 642
637 634
632 648
635 659
640 658
614 673
665 640
525 865
631 690
652 669
674 655
706 622
687 656
663 674
702 644
618 713
724 623
697 663
675 675
664 692
592 784
768 617
653 711
713 679
809 614
644 755
570 890
676 726
688 737
678 759
731 696
698 745
775 681
628 869
723 715
739 708
836 666
722 739
730 740
781 700
750 720
693 811
762 724
752 733
630 941
729 767
801 698
682 839
756 746
673 864
796 710
717 827
681 884
707 841
793 761
787 769
789 770
838 744
860 722
824 762
783 798
737 844
830 765
784 814
816 774
814 786
822 782
919 705
741 897
670 1045
832 801
831 804
893 753
726 933
811 834
827 828
806 863
837 831
853 826
802 880
771 929
861 830
839 854
845 843
842 849
991 727
846 848
849 847
906 792
901 807
820 899
850 878
947 790
797 940
825 915
805 945
979 783
876 873
964 799
877 877
905 840
854 906
895 855
856 919
867 893
744 1058
886 879
799 995
883 887
931 871
778 1052
930 882
896 918
914 896
885 930
858 983
882 952
975 858
958 883
891 944
989 857
946 909
874 1000
917 954
760 1155
887 994
909 976
962 946
878 1032
941 967
954 961
936 980
929 992
969 957
980 942
761 1212
922 1014
968 985
1361 706
1018 925
1187 778
1093 875
1011 934
1030 924
718 1406
1020 932
879 1093
976 1019
961 1041
1048 935
1040 949
1035 956
767 1327
1002 996
1005 997
1045 958
1039 977
1014 1012
1055 964
1025 1006
1004 1025
984 1053
1071 965
794 1326
1135 908
1007 1036
918 1125
967 1092
1043 1010
972 1086
1038 1020
981 1091
1001 1065
903 1177
1053 1030
1100 999
1029 1056
1051 1043
866 1274
1137 978
1012 1096
1089 1044
1041 1075
1362 829
974 1158
923 1216
1156 966
1068 1064
1016 1116
1034 1099
1107 1040
1132 1026
1603 757
1010 1124
1190 951
1017 1121
1162 981
1021 1123
1052 1098
1115 1051
1084 1084
1101 1069
1265 913
1066 1102
1496 819
907 1306
1076 1114
1309 910
1142 1049
1119 1080
1080 1120
1024 1176
1047 1150
1123 1085
1116 1112
1359 923
880 1458
1569 832
1046 1190
1131 1118
1078 1181
1083 1183
1013 1250
1117 1151
1269 1017
1125 1161
1200 1077
1140 1160
1222 1088
1165 1139
1406 1001
1086 1278
1099 1263
1146 1196
1235 1107
1096 1277
1149 1198
1186 1163
1189 1165
1180 1178
1196 1167
1224 1141
1176 1191
1193 1175
1212 1174
1194 1205
1241 1166
1293 1135
1147 1292
1274 1157
1145 1321
1191 1247
1207 1237
1188 1269
1219 1239
1210 1248
1124 1430
1261 1208
1201 1271
1160 1368
1452 1122
1323 1209
1256 1254
1205 1333
1245 1265
1400 1172
1320 1229
1342 1215
1372 1194
1214 1352
1330 1234
1480 1154
1266 1282
1379 1211
1326 1249
1060 1614
1401 1217
1283 1314
1307 1279
1350 1252
1308 1284
1306 1288
1300 1301
1221 1393
1289 1335
1506 1184
1314 1324
1195 1451
1470 1206
1436 1231
1144 1543
1166 1517
1353 1310
1278 1380
1152 1548
1557 1187
1313 1371
1632 1143
1397 1307
1198 1498
1292 1403
1365 1347
1260 1435
1375 1342
1294 1420
1442 1300
1339 1397
1407 1344
1412 1336
1280 1446
1290 1441
1410 1345
1236 1511
1299 1467
1542 1258
1437 1362
1461 1357
1650 1214
1387 1425
1371 1447
1487 1364
1515 1349
1425 1424
1478 1395
1384 1472
1349 1503
1370 1485
1721 1202
1534 1359
1404 1473
1454 1440
1463 1436
1573 1353
1472 1428
1511 1405
1765 1137
1360 1535
1484 1449
1457 1475
1491 1453
1574 1388
1396 1518
1449 1493
1428 1526
1435 1530
1597 1409
1637 1378
1533 1478
1475 1523
1499 1516
1363 1603
1584 1457
1585 1465
1742 1316
1431 1572
1644 1422
1527 1520
1507 1533
1645 1439
1411 1604
1434 1595
1577 1502
1749 1338
1663 1434
1460 1575
1368 1626
1514 1556
1468 1588
1423 1621
1570 1549
1623 1513
1653 1495
1579 1552
1687 1480
1681 1489
1562 1573
1519 1605
1620 1563
1732 1504
1640 1593
1680 1569
1738 1537
1731 1550
1686 1615
1666 1618
1714 1606
1595 1633
1776 1490
1770 1547
1689 1640
251570085 1861578657
1
sift 140
120 105
206 238
15 15
298 299
807 664
19 19
320 298
26 33
539 620
36 47
661 838
24 57
869 932
33 58
1109 1358
54 55
1732 1668
50 60
45 78
75 89
70 124
83 109
76 122
92 99
109 85
113 81
89 161
99 145
108 142
115 172
176 186
181 201
190 224
198 227
185 271
228 218
237 264
258 250
277 241
284 281
295 284
262 308
311 311
346 294
399 286
333 407
269 558
339 420
605 278
390 390
462 334
323 485
361 426
397 396
417 374
386 415
595 313
345 626
482 449
540 441
433 586
507 510
755 387
384 747
437 625
536 523
620 467
609 474
542 575
415 791
598 517
820 457
480 789
479 812
641 709
591 760
560 873
580 821
805 612
565 1066
611 938
575 1076
792 766
697 918
728 878
624 1097
695 978
619 1128
832 802
724 963
613 1214
742 1075
731 1150
811 1041
936 926
817 1065
730 1295
1005 941
785 1267
938 1048
885 1131
917 1109
1004 1009
900 1148
858 1307
726 1634
848 1396
1052 1078
925 1249
974 1183
1271 917
929 1297
881 1390
798 1585
801 1619
970 1315
1035 1195
898 1453
1692 818
978 1488
979 1489
1053 1338
1079 1345
906 1633
930 1620
941 1632
1048 1462
1050 1567
1190 1360
1245 1278
1266 1305
1283 1320
1191 1550
1492 1299
1319 1466
1243 1545
1388 1460
1554 1347
1387 1576
1637 1616
251570085 1906096636
1
sift 855
56 59
4 3
1 2
222 263
9 8
7 4
298 326
11 10
12 12
578 618
31 45
14 17
661 691
37 46
15 16
933 968
79 77
17 22
1022 1162
86 102
19 29
1109 1105
82 110
21 31
1286 1120
93 108
23 36
110 121
28 38
112 134
29 37
124 120
30 35
128 143
27 42
125 148
33 39
141 163
36 43
153 156
38 47
149 168
41 49
155 187
42 50
159 185
44 51
173 197
58 61
183 206
63 65
186 210
57 78
188 207
64 67
189 218
68 70
202 220
75 64
203 227
70 69
206 225
71 76
201 232
59 98
208 240
72 81
211 243
73 79
220 257
69 87
227 253
76 82
235 265
89 68
242 274
80 86
239 287
85 85
248 285
78 93
268 303
83 100
285 294
87 95
280 333
90 105
289 320
88 116
247 381
96 103
296 330
94 107
290 336
119 80
301 321
97 113
309 325
99 111
337 296
102 123
304 344
104 122
240 441
111 119
319 390
101 127
358 410
107 129
371 408
109 128
396 388
113 136
378 409
115 137
355 432
116 139
367 439
117 140
375 447
118 138
418 394
122 142
388 451
127 144
406 454
123 150
405 465
129 155
404 481
134 147
416 471
166 132
526 407
132 154
451 484
137 151
477 515
131 166
466 526
142 159
509 556
135 170
470 536
152 161
530 543
146 171
442 684
157 160
550 560
150 178
535 614
158 181
553 629
160 183
576 608
162 189
558 630
205 179
700 535
180 190
615 652
171 191
636 692
175 200
639 709
169 211
645 717
194 193
666 716
168 221
709 696
177 212
738 680
167 228
770 731
185 208
685 807
191 202
753 756
192 204
786 753
190 209
725 822
181 229
745 809
187 226
810 852
195 214
800 891
184 236
851 869
182 244
888 830
198 223
865 866
178 248
863 910
200 230
995 794
210 231
956 844
209 237
872 934
196 252
920 997
213 234
1122 857
204 262
949 1078
218 251
987 1030
221 256
1019 1014
230 255
1059 992
259 235
1102 1002
228 268
884 1273
236 269
1082 1142
223 289
1072 1167
229 290
1171 1199
234 282
1125 1247
246 271
1315 1137
214 341
1127 1453
276 270
1159 1378
233 310
1268 1267
212 375
1381 1269
267 275
1317 1340
257 293
1251 1434
269 284
1495 1254
258 295
1291 1523
245 312
1332 1585
315 260
1483 1474
261 298
1279 1692
241 323
1513 1584
272 308
1657 1674
277 309
1324 1823
273 311
1590 1806
251 349
1757 1804
306 292
271 318
255 355
284 319
286 315
308 306
252 384
295 345
250 401
323 313
317 327
310 354
353 299
344 314
376 305
336 348
324 362
260 456
325 363
331 360
328 366
334 365
299 413
329 371
326 383
361 358
343 374
394 342
364 372
339 393
340 392
350 389
332 423
346 412
365 403
369 404
351 420
391 402
345 459
379 418
384 429
390 433
430 396
400 434
330 518
397 444
484 376
411 431
429 411
399 457
417 435
398 464
386 474
410 469
495 400
424 461
423 466
465 450
372 530
415 492
435 477
438 487
457 473
413 508
452 486
460 489
389 569
482 478
475 496
455 506
468 512
401 597
514 490
454 549
467 538
472 523
480 532
510 513
476 542
563 494
513 520
506 533
718 427
504 554
507 550
518 540
533 534
501 574
500 575
517 570
516 573
486 625
531 562
521 572
456 677
529 577
540 582
537 586
552 576
542 594
543 593
575 557
547 587
554 579
548 591
612 525
573 567
488 690
523 634
544 610
362 1101
562 589
536 628
568 598
618 548
569 609
625 551
555 622
453 788
601 590
593 606
585 620
604 601
719 522
580 637
499 766
597 633
567 675
579 651
588 648
599 643
508 780
603 640
565 719
581 676
564 734
613 658
610 660
632 656
609 667
642 655
602 687
637 663
638 664
589 723
635 673
606 703
614 708
651 659
688 641
631 693
640 695
634 712
570 784
664 668
714 638
591 758
658 700
643 736
652 721
674 698
675 707
663 720
703 683
673 728
678 724
687 722
742 657
702 713
767 654
608 802
724 685
653 757
676 749
693 745
701 741
624 816
697 752
648 793
845 647
720 742
670 799
726 755
682 795
723 760
844 674
751 748
776 739
717 782
722 773
769 750
611 949
698 815
768 767
783 763
809 751
775 769
762 778
683 879
729 817
731 823
744 810
784 786
830 764
852 754
752 820
681 944
838 770
843 768
780 813
796 803
771 833
616 1114
749 860
815 808
789 827
801 814
734 888
741 885
831 812
824 829
655 1094
827 831
816 841
825 837
754 925
822 850
793 874
781 899
842 842
692 1070
832 854
812 882
802 900
837 875
774 952
792 932
853 868
811 917
846 878
820 924
875 861
1158 702
919 839
854 912
839 933
850 927
948 828
778 1008
876 880
906 855
901 862
930 856
883 902
760 1081
867 940
1011 811
861 954
804 1023
874 939
895 913
794 1041
885 935
903 920
908 915
892 937
870 960
917 921
878 957
914 930
958 894
799 1088
857 1004
991 867
761 1152
879 988
964 919
856 1036
898 971
896 977
909 964
1165 771
922 969
936 966
886 1019
961 950
881 1027
915 986
904 1011
893 1024
941 987
926 994
900 1022
939 991
887 1047
979 956
940 1001
931 1009
927 1020
969 983
975 970
1045 908
968 990
1093 881
877 1106
986 978
797 1213
923 1053
866 1127
978 1007
747 1323
1048 941
748 1330
1190 818
1004 984
947 1074
967 1048
946 1084
1030 979
1135 893
1101 936
985 1051
1033 989
1012 1018
976 1080
907 1144
1002 1046
880 1194
1018 1032
1017 1035
1006 1061
899 1188
1035 1042
1005 1075
1099 985
984 1115
937 1172
928 1176
1020 1071
1001 1097
1029 1085
1142 958
1041 1069
1060 1062
1043 1082
1071 1057
1050 1072
1038 1100
1187 946
1079 1089
1084 1086
966 1205
1066 1098
974 1203
1100 1079
1098 1091
1361 877
1064 1118
1603 792
1053 1139
1034 1164
1117 1092
912 1306
1068 1134
1013 1187
1055 1153
1132 1093
996 1214
1162 1039
918 1325
1039 1181
1076 1158
1021 1209
1046 1197
1123 1141
1052 1208
1196 1065
1422 945
1065 1225
1115 1196
1107 1200
1265 1058
1131 1220
1140 1206
1156 1195
1222 1129
1195 1165
1235 1145
1149 1236
1298 1124
1137 1275
1194 1204
1261 1156
1200 1201
1145 1268
1086 1393
1134 1302
999 1541
1139 1294
1269 1169
1136 1316
1163 1276
1147 1303
1155 1291
1024 1546
1554 1049
1153 1331
1210 1246
1075 1514
1150 1358
1089 1520
1588 1063
1362 1182
1219 1263
1193 1295
1309 1211
1207 1289
1124 1487
1307 1227
1188 1339
1211 1305
1242 1272
1202 1327
1191 1354
1369 1212
1274 1262
1096 1568
1224 1321
1214 1338
1205 1351
1359 1233
1228 1335
1212 1345
1144 1510
1313 1264
1256 1307
1152 1498
1160 1484
1459 1202
1582 1160
1520 1192
1387 1260
1406 1259
1245 1389
1372 1288
1266 1377
1342 1317
1524 1217
1306 1369
1254 1427
1250 1431
1270 1421
1349 1347
1244 1448
1480 1255
1432 1285
1319 1380
1437 1280
1401 1309
1386 1320
1442 1279
1283 1420
1408 1313
1323 1394
1412 1318
1276 1456
1236 1500
1294 1443
1400 1344
1293 1451
1350 1402
1391 1365
1330 1423
1436 1333
1289 1482
1508 1281
1339 1432
1379 1399
1371 1414
1280 1519
1426 1384
1435 1385
1452 1374
1542 1304
1326 1508
1370 1465
1441 1396
1470 1372
1573 1293
1353 1496
1418 1430
1273 1567
1496 1361
1505 1363
1374 1513
1338 1551
1424 1488
1384 1522
1515 1412
1710 1250
1282 1646
1375 1545
1476 1479
1487 1467
1584 1379
1327 1630
1395 1563
1565 1407
1466 1507
1484 1494
1462 1534
1410 1581
1687 1336
1409 1607
1430 1593
1260 1752
1721 1315
1455 1579
1425 1633
1411 1649
1613 1439
1629 1442
1557 1526
1427 1654
1475 1601
1468 1614
1561 1538
1499 1587
1296 1781
1570 1539
1539 1572
1453 1660
1577 1547
1650 1493
1431 1700
1526 1608
1644 1503
1399 1731
1514 1624
1597 1544
1516 1626
1681 1491
1368 1783
1541 1641
1464 1708
1479 1704
1346 1800
1428 1754
1533 1664
1645 1548
1680 1532
1555 1653
1642 1565
1491 1730
1463 1748
1507 1718
1585 1670
1527 1735
1637 1638
1548 1720
1511 1755
1640 1645
1562 1716
1654 1634
1741 1537
1529 1763
1448 1807
1623 1689
1609 1698
1620 1695
1725 1599
1599 1738
1617 1733
1732 1620
1706 1672
1666 1707
1693 1693
1723 1659
1639 1750
1671 1727
1744 1651
1758 1603
1695 1729
1673 1760
1688 1757
1734 1706
1749 1675
1727 1728
1765 1595
1698 1808
1714 1801
1781 1561
1730 1811
251570085 2095558067
1
sift 111
539 515
206 195
29 49
222 205
50 50
578 557
987 884
69 87
495 280
85 80
661 674
75 86
758 820
104 91
819 780
134 118
932 995
193 199
1022 1018
192 209
1109 1110
185 238
252 211
1732 1378
230 317
277 332
331 293
265 403
317 441
323 432
332 458
380 410
345 583
482 501
373 755
415 651
433 600
573 587
472 837
500 841
480 967
516 927
536 876
564 865
575 842
580 889
618 818
675 833
619 939
637 931
611 1081
762 829
613 1102
731 914
742 907
624 1138
697 1051
730 1011
735 996
707 1114
1005 906
815 1163
784 1286
962 1059
885 1160
801 1319
817 1308
811 1338
1079 1044
943 1197
838 1438
1271 891
1020 1127
1035 1113
899 1302
893 1371
906 1341
798 1627
1048 1158
892 1462
936 1443
925 1463
917 1491
996 1310
1045 1244
858 1644
978 1403
1024 1300
954 1485
968 1477
904 1580
991 1427
1052 1323
970 1525
1006 1442
1075 1337
946 1703
1117 1416
1149 1357
1025 1632
1029 1629
901 1758
1200 1307
1306 1304
1260 1375
1269 1434
1309 1424
1370 1437
1289 1582
1442 1674
1682 1726
