278451837 670484749
1
sift 98
84 170
114 179
157 278
102 243
420 890
141 192
227 400
182 193
657 1414
191 232
1067 1716
197 239
202 267
211 295
277 302
339 334
285 397
307 428
246 743
488 365
304 734
326 754
436 563
485 554
533 537
472 584
473 589
393 687
316 1063
555 586
547 598
464 679
462 686
563 634
414 840
568 659
352 1094
429 843
666 603
426 937
442 908
621 673
532 782
653 666
343 1528
762 616
832 626
609 872
542 1006
675 787
641 845
918 667
476 1227
774 769
417 1669
461 1518
528 1301
1052 696
859 822
518 1538
673 1099
550 1525
603 1387
592 1455
671 1309
576 1686
960 959
712 1257
644 1500
716 1317
1220 842
1060 974
1039 1070
995 1141
1150 1028
777 1502
914 1299
779 1626
1188 1082
963 1310
1031 1224
881 1561
1505 1007
1164 1206
1645 1012
974 1572
1343 1216
1083 1454
1135 1463
1229 1420
1102 1574
1325 1363
1279 1431
1309 1511
1260 1701
1523 1480
1626 1514
1575 1756
278451837 874093608
1
sift 92
282 1185
21 89
224 196
355 299
385 309
296 413
349 360
406 327
356 448
494 386
398 547
305 907
396 585
588 515
577 572
492 702
442 814
405 929
668 579
639 633
612 684
659 647
472 982
592 817
576 848
730 657
485 1205
551 994
644 820
541 1106
1092 545
942 606
507 1304
806 767
672 987
846 780
857 809
721 1010
716 1030
1499 574
887 841
1381 614
768 1008
807 971
763 1071
712 1257
1118 768
872 975
829 1033
702 1390
705 1381
1317 739
935 993
726 1377
973 1017
1111 930
1179 901
883 1213
1145 927
852 1273
1397 811
1415 799
1254 894
1222 920
945 1197
777 1539
976 1193
1378 861
1025 1088
936 1321
1453 882
1181 1055
1071 1161
1355 999
1070 1260
1127 1243
1061 1310
1657 895
1152 1383
1265 1302
1385 1271
1495 1187
1641 1128
1416 1444
1529 1347
1299 1554
1376 1521
1483 1470
1539 1420
1478 1508
1551 1482
1292 1579
278451837 1115818466
1
sift 238
77 48
84 69
33 18
28 30
240 282
88 86
37 24
49 33
638 176
156 136
48 37
54 55
446 860
375 299
83 65
105 72
420 322
107 78
103 90
657 532
113 84
115 87
690 629
137 76
119 101
769 582
128 98
136 107
853 813
139 106
141 114
1007 718
143 117
160 121
937 807
177 139
163 162
924 896
186 141
198 144
1049 936
191 172
203 161
1112 945
211 171
246 183
1050 1034
227 203
243 191
1289 929
267 184
238 207
1262 1011
253 217
248 220
1335 1057
270 210
257 258
1516 1133
309 235
311 244
1581 1171
384 245
316 290
352 263
382 256
383 273
415 262
376 285
402 275
429 269
372 311
373 313
434 304
500 286
451 312
393 361
510 295
414 358
455 333
444 344
523 302
433 364
443 374
462 362
480 359
563 320
461 392
487 379
426 412
533 347
532 369
568 372
585 366
613 354
666 377
555 430
629 399
621 406
732 380
689 401
628 421
750 393
630 436
640 460
880 386
674 448
668 457
714 441
687 473
600 553
730 465
677 496
1065 384
636 541
708 491
615 584
648 544
660 546
838 451
727 508
733 513
918 437
591 674
756 503
795 498
806 512
752 568
859 514
968 483
830 578
858 567
1075 476
923 547
884 573
812 639
1012 525
974 559
993 555
1060 520
997 579
903 637
1027 558
860 661
706 862
939 642
940 651
1096 562
995 616
969 649
1071 592
1175 560
1033 635
908 754
1103 614
1145 610
992 687
1188 622
1183 630
1028 693
1101 668
1430 575
901 897
1067 714
1326 623
1082 725
977 881
1097 745
1095 750
1279 662
1211 690
1135 751
1244 686
1024 850
1550 597
1180 726
1283 676
1127 772
1021 893
1118 818
1260 737
1014 937
1254 752
1179 819
1280 758
1106 876
1499 669
1276 769
1108 904
1240 831
1645 660
1247 865
1379 786
1294 861
1230 901
1404 791
1557 713
1331 858
1274 885
1513 768
1370 873
1203 998
1354 900
1496 837
1505 832
1529 820
1378 924
1345 975
1317 995
1576 834
1311 1007
1446 916
1584 855
1465 943
1415 988
1540 905
1450 990
1384 1022
1497 983
1521 969
1510 986
1436 1039
1452 1025
1551 974
1457 1056
1522 1006
1440 1079
1504 1059
1663 926
1453 1098
1472 1099
1677 931
1534 1087
1548 1090
1476 1142
1541 1123
1458 1176
1562 1179
278451837 1279412758
1
sift 110
84 135
182 177
88 128
231 302
156 224
195 429
158 243
232 351
166 235
310 330
420 936
245 459
657 1246
260 457
690 1301
304 398
747 1256
287 464
813 1441
285 521
937 1289
406 389
853 1460
351 437
385 407
308 518
356 496
349 510
365 491
354 547
374 525
333 643
464 481
307 831
417 575
297 1019
494 540
577 607
512 682
436 786
588 618
413 894
492 851
485 916
733 679
614 787
710 710
598 903
1029 594
836 685
780 722
576 1070
467 1457
744 798
741 857
707 919
529 1397
672 1061
716 1000
601 1309
632 1191
998 771
645 1179
673 1141
942 895
621 1413
886 961
831 1021
1032 820
878 972
705 1220
768 1213
712 1366
807 1221
777 1287
857 1331
881 1296
1499 844
1381 885
1070 1055
1172 1018
968 1226
949 1278
945 1361
1118 1114
1115 1122
944 1423
1316 1063
1179 1156
1231 1136
1248 1153
1576 1026
1105 1402
1207 1316
1159 1380
1392 1173
1355 1248
1317 1313
1370 1298
1504 1212
1445 1275
1071 1602
1141 1560
1538 1234
1495 1288
1415 1365
1633 1190
1486 1321
1519 1325
1453 1400
278451837 1636735110
1
sift 267
84 110
18 26
227 305
32 25
88 130
37 41
420 516
49 65
156 211
78 98
690 1147
83 99
657 1037
115 114
697 1344
114 129
769 1209
105 134
1289 1884
119 138
1007 1289
107 151
128 136
853 1747
141 155
148 165
925 1591
187 207
197 223
1112 1793
188 244
198 234
191 260
203 248
211 232
202 272
248 324
246 386
245 416
243 430
285 376
272 411
263 432
279 424
273 445
327 388
307 435
300 479
287 546
323 469
488 405
382 448
309 639
358 498
454 439
500 434
355 592
434 490
373 612
429 518
398 570
368 647
406 595
411 598
436 556
473 522
485 519
414 641
433 616
378 710
462 597
423 668
386 757
564 539
380 804
547 568
563 590
555 617
476 718
588 609
456 779
439 817
529 694
481 753
568 675
458 799
505 743
461 815
666 584
486 813
492 795
631 634
468 881
494 836
538 763
447 981
475 946
652 672
621 706
528 875
546 847
750 620
612 751
641 725
732 663
609 780
518 1015
607 810
879 601
536 996
550 993
615 862
675 800
640 880
630 924
524 1186
762 755
508 1258
606 1054
659 929
576 1129
639 950
629 989
673 923
603 1073
600 1106
859 758
881 768
716 945
712 964
583 1355
1065 723
740 1026
775 968
918 825
803 953
1064 747
713 1119
682 1172
677 1196
898 930
714 1149
662 1265
806 1065
915 941
678 1269
914 944
863 1018
1198 760
1075 826
886 1050
974 948
857 1087
846 1095
777 1178
748 1243
774 1211
765 1230
614 1756
1197 832
759 1284
724 1394
995 1070
981 1092
795 1324
1027 1023
952 1143
1220 932
1096 997
830 1325
855 1326
1175 998
942 1215
792 1520
893 1327
963 1222
814 1486
824 1466
968 1238
1129 1077
884 1379
778 1682
878 1401
997 1228
808 1601
1039 1162
1272 1030
987 1262
916 1420
917 1433
831 1676
1215 1114
908 1549
875 1645
1006 1347
1067 1254
1274 1128
1033 1318
1319 1109
852 1795
951 1561
1188 1189
1080 1315
1025 1440
993 1568
1156 1323
903 1819
1150 1342
1333 1194
935 1801
1201 1311
1276 1249
1115 1411
1164 1353
1031 1572
1102 1470
1021 1653
1398 1197
969 1810
1106 1503
1459 1176
1135 1519
1032 1688
939 1910
1343 1321
1148 1583
1557 1191
1070 1715
1108 1679
1183 1556
1140 1666
1229 1525
1279 1468
1242 1555
1278 1516
1143 1750
1256 1621
1265 1661
1254 1706
1138 1856
1505 1434
1451 1532
1294 1732
1523 1456
1510 1488
1310 1749
1179 1887
1280 1809
1587 1436
1331 1799
1213 1895
1513 1567
1521 1581
1388 1755
1325 1829
1418 1741
1497 1669
1405 1774
1301 1886
1417 1800
1601 1585
1465 1771
1663 1578
1634 1700
1499 1860
1671 1627
1677 1768
278451837 2019709110
1
sift 52
197 178
286 314
303 425
436 397
304 544
321 598
609 520
641 547
639 748
659 735
513 994
642 842
476 1267
673 850
703 1076
999 796
1071 776
1175 765
712 1237
1025 874
1326 787
963 965
713 1409
626 1841
887 1251
606 2097
787 1516
1083 1102
896 1369
912 1389
818 1627
1039 1234
935 1434
788 1770
1127 1247
1111 1321
1492 1067
973 1601
952 1828
1200 1433
1143 1518
1552 1203
1070 1674
907 2083
1149 1671
1472 1544
1453 1619
1265 1867
1338 1825
1273 1926
1495 1681
1514 1761
278451837 2124113243
1
sift 63
197 169
349 232
286 291
237 433
402 317
436 347
323 446
273 588
321 552
304 594
300 618
621 423
774 417
610 578
472 823
492 794
641 633
639 649
588 740
659 769
740 717
642 888
673 1085
703 1053
1486 607
1523 611
1071 755
1175 710
846 971
963 902
942 1072
999 1011
1025 972
626 1825
1059 1013
1326 887
935 1232
712 1624
606 2178
787 1519
886 1388
603 2290
1663 824
1127 1190
1182 1152
1256 1160
883 1634
1111 1370
1070 1438
1119 1431
907 1946
912 1939
973 1849
1143 1824
1061 1959
1083 1932
1551 1482
1273 1793
1515 1771
1265 2135
1495 2143
1455 2435
1573 2467
