304795499 411685623
1
sift 97
266 584
156 152
89 82
167 191
101 113
161 225
131 135
196 253
144 138
209 237
162 165
217 249
400 219
212 269
273 320
225 261
441 323
287 325
308 341
280 345
349 482
453 431
261 382
345 401
408 422
599 655
374 407
492 459
318 601
1031 1497
606 413
494 510
725 463
727 492
517 906
559 743
532 854
576 839
873 578
674 760
519 1026
814 680
552 1020
1113 699
597 937
714 807
837 955
839 756
1011 701
899 1053
788 874
713 1047
810 1460
1447 641
1194 745
927 1248
1160 802
1120 815
1260 1238
946 1017
895 1102
1798 1534
1062 930
1219 907
1593 1792
1070 1035
1369 885
1373 890
882 1445
1057 1197
1236 1034
1318 974
1208 1088
1149 1230
1040 1413
1297 1218
1419 1167
1205 1646
1459 1317
1648 1255
1838 1133
1708 1250
1547 1375
1542 1390
1806 1198
1351 1634
1795 1254
1416 1649
1645 1444
1846 1309
1810 1462
1565 1716
1731 1629
1696 1702
1526 1831
1774 1811
1819 1801
304795499 476880634
1
sift 113
15 40
19 36
26 64
23 37
120 147
38 62
143 170
81 94
161 181
87 98
130 270
115 104
188 232
92 127
211 185
111 130
209 251
139 136
217 220
187 192
196 279
180 290
212 275
214 312
225 248
314 243
244 280
236 310
258 314
260 298
261 327
255 300
280 343
194 495
242 397
276 336
339 307
232 467
264 369
356 381
326 364
343 357
320 375
463 359
431 435
308 385
345 362
331 460
461 442
374 383
424 457
426 398
444 478
408 414
365 567
384 461
652 538
404 513
524 506
659 387
599 590
494 458
547 528
517 464
635 639
564 490
558 544
563 583
936 782
575 599
674 629
571 610
902 867
662 589
692 648
1117 463
1204 742
740 625
612 818
726 722
1031 1045
875 598
785 861
840 682
1104 1042
866 678
734 957
952 667
1228 1123
803 786
904 825
1174 655
1284 1093
926 859
1113 889
1238 754
1324 1398
899 1108
1743 1535
1154 931
860 1240
1258 890
1517 877
1263 1127
1710 899
1144 1284
1297 1136
1119 1401
1504 1147
1422 1195
1299 1312
1260 1528
1515 1481
304795499 517252654
1
sift 111
143 121
139 100
115 159
135 129
161 190
133 184
167 211
108 254
196 198
236 240
212 208
255 244
209 271
283 231
240 253
400 289
258 276
261 274
280 357
353 321
341 364
384 343
493 358
532 288
398 448
463 312
431 441
358 479
635 633
470 540
506 513
754 388
599 677
764 397
524 564
537 509
1104 758
663 502
575 604
1005 392
782 1205
697 521
576 629
616 701
1031 1066
674 651
723 637
803 577
1228 1050
840 536
735 636
622 743
1573 1061
573 839
866 608
800 612
715 692
810 722
606 846
648 837
905 710
647 858
952 566
1113 661
880 620
618 935
1335 1333
742 778
1289 477
1695 1140
694 884
725 896
829 753
917 683
914 689
634 1082
828 838
998 771
1622 570
857 933
1059 786
1065 797
1154 796
948 943
884 1064
910 1043
1159 872
1298 795
1118 966
1036 1078
1136 1006
959 1234
1120 1114
1149 1117
1326 968
1258 1058
1728 914
1527 978
1794 916
1416 1097
1378 1180
1321 1243
1364 1213
1710 1029
1373 1325
1419 1315
1696 1215
1565 1307
1848 1087
1748 1309
1805 1352
304795499 528510916
1
sift 121
43 74
19 27
121 155
23 31
287 79
38 65
143 159
81 95
130 237
98 110
167 184
115 100
161 188
111 139
188 242
139 148
209 271
174 207
212 297
211 175
225 265
179 229
244 278
187 241
240 300
171 262
197 464
217 228
258 337
180 285
253 359
314 246
264 374
273 294
280 369
255 308
339 325
260 322
320 388
265 314
263 599
261 352
431 478
276 358
461 474
356 320
365 602
318 381
444 516
308 395
599 627
343 377
652 590
345 390
620 655
426 385
787 710
374 413
778 569
463 371
892 786
408 427
935 773
404 476
902 909
424 467
1031 1053
331 566
1228 1148
875 329
1390 1139
494 480
1324 1295
609 433
1417 1306
517 485
564 487
659 462
594 508
524 550
547 545
558 560
712 502
700 533
563 600
519 671
575 608
623 585
750 543
662 607
726 618
717 633
740 637
674 689
612 745
692 691
840 679
785 810
729 900
866 751
952 707
735 992
1265 673
904 850
926 862
1001 846
860 978
862 1159
1258 855
1113 1018
1144 1008
1154 999
1119 1105
1261 1128
1517 1013
1710 1034
1304 1282
1529 1211
1373 1359
1547 1345
1398 1624
304795499 579717169
1
sift 137
40 56
161 188
13 22
181 167
212 265
58 58
228 288
240 252
47 66
277 335
258 286
51 71
321 338
444 425
67 74
760 665
374 360
93 81
813 650
635 646
79 92
949 1678
547 593
105 96
940 764
101 108
1286 1187
692 546
126 126
118 150
575 694
131 139
224 245
674 618
333 240
335 277
723 636
410 243
282 312
740 689
336 343
385 317
1013 600
481 299
375 349
1113 814
332 399
438 334
338 422
441 364
489 398
386 488
485 410
578 377
675 373
511 431
508 437
698 411
536 475
854 370
586 484
657 472
624 500
887 442
625 553
847 492
708 616
931 502
831 544
923 517
710 733
830 623
945 591
1078 547
890 659
1205 577
1253 572
938 745
956 749
1389 562
903 823
1313 634
1254 670
1169 735
1168 756
1375 669
985 868
958 893
1148 831
1184 824
1266 791
1583 693
1116 898
1452 775
1092 927
1538 781
990 1078
1055 1037
1240 897
919 1306
883 1444
1366 967
1734 860
1408 1006
1575 928
1810 889
1823 888
1372 1134
1602 1028
1532 1079
1800 957
1649 1051
1604 1086
1663 1062
1551 1167
1762 1056
1590 1184
1495 1260
1820 1057
1467 1287
1568 1247
1690 1195
1804 1150
1709 1211
1711 1237
1781 1210
1758 1245
1766 1263
1515 1483
1494 1518
1650 1465
1840 1290
1729 1538
1660 1710
1776 1612
1837 1552
1579 2005
304795499 868876902
1
sift 74
52 65
167 131
28 47
266 438
123 161
229 326
209 163
162 133
224 724
164 206
277 316
212 198
236 243
1105 707
379 194
760 613
288 229
388 208
1773 932
348 221
949 645
280 250
327 286
1286 1502
320 309
940 716
259 373
355 308
1573 1799
345 318
933 760
599 498
374 325
349 399
652 500
424 391
227 901
1763 930
727 408
517 479
575 533
674 526
597 601
561 635
837 568
717 659
733 692
788 677
842 675
778 763
841 745
896 739
1231 625
1305 629
1260 668
1373 641
1219 782
876 953
1038 885
1192 878
1005 1096
1056 1117
1266 1065
1565 938
1134 1222
1465 999
1572 980
1652 1197
1798 1204
1641 1390
1499 1521
1524 1687
1751 1540
1725 1740
304795499 936120456
1
sift 122
1286 1312
15 47
20 45
32 38
79 103
143 169
37 69
81 102
111 150
167 215
102 129
115 123
139 155
188 237
131 167
211 193
180 277
209 239
217 226
196 265
224 274
212 269
268 243
225 246
236 280
240 261
255 272
258 296
314 251
244 326
261 305
272 322
276 315
280 331
232 388
264 377
282 345
326 329
389 301
345 338
328 348
431 408
343 354
374 371
463 306
444 439
417 367
384 421
441 360
599 590
408 418
424 489
875 293
652 559
418 438
524 484
659 362
635 651
485 420
517 505
427 485
902 880
511 428
547 562
508 493
1031 1067
528 517
558 566
564 499
1228 1090
563 611
575 621
637 563
1324 1589
662 587
692 602
571 709
1117 464
674 668
851 581
810 576
740 680
1714 446
831 672
612 941
866 654
952 615
1013 664
729 852
1059 607
734 1001
840 744
904 859
1113 769
1205 751
1036 864
899 966
919 949
1266 807
926 990
1052 885
934 989
785 1371
1116 976
1465 838
1258 914
1154 1036
1099 1086
1119 1256
972 1457
1448 1022
1297 1204
1728 1081
1304 1377
1244 1565
1547 1361
1462 1445
1515 1455
1289 1850
1710 1533
1660 1844
1593 1910
304795499 1029832138
1
sift 174
18 21
599 550
41 43
34 45
38 60
35 50
40 49
58 52
181 143
374 330
51 64
228 213
66 65
277 263
674 587
67 80
321 270
65 85
399 334
575 784
93 68
569 441
105 70
760 578
1013 545
94 92
813 568
116 99
1286 931
1113 909
118 134
940 670
135 117
149 125
949 1403
126 145
142 146
164 151
190 152
202 165
192 194
262 177
193 229
337 183
216 245
296 231
283 271
333 267
328 284
313 311
355 278
332 306
385 259
265 363
433 261
348 333
441 305
322 402
338 390
383 357
481 314
438 329
391 373
410 361
489 354
485 366
508 356
387 461
647 327
545 376
511 388
443 504
458 489
611 407
625 418
666 411
586 452
854 384
624 475
776 422
831 449
736 509
670 556
716 532
539 715
887 474
601 683
662 630
947 465
722 595
804 524
883 494
708 652
847 525
793 580
828 557
820 575
945 519
955 518
832 622
931 555
1246 478
710 818
671 886
830 757
958 685
978 679
1081 642
823 817
1251 637
1053 727
1283 634
903 861
1169 730
1092 760
1388 653
817 1094
1313 705
912 956
1212 764
894 1007
990 885
1254 759
1603 665
1202 786
1451 712
1168 842
1182 835
1148 864
1272 794
1253 807
1116 967
1437 797
1492 796
985 1258
1648 800
1366 923
1604 830
1094 1209
1447 955
1555 906
1268 1118
1538 972
1790 863
1711 912
1734 919
1590 998
1704 943
1543 1037
1822 900
1649 1015
1663 1005
1495 1097
1825 914
1758 971
1602 1055
1810 942
1615 1067
1467 1141
1514 1147
1726 1045
1227 1449
1740 1078
1690 1100
1823 1046
1832 1039
1818 1088
1709 1174
1650 1245
1774 1203
1820 1226
1766 1273
1626 1476
1383 1737
304795499 1186326363
1
sift 107
569 434
0 1
10 18
933 509
41 39
55 43
1656 498
68 79
109 106
133 95
116 104
108 119
135 112
142 118
190 130
159 161
199 168
198 173
234 156
193 227
243 209
337 247
313 291
379 319
358 352
386 374
368 450
387 436
469 431
458 453
578 428
606 439
647 442
586 474
555 549
539 585
716 485
624 565
878 432
614 620
657 582
618 640
1015 429
687 583
649 622
789 506
433 1160
873 482
742 593
708 642
722 654
776 618
666 724
611 812
1551 417
1121 479
1016 528
910 627
931 624
855 680
1386 517
913 715
865 768
832 856
1092 681
1275 634
998 761
1080 710
1051 728
957 793
948 870
1194 733
925 981
1091 825
1078 866
1283 760
1452 699
1251 798
1168 903
1169 921
1108 987
1254 930
1378 849
1412 822
1253 955
1086 1106
1687 756
1303 931
1231 1004
1177 1109
1148 1155
1645 818
1568 882
1221 1101
1437 1044
1758 946
1512 1143
1447 1191
1810 1037
1767 1077
1663 1197
1538 1290
1726 1245
1740 1264
1719 1430
1803 1449
1838 1564
304795499 1203176847
1
sift 53
277 384
167 146
41 44
209 184
87 87
760 614
212 217
142 154
288 245
162 149
1286 1542
1763 1210
217 195
327 282
313 204
345 277
674 611
273 349
348 320
1352 943
494 423
727 435
625 616
814 511
841 532
687 631
597 750
851 809
837 853
1236 720
901 1136
1297 815
1373 792
895 1171
1260 839
1006 1264
1551 871
1040 1297
1134 1225
1149 1323
1192 1281
1806 934
1383 1223
1266 1348
1305 1589
1566 1299
1548 1332
1798 1307
1479 1644
1641 1630
1721 1795
1692 1869
1751 1848
304795499 1228518096
1
sift 197
26 41
0 3
38 49
28 51
156 142
89 59
50 151
71 86
143 208
115 90
102 103
144 164
167 173
169 174
161 194
162 187
196 220
174 171
212 215
191 297
209 273
217 225
287 299
236 248
280 307
255 277
261 328
273 304
258 355
308 316
278 348
318 382
320 329
345 371
350 363
400 379
461 347
374 380
330 496
408 404
453 396
424 397
492 429
349 490
444 691
481 383
494 476
423 491
599 637
649 388
415 571
606 442
652 600
574 463
524 520
486 566
782 679
565 517
575 587
587 508
1104 776
727 478
519 817
694 550
902 1193
616 591
576 736
609 643
1031 1215
731 576
674 707
647 649
1284 1337
725 595
842 861
730 598
1573 1163
841 537
778 1068
714 682
1587 1161
531 886
837 967
1198 487
1228 1635
532 947
905 973
690 782
1763 1911
715 762
899 993
552 971
597 889
810 1177
832 721
873 712
866 1101
897 738
814 829
1070 1000
781 883
713 981
1046 1107
947 757
788 942
1113 1079
857 919
767 1112
1208 1134
1021 828
1183 758
1335 1573
806 1086
961 927
1798 1505
1120 857
1551 710
951 1023
946 1047
1160 904
764 1522
1143 950
882 1278
1081 1024
1194 966
1219 943
1236 1011
1110 1133
1011 1271
1383 930
1379 936
1040 1252
838 1650
966 1351
970 1381
1373 1004
1218 1145
1062 1344
1360 1062
994 1474
1313 1119
1192 1269
1369 1106
1389 1102
1212 1260
1347 1157
1121 1441
1254 1298
1251 1320
1058 1613
1436 1195
1073 1617
1519 1230
1726 1104
1458 1297
1257 1520
1140 1827
1459 1350
1205 1698
1822 1137
1307 1514
1333 1484
1217 1716
1215 1753
1222 1763
1742 1266
1688 1306
1778 1282
1619 1378
1276 1777
1378 1612
1364 1676
1552 1458
1708 1361
1803 1307
1440 1631
1326 1847
1416 1780
1542 1674
1806 1410
1393 1887
1696 1533
1735 1516
1565 1756
1506 1874
1526 1849
1613 1792
1610 1795
1691 1690
1572 1949
1670 1861
1652 1898
1819 1695
1810 1767
1795 1797
1832 1823
1825 1869
304795499 1240301939
1
sift 206
18 30
32 40
10 22
466 470
98 129
11 29
228 228
120 132
23 32
143 124
28 36
277 244
161 195
82 67
167 188
17 1258
266 258
196 194
71 73
169 216
105 77
321 287
212 222
116 89
217 205
158 81
569 539
188 276
139 115
211 230
135 127
760 653
209 284
157 120
241 280
108 234
933 846
240 292
164 151
256 290
133 203
1286 1094
258 321
142 267
261 342
276 152
341 286
174 238
280 403
202 308
344 363
296 219
320 436
236 259
326 443
255 246
343 434
216 375
431 500
265 265
384 377
331 269
398 596
314 305
374 417
400 279
444 533
283 449
424 527
351 406
599 695
364 409
575 545
408 368
787 701
657 314
524 644
840 294
782 930
532 410
506 662
462 457
922 801
414 515
576 622
470 497
1104 722
552 501
696 607
754 459
1031 1090
660 557
692 667
662 569
1228 1193
639 592
723 652
574 639
1587 1209
714 547
674 684
783 518
727 564
735 697
781 526
433 936
810 675
388 1183
634 633
564 1054
521 803
648 654
866 732
713 632
618 694
905 744
803 585
611 753
837 1175
767 642
773 656
1113 1000
792 665
733 713
1335 1058
678 778
597 894
776 691
998 589
745 755
739 769
828 688
859 678
863 709
1079 645
855 766
1507 568
819 866
1057 703
958 768
914 817
789 968
952 819
1714 604
951 851
816 1004
1005 831
1029 821
973 864
987 876
1144 841
847 1095
1112 874
1040 920
1081 911
1710 677
1185 886
893 1164
1059 981
1258 897
1149 960
1120 1008
1786 739
1090 1068
1187 1005
1183 1012
1373 909
1479 890
1110 1166
1051 1219
1222 1061
1366 963
1192 1118
1252 1065
1491 942
1728 910
1326 1092
1218 1173
1514 987
1117 1272
1379 1086
1236 1195
1207 1235
1526 1017
1575 998
1378 1114
1474 1057
1659 975
1582 1029
1544 1079
1506 1126
1613 1074
1347 1246
1609 1123
1552 1144
1633 1138
1282 1295
1755 1149
1736 1165
1534 1262
1782 1141
1563 1264
1584 1260
1557 1271
1670 1237
1848 1238
304795499 1358582240
1
sift 88
156 139
9 16
38 48
173 172
161 203
115 137
217 219
318 282
212 238
211 257
210 338
408 355
259 367
308 313
339 302
481 403
287 340
261 387
278 370
648 415
280 363
345 374
320 336
565 498
599 717
327 401
384 376
532 565
1031 853
374 417
330 473
727 458
1229 904
424 437
494 466
639 567
1730 1399
575 532
519 572
713 821
558 559
576 689
788 803
674 864
723 969
873 719
792 811
810 1135
733 971
1198 707
837 1065
767 1068
1154 775
905 1032
951 957
1373 751
1046 900
1194 835
946 1023
1236 858
1383 805
1040 1057
899 1247
1036 1073
1149 996
1260 1388
1347 873
1786 789
1113 1621
1547 850
1062 1207
1262 1807
1628 867
1378 1171
1419 1167
1708 1064
1192 1440
1364 1317
1838 1067
1251 1640
1806 1185
1688 1287
1499 1521
1526 1542
1451 1673
1565 1670
1697 1558
1810 1586
304795499 1430327691
1
sift 230
156 112
9 19
282 420
38 41
22 29
143 145
28 50
589 935
81 68
158 94
161 135
89 65
71 87
191 268
167 133
115 97
169 129
236 205
212 167
173 138
217 160
290 218
209 231
273 162
240 191
276 242
244 250
261 265
258 275
404 247
280 260
308 262
287 256
331 315
320 266
278 282
374 307
302 363
431 422
410 287
384 312
340 389
491 469
330 388
408 324
438 342
444 545
424 333
415 448
426 361
599 547
441 369
345 537
411 401
1031 983
730 305
494 416
407 467
902 1131
406 490
524 486
481 441
1228 1262
425 509
558 495
574 444
1730 1703
375 719
575 489
586 476
517 541
576 602
648 500
624 521
674 606
565 555
721 522
754 609
727 529
535 634
1113 512
532 639
606 608
723 707
1117 432
841 494
778 819
474 798
1174 429
692 1006
745 577
1082 470
689 1046
700 643
552 868
810 867
714 677
596 993
905 759
713 869
1198 597
837 862
832 750
628 1049
1070 796
873 726
814 802
1462 730
800 837
781 879
1149 980
857 784
788 949
1373 899
887 854
767 1045
1236 989
1012 788
1118 749
1262 1057
1183 721
1010 813
1335 1195
1185 769
859 1036
1415 1179
1220 767
1144 809
1274 1615
876 1025
1021 961
1798 1346
915 1058
961 1015
1705 1711
878 1145
980 1052
1700 2183
882 1236
838 1342
973 1227
1251 973
923 1378
1057 1258
1194 1119
1383 984
1187 1148
1059 1295
1040 1321
1344 1008
1366 1000
1209 1134
1379 1018
1347 1040
1436 1004
1523 986
1058 1393
1081 1382
1219 1219
968 1516
1005 1504
1304 1172
1218 1300
1360 1207
986 1662
1006 1652
1585 1068
1073 1540
1045 1655
1277 1384
1378 1290
1682 1076
1036 1791
1234 1472
889 2307
1212 1488
1217 1497
1399 1356
1539 1317
1192 1705
1205 1677
1512 1396
1389 1478
1326 1519
1786 1233
1822 1224
1419 1517
1552 1470
1222 1893
1283 1779
1254 1857
1273 1843
1401 1624
1452 1597
1742 1441
1215 2108
1806 1418
1557 1588
1796 1436
1112 2427
1140 2410
1708 1548
1407 1934
1450 1929
1613 1718
1332 2170
1300 2274
1582 1840
1541 1906
1688 1810
1728 1771
1734 1827
1499 2202
1795 1755
1733 1865
1648 1991
1514 2242
1540 2207
1532 2243
1617 2179
1263 2460
1696 2124
1414 2441
1662 2219
1825 1910
1649 2338
1516 2457
1820 2326
1830 2317
1810 2388
304795499 1643728630
1
sift 82
76 75
38 39
1851 1411
856 621
115 76
143 110
111 87
1417 1802
139 121
161 131
169 130
211 136
212 140
261 206
244 199
258 205
327 224
280 238
320 264
278 260
255 292
339 289
345 259
431 279
444 324
374 364
343 458
501 409
506 351
404 503
599 405
576 399
734 397
902 587
674 443
692 451
1031 616
723 480
606 575
1228 712
575 585
952 433
721 545
837 533
1036 516
866 588
694 728
810 631
1263 557
1260 595
660 997
1059 674
1016 755
1354 633
901 840
1021 788
1113 766
1498 653
1149 763
1560 691
1285 785
1262 833
1046 1003
1593 769
1120 954
1117 978
1209 945
1310 1027
1355 1080
1360 1109
1583 1010
1255 1573
1513 1328
1688 1321
1795 1318
1520 1751
1671 1686
1679 1764
1844 1475
1732 1768
1838 1667
1826 1876
304795499 1716575903
1
sift 165
143 140
38 56
209 200
71 86
161 178
102 124
226 205
111 114
196 224
139 152
358 382
169 211
240 248
211 197
501 498
198 256
244 296
236 239
469 574
221 285
258 281
261 276
599 610
255 318
280 330
276 301
635 647
265 337
320 365
278 333
742 768
327 340
431 417
308 373
618 1114
274 412
1034 721
291 458
902 911
353 376
1031 1048
343 419
948 1217
305 490
1228 1154
374 429
1179 1746
351 495
1730 1723
376 524
384 543
407 585
560 446
552 484
406 817
532 571
527 603
565 632
503 742
576 629
692 649
674 678
575 826
537 920
734 686
585 873
587 883
662 800
723 752
721 766
696 820
779 728
731 841
880 715
678 1011
1007 663
638 1164
877 775
759 984
660 1182
956 756
634 1301
694 1230
789 1012
776 1064
866 933
837 983
810 1070
982 852
1026 835
917 988
796 1290
905 1050
857 1130
1058 949
819 1406
842 1313
1036 1026
1165 921
901 1263
860 1330
855 1480
1113 1073
1267 947
1080 1113
893 1519
865 1593
879 1563
832 1780
1411 907
1278 1002
1040 1261
1404 952
962 1499
1021 1430
1145 1254
1192 1223
1226 1213
1275 1179
1147 1337
1039 1532
1283 1177
1051 1570
1448 1097
1260 1259
1412 1115
1010 1810
1218 1391
1046 1788
1354 1239
1029 1840
1274 1335
1118 1643
1403 1232
1184 1540
1251 1444
1246 1457
1221 1496
1183 1587
1168 1685
1120 1834
1081 1997
1262 1611
1285 1589
1209 1818
1194 1879
1159 1963
1575 1332
1310 1688
1304 1729
1314 1778
1347 1758
1351 1773
1695 1414
1378 1814
1684 1473
1645 1535
1388 1945
1526 1847
1519 1955
1640 1862
1746 1712
1600 1941
1696 1915
1824 1938
304795499 1788219329
1
sift 83
167 175
9 18
38 54
173 166
161 208
217 210
273 230
400 264
209 350
308 331
287 328
333 314
259 383
278 364
339 294
408 360
320 340
261 393
384 368
407 404
599 650
374 420
424 421
730 287
1105 723
492 436
494 496
841 347
1031 1272
503 567
575 530
532 551
1284 1486
724 575
576 706
561 719
821 576
674 732
597 845
713 752
723 864
814 701
788 763
905 900
733 860
1016 710
837 1011
1033 745
767 987
899 966
973 876
1383 708
1113 1087
1551 680
1062 870
1236 1208
1149 884
1645 755
1335 1190
1347 823
1040 1020
1798 1230
1006 1164
1378 1065
1705 1546
1822 869
1330 1101
1110 1319
1419 1070
1192 1296
1688 1066
1364 1241
1806 1034
1575 1182
1526 1439
1499 1476
1565 1422
1734 1493
1649 1568
1692 1575
1652 1631
1810 1580
1751 1622
304795499 1799436415
1
sift 439
7 18
15 30
0 1
18 26
38 40
3 7
181 165
85 103
10 19
277 289
81 72
11 20
373 277
128 108
23 25
321 318
120 118
16 36
466 514
143 130
28 37
1286 1272
130 138
55 45
569 530
156 148
68 55
161 157
71 64
760 692
167 172
59 121
169 186
67 125
813 657
196 187
90 85
188 224
105 76
940 754
209 229
94 105
211 209
111 104
933 1370
240 221
116 93
217 202
122 90
212 271
139 115
221 197
126 127
225 239
135 124
232 210
109 149
241 235
108 161
244 279
194 92
258 268
137 159
261 280
171 129
264 287
133 169
213 391
142 163
256 312
158 146
278 300
162 140
341 270
155 164
280 307
164 153
309 299
180 141
287 327
159 167
339 319
179 156
268 353
174 174
320 335
190 181
260 378
199 176
344 315
208 213
343 332
189 238
366 356
262 180
374 338
195 257
398 437
276 189
384 336
202 273
431 409
236 263
424 415
274 256
444 435
216 354
432 460
296 260
454 429
252 290
494 471
340 249
600 433
284 286
515 461
301 282
491 593
331 275
517 501
314 288
652 528
502 245
558 503
356 324
599 596
349 331
575 491
420 292
635 624
361 341
506 545
426 317
620 663
312 453
524 562
408 346
787 597
358 395
576 532
493 313
918 584
406 361
696 550
499 321
782 921
442 355
564 727
438 370
1104 745
508 342
692 614
407 408
902 1032
459 369
674 639
463 373
1031 995
410 430
590 722
538 349
1228 1092
404 481
785 553
462 412
1291 1240
588 358
723 617
332 668
1230 1417
529 402
735 645
686 360
1587 1133
481 475
786 644
470 482
1284 1382
537 440
810 676
535 446
1417 1464
632 400
1113 611
563 452
552 467
905 764
625 424
750 388
1127 680
433 623
638 436
837 900
532 507
704 427
1013 845
458 640
609 492
1070 901
754 442
648 504
860 1140
578 535
565 559
1026 1328
555 580
763 465
1798 1318
783 455
803 447
662 522
624 558
661 533
562 641
586 604
666 548
641 567
606 622
713 552
781 518
596 661
657 602
711 613
779 556
618 706
721 642
793 591
767 631
712 677
776 632
647 746
679 730
715 704
611 811
824 600
695 737
764 674
788 653
733 710
839 603
742 725
848 629
859 636
814 681
521 1143
953 607
873 651
828 695
1280 517
863 673
820 742
822 752
898 693
800 793
857 735
855 739
665 1007
1012 652
862 749
915 732
831 804
817 834
830 814
1159 630
1079 664
1022 697
829 842
887 778
913 763
973 747
880 836
847 875
945 799
1005 770
890 861
850 914
878 885
1006 790
961 828
952 838
910 870
1543 608
998 818
1040 783
958 853
948 866
1081 787
1111 774
986 863
964 879
893 942
1472 687
1091 852
960 949
938 969
982 937
1001 931
1528 691
708 1519
1019 926
979 961
1021 933
1144 867
1036 934
956 1020
1184 849
1073 910
1210 855
1157 891
1028 991
1059 978
1110 943
1058 982
1099 958
1174 905
1251 877
1068 1026
1259 881
1112 996
1051 1050
1149 973
1090 1024
987 1123
1298 893
894 1305
912 1263
1121 1044
1208 972
957 1207
1185 1003
1187 1023
1120 1077
1186 1033
1236 1010
1177 1074
1347 955
1094 1166
1218 1066
1379 964
1148 1148
1063 1238
1252 1070
1242 1097
1373 1004
1108 1219
1080 1262
1491 953
1422 984
1332 1046
1115 1241
1603 913
1450 1011
1785 883
1366 1082
1267 1157
1378 1086
1232 1176
1661 940
1322 1114
1205 1250
1209 1254
1273 1209
1327 1164
1147 1406
1412 1125
1519 1087
1778 966
1313 1231
1318 1248
1255 1329
1583 1103
1434 1158
1372 1213
1364 1220
1526 1121
1275 1330
1728 1047
1419 1192
1247 1399
1416 1221
1117 1595
1482 1217
1575 1161
1426 1268
1514 1211
1534 1198
1360 1356
1310 1427
1793 1108
1388 1375
1805 1120
1600 1265
1565 1292
1268 1573
1590 1314
1221 1622
1602 1327
1633 1326
1549 1381
1241 1623
1679 1291
1589 1373
1328 1575
1750 1251
1677 1311
1688 1310
1680 1317
1562 1420
1782 1252
1512 1468
1308 1610
1834 1182
1609 1413
1558 1448
1555 1459
1456 1535
1696 1366
1599 1466
1676 1424
1738 1377
1671 1444
1641 1490
1687 1450
1648 1501
1731 1452
1695 1485
1652 1529
1822 1378
1726 1510
1842 1393
1712 1569
1748 1552
1838 1449
1848 1411
1721 1577
1698 1605
1762 1588
1736 1613
1831 1629
304795499 1861578657
1
sift 288
53 67
20 25
77 123
28 28
143 144
37 54
267 310
71 84
161 174
111 130
256 480
115 126
167 189
133 124
366 424
139 148
196 210
137 154
543 486
164 145
209 207
162 156
548 700
146 175
225 192
159 186
611 664
169 190
212 233
211 202
652 778
234 214
240 239
236 245
807 857
260 231
244 277
250 251
782 968
258 263
339 331
252 286
1049 1328
261 273
320 361
268 287
1573 1420
276 290
350 393
265 316
278 302
431 421
308 332
331 321
444 409
273 404
291 381
599 584
343 351
502 256
635 603
353 349
358 396
1034 666
400 344
374 395
902 852
351 434
415 360
1031 1116
384 459
376 470
1228 1202
408 468
424 465
458 426
459 435
552 364
535 380
472 432
406 521
407 533
394 581
404 622
440 570
469 510
506 484
532 495
524 518
493 585
563 528
597 499
640 477
494 631
562 556
507 655
703 483
576 583
689 498
558 628
559 648
717 514
578 625
747 500
631 610
575 673
606 657
537 741
619 668
831 485
692 613
587 713
721 634
530 893
734 640
696 703
775 630
723 692
618 802
679 743
816 627
779 678
742 709
613 876
896 615
800 716
634 958
740 780
725 836
638 989
702 902
660 967
1099 580
646 1022
803 777
806 779
1127 597
694 1012
814 783
789 840
952 695
739 943
1015 670
676 1091
796 879
878 752
749 990
776 938
810 869
773 951
783 957
837 853
891 787
866 854
1007 738
869 885
1013 763
726 1233
904 896
842 999
1005 815
926 901
1066 771
925 917
855 1041
828 1095
1036 847
937 945
1043 856
1058 839
1121 791
1125 794
1113 828
1107 859
1026 925
948 1009
1029 924
857 1166
1311 762
1083 923
865 1178
1404 736
1040 997
1035 1000
957 1078
929 1117
1080 962
1119 936
1059 994
961 1110
879 1234
987 1139
1278 888
1381 830
1299 899
1535 784
1147 1062
1439 848
893 1441
1411 884
1039 1187
1021 1267
1315 969
1046 1228
1051 1249
1226 1063
1266 1049
1326 1010
1275 1076
1091 1281
1108 1301
1251 1131
1465 991
1183 1185
1120 1307
1596 934
1301 1103
1192 1205
1215 1163
1448 1025
1210 1229
1070 1477
1178 1319
1220 1250
1209 1292
1426 1087
1246 1258
1283 1214
1560 1040
1403 1130
1274 1252
1160 1434
1304 1217
1263 1284
1313 1222
1285 1275
1159 1507
1253 1360
1272 1372
1236 1426
1347 1264
1201 1510
1339 1291
1317 1343
1221 1488
1604 1127
1242 1494
1257 1525
1378 1385
1545 1231
1321 1472
1571 1256
1218 1634
1310 1554
1419 1432
1625 1257
1416 1505
1645 1315
1695 1271
1420 1528
1766 1221
1388 1593
1538 1460
1609 1415
1335 1635
1384 1621
1782 1276
1342 1639
1677 1381
1613 1438
1736 1368
1593 1509
1632 1466
1800 1298
1767 1346
1750 1370
1526 1573
1512 1588
1583 1551
1446 1651
1584 1629
1696 1563
1648 1632
1758 1633
1848 1522
1844 1545
1628 1673
1778 1645
304795499 2014127030
1
sift 97
120 159
23 24
156 178
38 61
143 181
81 106
130 230
115 110
167 184
111 142
188 248
144 145
209 286
139 149
212 295
134 177
240 283
174 191
244 276
187 213
197 404
179 243
339 320
194 219
258 353
171 269
431 505
180 258
264 379
217 225
365 623
169 318
461 451
260 340
444 582
261 357
599 666
276 358
465 878
345 292
620 681
318 350
787 726
308 390
636 670
426 336
652 987
343 397
892 883
327 472
936 899
331 462
902 965
374 415
1324 1230
404 401
1031 1121
408 417
1417 1263
463 384
1228 1185
424 470
494 469
517 482
875 372
659 473
524 578
547 575
407 789
558 589
594 570
519 655
563 619
726 528
575 618
662 631
612 676
674 682
740 649
1117 503
803 764
952 760
905 858
926 863
1144 788
899 1032
1258 798
1059 962
1154 1019
1328 1072
1261 1145
1373 1117
1367 1146
1278 1258
1304 1243
1517 1215
1547 1239
304795499 2045004962
1
sift 342
26 44
22 25
43 41
19 35
85 95
28 56
38 46
67 64
120 117
71 88
115 120
89 73
156 143
93 79
143 175
113 103
167 167
105 107
161 184
110 111
225 189
101 133
169 178
126 130
196 224
119 140
217 247
118 158
209 269
139 149
211 261
144 164
222 248
150 180
241 298
162 187
258 325
173 195
261 319
171 220
280 321
184 283
264 345
191 292
287 315
274 265
308 313
273 276
253 375
276 312
320 336
361 272
339 378
404 262
327 357
278 331
294 433
268 354
343 367
281 341
350 383
331 318
345 392
314 369
365 413
282 399
374 406
296 398
453 419
445 303
424 430
329 409
431 475
338 403
444 592
332 410
452 545
301 483
524 537
426 364
652 530
400 384
575 524
459 365
599 571
499 353
558 558
384 432
918 624
415 420
576 627
408 424
782 761
438 417
674 696
406 443
709 844
419 439
589 870
423 440
836 812
481 401
723 797
380 495
1104 833
407 468
734 839
375 507
902 1018
441 447
778 881
425 465
1031 963
494 464
837 809
492 466
935 1085
726 407
905 879
579 453
1417 876
477 536
927 945
463 561
1284 950
485 572
899 988
606 489
1324 1117
565 511
1206 1269
648 473
1228 1314
508 557
1397 1220
511 577
1292 1803
694 484
1763 1459
727 487
1087 404
1705 1779
536 600
564 595
586 578
528 622
506 680
519 655
474 736
590 609
662 573
552 653
700 583
608 639
624 644
1001 488
1174 457
776 579
749 599
594 766
597 784
705 677
1082 520
578 821
715 710
708 726
703 762
834 620
710 754
729 731
482 1186
848 651
824 683
800 715
733 801
857 685
873 672
659 880
859 690
758 815
985 635
832 741
875 706
847 735
691 910
842 752
747 850
947 756
767 921
719 1017
1185 692
917 838
1108 757
1022 828
890 908
866 939
764 1171
869 974
846 1024
895 969
878 1007
882 1026
721 1428
1120 857
946 986
1462 739
1046 906
951 1008
1472 764
897 1059
838 1197
876 1157
1057 970
996 1029
1246 863
1019 1023
967 1060
1159 929
938 1123
1040 1040
1005 1080
981 1119
1160 976
1258 902
1081 1027
977 1149
1144 995
1209 949
1065 1061
1062 1073
1006 1169
1219 983
1552 846
1314 926
1194 1009
1523 856
1149 1051
1059 1139
1341 938
1110 1125
1236 1011
1058 1184
994 1272
1379 943
1347 957
1184 1071
1447 914
1043 1268
1253 1053
1360 993
1036 1351
1148 1231
1254 1130
1096 1298
952 1554
1107 1302
1066 1394
1317 1126
1192 1249
1262 1187
1112 1341
1366 1090
1488 1031
1121 1340
1285 1174
1132 1343
1073 1409
972 1661
1428 1079
1519 1064
1297 1245
1205 1362
1663 1054
1522 1158
1283 1361
1048 1809
1538 1213
1273 1430
1416 1300
1339 1366
1370 1344
1307 1444
1419 1334
1278 1510
1326 1465
1450 1374
1332 1501
1726 1217
1479 1375
1459 1393
1351 1516
1396 1469
1451 1422
1565 1352
1846 1122
1506 1432
1575 1379
1648 1345
1837 1192
1300 1704
1407 1575
1740 1289
1806 1252
1464 1545
1393 1629
1827 1248
1266 1838
1499 1605
1814 1317
1448 1689
1503 1644
1593 1551
1526 1647
1540 1638
1590 1610
1697 1503
1532 1688
1798 1416
1514 1720
1734 1499
1403 1823
1828 1411
1613 1655
1731 1542
1786 1476
1838 1408
1728 1597
1711 1624
1687 1659
1820 1532
1595 1859
1662 1800
1729 1758
1803 1682
1692 1822
1794 1733
1604 1910
1617 1907
1652 1895
1751 1892
1548 1933
1834 1805
304795499 2095558067
1
sift 126
143 139
38 63
119 116
294 300
71 85
167 203
115 103
339 334
139 140
209 175
157 144
902 854
212 179
226 194
211 180
244 261
258 252
261 254
255 358
320 314
268 367
308 390
431 360
353 337
400 363
599 581
351 429
420 365
635 578
374 419
343 514
1034 894
376 463
597 343
1031 1076
506 443
532 608
1228 1242
527 626
576 678
507 795
692 602
558 791
674 661
734 597
587 810
585 832
779 610
723 705
721 714
575 949
956 526
647 837
662 871
803 724
696 863
952 596
814 753
741 903
725 972
638 1152
759 955
789 890
773 933
1125 646
866 874
661 1369
776 1081
925 891
837 1017
1086 777
905 983
1119 823
819 1173
1240 769
1026 956
1059 962
1226 846
1036 1031
1275 842
855 1338
857 1453
910 1308
957 1323
1113 1123
1426 901
1021 1287
1145 1154
962 1491
1492 985
1283 1102
1035 1431
1605 939
1251 1160
1046 1471
1051 1463
1302 1137
1575 1012
1017 1715
1194 1449
1221 1403
1183 1498
1677 1049
1147 1596
1398 1223
1180 1554
1120 1644
1126 1646
1285 1401
1388 1279
1782 1060
1347 1410
1314 1478
1527 1318
1304 1599
1366 1529
1736 1196
1571 1382
1683 1277
1805 1207
1458 1540
1330 1707
1334 1708
1758 1341
1645 1525
1593 1659
304795499 2130703568
1
sift 361
52 90
156 142
28 50
181 205
123 154
38 52
228 268
143 160
66 81
224 374
188 204
89 71
266 362
161 180
102 118
277 360
209 226
115 111
321 423
167 170
118 119
328 349
253 334
140 171
813 867
226 179
150 159
1357 1034
267 316
169 163
949 926
196 222
214 145
1720 976
287 311
173 195
940 1282
240 243
171 240
294 366
211 237
933 1967
264 281
217 251
342 342
208 358
258 320
274 261
344 397
260 285
280 323
236 306
365 443
232 356
320 340
261 301
431 518
281 290
339 416
278 299
444 516
273 326
491 588
402 250
599 581
255 345
652 641
265 344
625 695
268 350
635 684
308 337
902 889
329 375
918 905
318 400
1206 1009
302 419
1031 1191
331 387
1417 912
343 383
1359 1071
330 402
1324 1227
276 491
1611 1098
345 413
1763 1836
301 509
1228 1393
374 417
1573 2003
406 391
415 398
349 471
394 428
426 408
384 463
375 490
419 441
424 446
408 475
507 411
400 519
407 559
492 472
499 479
494 501
496 514
361 781
480 571
564 525
519 546
463 623
474 609
726 473
506 591
537 567
558 561
575 585
648 555
535 639
678 549
510 711
559 646
610 599
545 691
576 654
553 716
705 612
631 690
531 828
638 693
696 663
776 586
721 644
670 706
725 655
703 681
749 628
597 809
532 900
674 730
739 671
779 642
623 814
700 738
714 728
639 818
731 723
772 676
695 793
715 787
727 776
740 771
723 807
692 850
1198 544
819 700
765 784
594 1008
824 725
786 780
734 864
590 1083
747 857
847 750
628 1058
845 770
1001 660
733 915
691 1023
778 916
788 901
1080 665
814 870
944 754
837 839
893 800
767 993
839 869
659 1276
840 897
689 1265
873 882
842 928
857 932
957 859
1145 764
816 1028
859 956
866 974
1208 761
910 938
1026 866
931 950
979 918
838 1099
805 1214
831 1155
810 1218
1009 921
878 1044
964 980
1185 849
946 1030
1158 874
882 1138
829 1256
891 1135
1017 992
1046 969
997 1020
1051 971
876 1229
904 1189
976 1133
951 1171
1023 1070
896 1252
1021 1104
1006 1157
956 1222
1011 1180
1120 1041
1191 986
1236 967
1019 1213
1005 1237
938 1303
869 1414
1070 1176
1274 977
897 1384
1183 1047
1115 1152
962 1308
1214 1049
1194 1089
1159 1156
1113 1205
1246 1067
1041 1294
1168 1185
1067 1289
1272 1084
1180 1243
1303 1115
1222 1203
978 1486
1029 1410
1059 1374
1283 1175
1329 1120
1036 1440
1160 1333
967 1633
1389 1145
1184 1358
1013 1636
1121 1446
1060 1543
1149 1430
1205 1365
1342 1250
1251 1324
1253 1322
1066 1601
1336 1285
1373 1280
1218 1400
1538 1184
1139 1555
1116 1610
1201 1475
1110 1649
1349 1329
1219 1461
1112 1697
1192 1566
1360 1361
1140 1692
1581 1258
1413 1337
1395 1362
1207 1639
1210 1627
1186 1689
1335 1444
1266 1551
1369 1423
1552 1301
1302 1505
1512 1340
1419 1398
1273 1595
1216 1699
1351 1498
1452 1429
1752 1274
1263 1713
1393 1523
1364 1563
1378 1573
1416 1526
1278 1735
1232 1820
1663 1351
1441 1553
1242 1870
1719 1359
1355 1714
1307 1787
1462 1622
1458 1642
1740 1401
1300 1898
1519 1613
1450 1688
1746 1447
1399 1810
1822 1380
1470 1738
1498 1737
1680 1539
1407 1838
1734 1510
1499 1769
1610 1643
1572 1711
1479 1832
1648 1676
1827 1466
1565 1781
1612 1753
1820 1503
1582 1802
1600 1830
1608 1859
1613 1853
1652 1805
1526 1962
1521 1976
1708 1770
1631 1877
1649 1901
1679 1865
1677 1928
1662 1954
1737 1902
1800 1827
1819 1797
1795 1908
1823 1895
1832 1906
1786 1997
1847 1855
1840 1922
1801 2015
1825 2028
304795499 2146998783
1
sift 188
156 151
28 58
782 980
38 72
143 206
89 76
1104 1021
115 106
167 174
150 154
139 197
161 204
162 182
169 181
196 231
171 244
212 224
209 234
236 290
240 254
287 315
281 302
273 323
280 331
261 349
278 332
258 375
308 321
270 385
320 352
314 357
327 346
452 448
331 354
345 382
461 449
329 416
343 422
431 529
349 428
374 435
444 616
375 455
400 432
491 571
419 436
408 461
557 533
415 463
424 456
430 914
494 483
492 486
599 615
648 454
524 532
635 635
506 595
517 620
652 646
575 578
559 653
902 968
558 672
532 747
1031 1076
597 684
779 559
1228 1480
727 608
576 722
1763 1555
721 640
714 658
552 828
715 665
847 575
519 989
814 670
910 603
723 817
733 803
788 751
713 874
767 819
1113 631
845 773
734 957
931 734
837 834
842 870
1208 669
778 1005
917 811
816 951
859 901
1246 678
961 838
1021 791
719 1236
1161 748
964 871
1194 729
831 1015
805 1078
1253 718
899 952
1159 780
829 1067
946 944
1120 845
1160 820
838 1147
895 1058
896 1121
1070 954
876 1160
1066 974
1109 950
1313 831
1251 879
904 1190
1041 1036
1254 919
1107 1026
1006 1129
1169 999
1389 886
1219 983
938 1296
996 1228
956 1294
1538 865
1005 1267
970 1373
1218 1056
1038 1277
1056 1253
1236 1112
968 1487
1205 1156
1121 1274
1222 1153
1192 1191
1262 1127
1277 1116
1149 1275
1283 1118
1451 1032
1366 1077
1583 1002
1276 1207
1112 1456
1726 988
1822 940
1339 1234
1383 1212
1266 1349
1419 1180
1663 1063
1459 1186
1648 1099
1572 1176
1307 1445
1364 1405
1827 1065
1810 1105
1838 1096
1401 1463
1416 1444
1332 1531
1403 1506
1774 1216
1566 1421
1786 1285
1407 1592
1503 1533
1499 1542
1795 1307
1670 1414
1708 1399
1806 1343
1844 1241
1595 1528
1479 1609
1823 1395
1731 1546
1762 1530
