356180607 454164500
1
sift 281
17 15
214 258
19 18
22 26
271 226
24 33
48 44
51 50
44 55
76 97
80 95
90 117
100 122
109 134
113 144
103 160
117 147
179 131
155 145
222 137
143 171
151 174
139 201
163 175
147 197
159 184
152 206
193 169
168 187
170 195
184 214
181 229
223 221
233 240
201 293
244 234
250 233
215 285
230 261
226 286
224 297
281 236
263 264
287 250
251 290
245 307
284 284
262 312
277 329
340 278
449 241
303 332
311 334
288 354
391 296
328 336
454 273
372 325
292 384
320 355
488 272
300 393
329 350
237 526
349 343
387 338
309 414
317 406
385 360
373 382
456 335
402 376
354 411
427 367
601 304
376 427
381 423
371 446
434 385
352 466
308 539
359 470
341 489
361 473
424 415
414 440
403 457
344 555
436 454
497 402
442 447
400 506
405 505
441 464
406 509
648 361
347 586
487 460
379 577
393 566
589 421
506 479
463 512
416 558
498 488
501 497
447 554
767 398
574 482
575 484
508 521
451 578
645 474
662 475
700 456
580 530
622 532
461 642
474 638
698 527
568 568
562 573
472 691
779 494
625 576
500 651
563 606
585 598
977 453
573 622
600 615
528 674
634 609
696 587
635 610
557 676
586 671
535 731
613 663
651 645
545 739
647 672
670 648
579 725
641 687
603 712
526 787
741 607
591 728
521 809
744 623
571 769
675 697
632 753
672 734
629 782
576 826
694 750
776 659
687 760
795 658
685 781
778 704
702 778
815 682
602 885
681 814
847 694
628 899
878 681
816 721
923 661
872 706
665 881
861 711
691 864
805 757
721 857
745 833
786 791
900 737
1117 636
726 880
797 813
729 917
791 829
688 975
742 902
709 964
994 732
730 960
740 945
943 770
1010 748
850 841
735 976
868 852
864 855
835 890
793 939
789 942
747 1023
988 802
804 965
768 1028
810 972
798 991
927 866
750 1070
913 904
752 1108
929 906
738 1147
928 926
809 1046
1051 842
981 934
806 1110
867 1052
1025 918
1200 765
1037 908
947 971
837 1113
978 962
984 967
865 1083
1085 896
962 992
870 1103
882 1084
921 1064
960 1033
1014 993
907 1100
1004 1013
877 1146
893 1140
952 1060
964 1056
818 1226
934 1092
1032 1011
924 1130
1071 984
970 1079
990 1072
1018 1063
975 1114
914 1185
1007 1097
989 1129
1070 1062
936 1186
1029 1127
1154 1007
1100 1081
1076 1121
1219 849
1139 1061
1026 1172
1211 947
955 1228
1168 1044
1003 1197
1049 1165
1065 1160
986 1242
1046 1209
1055 1206
1011 1247
1081 1191
1122 1169
1057 1219
1095 1221
1061 1254
1110 1232
1180 1154
1066 1257
1041 1269
1217 1117
356180607 874093608
1
sift 269
122 177
17 26
652 956
22 28
654 976
24 35
754 942
56 75
64 69
58 81
68 105
86 98
76 129
100 96
81 128
90 134
112 121
110 154
109 167
126 162
105 213
140 227
159 219
147 245
128 297
143 257
152 254
168 271
197 253
163 325
193 280
170 403
224 294
207 322
201 360
235 304
228 335
215 369
216 371
245 323
263 314
251 330
213 395
189 491
206 429
257 364
244 402
268 382
281 379
236 434
306 365
329 375
332 378
196 700
341 383
274 451
292 427
299 423
313 413
409 357
195 911
288 456
309 433
250 553
312 439
302 458
273 514
311 449
284 481
327 465
399 438
356 479
381 470
361 493
371 485
287 667
376 518
346 560
308 659
403 496
362 555
352 574
394 541
344 630
359 615
449 495
382 601
514 457
373 638
400 625
433 571
464 538
387 681
451 569
415 626
427 624
405 690
404 710
438 640
580 507
441 655
408 726
413 780
436 721
417 762
496 618
487 658
410 830
509 629
443 768
432 811
461 724
547 622
498 686
500 723
501 730
562 665
447 907
519 739
604 670
474 842
648 650
563 707
700 604
556 719
472 936
582 770
611 751
651 727
530 894
622 801
767 664
629 813
526 941
603 835
557 902
579 863
534 946
606 858
681 777
586 899
617 869
685 789
540 978
631 887
545 987
696 814
670 838
665 854
573 961
528 1069
732 819
672 910
816 734
635 953
568 1023
710 850
527 1131
693 880
593 1003
744 825
707 900
698 924
614 1043
653 994
688 955
777 847
791 833
757 874
647 1055
831 827
691 1010
602 1197
666 1088
682 1063
733 991
796 929
768 973
779 971
718 1109
805 967
607 1412
760 1054
786 1002
709 1178
729 1126
923 906
726 1161
825 1028
868 982
585 1545
847 1008
870 989
738 1214
749 1193
800 1090
850 1048
735 1250
740 1243
814 1117
943 970
792 1148
634 1567
900 1061
745 1321
865 1155
964 1037
913 1113
929 1086
752 1417
874 1189
1010 1019
809 1297
1048 996
817 1293
819 1296
794 1343
880 1219
806 1347
793 1374
932 1182
947 1151
984 1119
988 1114
1018 1091
797 1429
1032 1082
882 1299
952 1201
1071 1066
963 1192
948 1229
925 1279
857 1403
867 1399
837 1456
1129 1060
936 1291
1024 1205
1064 1177
1081 1168
934 1390
1001 1304
894 1484
945 1405
1002 1363
954 1441
1026 1377
1096 1303
893 1566
1049 1382
1061 1386
960 1532
1046 1438
1114 1340
990 1511
1005 1527
1077 1448
1135 1364
1076 1453
1004 1539
1043 1509
1041 1526
1146 1394
1139 1531
1151 1551
1219 1253
1204 1435
1203 1556
356180607 1146127176
1
sift 113
20 20
203 73
140 121
163 145
143 167
152 272
256 227
265 248
310 317
268 366
277 357
292 356
387 332
473 290
303 394
332 388
309 421
371 381
327 409
382 413
329 484
380 446
347 470
438 401
394 456
375 472
407 454
393 487
573 393
461 448
479 437
463 483
451 538
541 491
508 542
496 576
510 581
500 585
504 587
651 512
688 501
597 620
575 638
580 640
614 628
617 634
600 655
777 556
755 577
527 796
576 772
629 740
792 615
861 616
695 750
889 647
612 904
732 775
810 712
786 733
926 672
831 744
563 1091
681 930
1009 673
981 682
1013 675
772 852
798 841
970 731
1126 665
1085 693
1057 724
868 845
800 919
929 822
1155 702
870 877
1207 651
1124 728
1184 685
791 985
1162 722
1099 763
1129 741
1163 725
1127 769
921 896
992 874
1149 790
940 941
949 938
1194 785
953 963
933 1012
896 1065
1051 918
1032 979
1001 1057
976 1101
1081 1009
1018 1079
1118 1024
1077 1060
1109 1043
1064 1092
980 1179
1186 952
994 1177
1141 1066
1122 1135
1161 1120
1105 1205
356180607 1279412758
1
sift 89
24 35
55 74
70 112
100 93
76 141
81 145
96 144
110 160
147 264
168 301
197 255
215 241
224 309
201 510
299 376
277 427
301 399
206 598
309 410
292 495
327 469
325 513
287 605
376 484
381 505
371 542
442 487
382 625
406 608
451 576
496 567
497 575
308 1026
352 844
447 669
414 749
481 680
625 585
404 866
461 720
388 945
322 1226
498 711
580 681
710 616
564 700
567 723
531 760
698 682
443 1114
693 755
613 846
682 801
634 871
880 677
472 1177
622 917
667 878
474 1294
732 847
791 775
617 995
694 951
629 1040
632 1049
519 1313
718 1012
681 1059
670 1105
579 1321
686 1124
602 1361
528 1582
935 938
593 1504
744 1229
929 1075
877 1182
741 1542
726 1602
817 1448
797 1499
1004 1287
1005 1316
988 1347
1139 1394
869 1661
1122 1561
1140 1646
356180607 1973424357
1
sift 259
426 259
19 23
377 295
21 22
452 303
24 36
429 371
44 61
505 437
60 60
658 411
76 76
1173 364
74 79
689 699
114 115
763 632
173 124
734 701
143 142
885 611
139 156
780 719
151 159
1101 824
163 151
1215 713
189 147
919 1170
168 169
152 196
159 211
184 193
204 172
201 180
195 208
207 219
273 177
236 207
216 229
228 235
223 265
245 245
256 254
251 269
244 292
308 242
288 262
277 289
268 314
352 253
310 284
292 302
284 313
300 310
301 319
401 258
314 315
326 321
303 360
309 359
257 459
311 377
349 332
325 361
388 305
343 353
371 338
328 372
347 357
387 336
329 403
327 404
373 400
379 389
380 397
263 678
400 375
393 395
406 380
407 391
414 390
375 431
306 587
394 420
372 446
382 450
443 394
362 487
472 369
474 392
405 468
415 461
408 488
413 480
402 517
436 451
403 520
404 521
479 417
441 474
519 406
427 498
522 408
573 388
451 492
473 475
528 430
461 494
463 518
508 466
391 723
466 524
586 435
459 568
509 499
498 529
604 458
627 454
496 602
546 539
504 654
580 551
614 538
501 703
675 515
625 570
500 720
729 495
585 622
542 682
600 628
545 692
688 549
709 535
597 653
613 647
681 582
647 635
691 589
462 893
629 667
672 629
735 592
752 576
651 698
634 714
617 726
555 789
670 689
724 645
694 717
792 607
449 1206
806 614
738 704
568 905
737 732
809 673
750 743
562 958
742 769
889 643
1020 564
740 780
836 709
810 728
797 747
718 834
563 1068
882 707
837 740
786 774
733 831
938 671
721 854
744 842
964 680
612 1096
850 773
755 863
926 757
777 870
867 807
696 1060
1138 668
1013 748
959 778
863 853
773 950
981 779
800 927
913 838
870 897
973 806
1008 792
921 868
986 815
929 859
798 1027
1057 798
962 864
698 1248
1018 840
816 1052
825 1055
970 887
865 989
1036 844
857 1012
874 1000
791 1133
1126 803
989 899
861 1037
868 1033
1117 813
910 983
818 1130
1062 860
934 966
1163 800
880 1117
988 974
878 1142
872 1157
1014 970
1005 988
1127 909
1081 934
1076 939
1155 890
1003 1044
994 1053
1184 857
1124 940
1162 923
1041 1045
1006 1108
966 1151
1046 1078
1094 1026
1069 1054
925 1219
1042 1111
1004 1183
953 1229
948 1238
1142 1089
1129 1141
1149 1162
1032 1262
1158 1171
1154 1181
1182 1154
1105 1267
1207 1150
1216 1036
1161 1253
