401566863 580816557
1
sift 444
41 59
54 128
23 26
97 170
81 140
35 60
128 166
62 108
38 63
1090 737
222 317
37 73
846 938
92 149
43 65
1451 1708
216 626
45 69
122 236
71 93
321 500
66 117
126 247
94 104
336 543
79 130
160 234
83 124
381 638
101 113
233 311
113 100
415 733
100 125
200 371
104 123
749 1260
88 161
261 294
91 157
707 1678
138 106
289 443
120 129
797 1493
108 137
356 581
110 168
882 1306
121 167
430 644
117 188
1063 1567
142 219
359 849
154 194
1214 1523
176 197
457 678
165 218
185 208
573 776
210 195
161 251
604 835
360 183
229 266
653 959
214 306
227 277
697 1131
231 282
237 278
710 1211
252 274
254 275
768 1216
293 253
248 328
824 1181
270 295
250 342
783 1244
272 318
268 347
801 1236
296 337
322 301
657 1748
279 359
291 358
869 1196
301 354
328 336
939 1272
475 270
344 339
1104 1192
265 448
311 393
946 1353
312 397
280 474
1153 1231
315 462
670 269
971 1531
362 391
419 366
980 1601
397 378
399 387
1000 1589
366 423
330 481
972 1640
376 421
332 495
987 1689
427 405
452 398
1011 1779
364 463
369 478
1213 1517
447 439
353 557
1156 1643
483 470
458 502
1171 1644
478 487
524 468
1362 1630
449 571
617 450
1351 1700
406 699
420 681
1477 1727
462 608
504 551
1512 1701
526 564
560 554
1574 1656
442 757
603 556
538 601
587 567
561 591
505 679
489 714
582 579
552 634
611 588
548 668
549 680
686 589
598 683
747 560
809 530
1015 480
522 772
683 636
507 886
685 676
569 804
618 726
682 696
612 751
691 709
609 798
563 903
595 867
902 583
720 716
755 704
829 647
728 739
635 880
678 840
786 735
677 890
873 690
649 939
668 916
655 964
790 787
785 823
968 689
799 799
818 780
620 1148
798 845
763 892
819 826
881 743
718 986
757 931
741 989
930 761
711 1089
745 1025
876 822
725 1078
905 803
970 768
833 909
931 844
959 808
769 1088
771 1104
826 1007
997 829
874 930
1103 756
780 1140
816 1070
880 946
1172 746
761 1195
885 957
631 1553
1017 861
1113 779
1021 869
1067 832
729 1303
995 912
840 1102
894 1013
944 953
958 951
1087 862
1202 796
953 980
1233 771
1051 897
1284 758
1026 945
969 990
1120 881
957 1014
938 1055
977 1043
1139 918
1298 828
830 1267
1183 915
1115 976
860 1246
1307 859
1238 911
1046 1072
1138 1002
1056 1110
804 1533
1174 1039
1178 1041
919 1283
1272 972
1135 1092
1060 1176
1274 1001
1151 1135
996 1287
1319 995
1145 1162
1314 1016
1041 1253
1252 1095
1281 1063
1119 1210
1152 1202
1216 1168
1546 896
998 1390
1287 1107
1391 1017
843 1739
2037 762
1335 1084
1404 1038
1038 1410
1332 1150
1248 1218
1379 1116
1201 1262
1433 1053
1065 1444
991 1574
1154 1320
1299 1208
1129 1380
1005 1614
1355 1183
1406 1153
1089 1467
1206 1333
1486 1086
1278 1254
1673 999
1330 1256
1429 1179
1283 1301
1291 1295
1199 1440
1311 1298
1247 1417
1352 1296
1254 1426
1149 1564
1143 1570
1446 1222
1334 1326
1263 1427
1413 1255
1370 1309
1288 1412
1169 1597
1411 1290
1270 1488
1310 1420
1292 1447
1387 1321
1463 1238
1196 1610
1407 1313
1303 1464
1159 1691
1677 1145
1333 1446
1142 1726
1676 1157
1376 1429
1381 1455
1293 1559
1229 1687
1484 1343
1459 1381
1534 1314
1539 1316
1637 1286
1441 1524
1571 1347
1612 1336
1758 1281
1774 1277
1389 1696
1654 1358
2080 1188
1624 1383
1515 1512
1555 1505
1431 1690
1603 1479
1744 1370
1508 1613
1312 1871
1401 1788
1496 1641
1632 1502
2261 1182
2112 1234
1509 1649
2174 1229
1566 1623
1829 1414
1696 1509
1867 1403
1419 1841
1951 1357
1681 1540
1599 1629
1631 1587
1635 1593
1490 1767
1818 1465
1448 1826
1596 1652
1621 1632
1698 1581
1802 1527
1815 1543
2192 1323
1620 1716
1843 1554
1884 1534
1807 1571
2127 1405
1585 1777
1781 1611
2010 1495
2057 1461
1747 1645
2106 1433
2157 1437
1795 1654
1876 1612
2040 1518
1808 1659
2139 1474
1794 1683
1966 1595
1772 1711
2121 1521
1825 1704
1767 1755
2276 1421
2178 1507
1941 1666
2076 1578
1826 1744
1844 1736
2029 1646
2294 1452
1924 1740
2110 1636
1937 1738
2372 1351
1871 1785
2168 1600
2207 1576
2067 1697
2167 1638
2118 1684
2042 1729
2155 1670
2001 1790
2046 1770
2030 1804
1990 1835
2071 1814
2013 1851
1921 1883
2125 1820
2098 1843
2288 1720
2208 1824
2077 1879
2256 1817
2291 1798
2299 1819
401566863 670484749
1
sift 53
154 239
226 334
301 398
311 428
295 635
354 563
347 594
447 536
472 673
548 576
414 892
486 871
501 872
539 845
496 1178
666 853
1238 574
497 1519
556 1348
774 974
1131 790
886 1011
876 1099
929 1064
816 1269
751 1534
1138 1044
875 1310
880 1566
1065 1363
958 1576
1248 1228
951 1683
1025 1601
1083 1532
1252 1317
1596 1070
1406 1255
1043 1740
1073 1726
1118 1688
1463 1257
1381 1445
1915 1162
2159 1087
1389 1703
1795 1299
2126 1207
1845 1509
2076 1454
1807 1734
2256 1514
2352 1529
401566863 742308222
1
sift 306
5 12
54 105
11 31
197 260
321 431
15 19
19 26
62 104
23 29
222 267
602 628
40 49
98 119
122 186
46 50
333 420
671 843
43 52
387 318
218 126
38 67
844 1326
36 82
331 1083
246 174
45 78
56 60
605 653
193 265
63 85
72 84
846 872
200 271
71 87
66 107
1090 833
201 277
103 92
79 120
1345 1375
342 225
83 122
81 133
1451 1371
359 372
100 112
88 149
356 490
91 171
117 160
430 601
138 142
121 159
484 624
116 169
142 203
604 631
146 214
165 188
661 637
185 194
161 237
1059 452
198 206
223 220
558 902
214 243
229 246
632 774
231 254
228 274
672 880
252 256
230 299
653 928
322 245
291 266
697 894
270 288
334 270
710 898
265 355
288 337
748 948
312 339
332 344
768 1050
348 329
307 399
803 1009
360 331
406 317
801 1103
237 681
390 328
869 1042
292 439
429 322
797 1236
419 323
362 357
939 1101
316 419
407 345
946 1265
330 402
280 515
972 1243
370 385
376 384
981 1242
336 508
526 377
985 1273
462 440
487 436
1000 1275
442 519
412 647
1027 1227
598 454
505 539
1011 1287
547 531
626 506
987 1301
747 466
425 911
1470 847
591 594
593 603
971 1402
724 499
587 612
1079 1294
813 462
691 582
1137 1416
612 634
522 756
1153 1438
569 703
562 714
1213 1392
818 547
609 683
1234 1380
855 522
678 665
1362 1494
594 776
887 577
1368 1547
655 743
723 676
1477 1420
970 550
648 767
1420 1513
668 770
620 860
1574 1432
649 838
786 685
1361 1621
757 747
708 893
745 861
735 891
711 938
840 739
1117 630
785 840
770 858
956 675
780 878
771 905
769 919
977 710
819 883
1139 657
718 1047
826 884
913 788
1314 645
761 1057
1311 652
729 1163
1202 694
758 1129
1100 752
873 965
804 1107
1460 649
1281 696
1056 821
1055 827
861 1018
1135 801
1111 824
1238 763
1289 735
919 1044
1233 809
1178 846
1239 815
1204 845
1247 822
1251 841
1518 697
1319 797
1295 811
1167 924
926 1153
830 1409
923 1218
1387 819
1433 804
1379 857
998 1173
1323 917
1305 944
1287 956
1411 881
1129 1105
1333 963
1038 1226
1352 959
1330 982
1216 1089
1063 1260
2037 722
991 1401
1448 933
1175 1159
1332 1041
1275 1079
1394 1028
1425 1012
1716 842
1334 1109
1254 1254
1548 995
1625 958
1263 1271
1293 1211
1159 1413
2209 786
1495 1060
1485 1091
1459 1122
1508 1078
1640 1013
1637 1027
1230 1486
1744 1026
1596 1093
1673 1062
1621 1130
1876 1043
1823 1134
1872 1124
1825 1141
1911 1127
1419 1524
1795 1166
1731 1248
1818 1251
1303 1636
2250 1061
1775 1303
1728 1379
2136 1184
1890 1352
1915 1335
1996 1292
2186 1165
1771 1436
2108 1268
2021 1331
2126 1266
2117 1316
1733 1520
2118 1337
1782 1502
1808 1500
2114 1357
2080 1370
1939 1444
1805 1511
1854 1512
1971 1476
2102 1399
2251 1324
2276 1305
2147 1446
2334 1299
1788 1611
2134 1495
2027 1542
2042 1588
2067 1582
2077 1595
2266 1586
2366 1580
2382 1534
401566863 751210311
1
sift 56
122 230
69 119
931 973
88 197
201 318
117 183
1270 1408
200 369
193 530
363 363
297 405
359 453
293 476
356 475
430 1483
468 527
307 819
783 1159
381 818
794 513
972 1161
411 881
757 778
985 1174
563 1003
1112 663
1000 1360
727 829
1460 673
1167 752
708 1170
621 1450
711 1340
729 1332
736 1351
840 1158
1071 957
1402 813
769 1475
1175 989
1399 1033
2063 863
1857 986
1217 1481
2054 980
1334 1377
1624 1116
2280 948
1332 1438
1823 1162
2159 1092
1908 1193
1503 1484
2272 1086
2301 1202
2237 1368
401566863 789706637
1
sift 85
118 231
154 189
226 290
301 395
397 282
455 285
293 530
361 363
327 444
354 433
311 577
323 555
366 460
407 426
347 505
414 461
364 560
368 598
428 517
447 523
446 563
392 709
427 673
747 366
472 671
496 603
579 503
394 1032
540 561
603 519
526 712
552 683
492 847
548 784
683 630
619 731
549 883
576 835
611 820
623 797
572 985
738 694
618 855
689 796
615 1005
636 1023
874 664
809 738
685 956
699 920
691 953
559 1237
751 940
682 1123
1188 566
641 1217
720 1059
778 966
694 1166
739 1073
741 1088
818 916
790 1038
997 812
1081 765
1341 665
1037 1083
1094 1014
1172 942
977 1168
1404 770
1274 907
1025 1215
1390 939
1432 922
1365 1027
1400 1039
1346 1116
1702 947
1676 975
1727 976
1673 1031
1549 1120
1818 1040
1954 1042
401566863 856798745
1
sift 167
154 181
206 170
227 221
244 224
219 262
301 283
311 298
274 390
281 463
294 456
384 379
407 384
347 432
354 431
559 389
466 442
472 467
414 578
536 470
552 492
487 546
460 587
666 502
496 618
485 638
576 551
497 677
531 712
774 574
539 769
586 867
680 871
706 906
828 780
880 807
1065 707
871 847
1046 735
731 1054
958 840
951 853
776 1050
1406 687
1057 838
1025 866
927 911
1041 858
1112 829
950 1005
876 1077
915 1065
875 1156
912 1103
1179 938
1433 821
1023 1075
1087 1023
1291 915
1132 1008
1073 1053
1484 875
1151 1056
1085 1113
1083 1186
955 1403
1031 1340
1487 951
1107 1266
1196 1185
1167 1225
1284 1121
1431 1029
1194 1250
1490 993
966 1557
1248 1283
1724 948
1118 1447
1381 1182
1288 1262
929 1743
1543 1048
1088 1547
1225 1422
1534 1116
1184 1559
1661 1106
1925 1027
1686 1118
1278 1550
1343 1498
1228 1681
1663 1254
1596 1319
1529 1365
1072 2036
1389 1533
1043 2115
1614 1314
1322 1700
2190 1108
1374 1647
1448 1560
1883 1271
1603 1426
1453 1585
1460 1583
1556 1510
1781 1391
1628 1520
1729 1454
1463 1703
2351 1144
1807 1435
1591 1577
1826 1448
2169 1328
1364 2043
1867 1489
1472 1833
1859 1512
2049 1416
2063 1436
2039 1460
1705 1756
2207 1475
2030 1600
1602 1946
1857 1739
1747 1870
1752 1872
1908 1774
1541 2186
2025 1713
2046 1710
1647 2053
1609 2109
2053 1798
1576 2302
1687 2140
1608 2257
2296 1656
2035 1911
1538 2454
2301 1689
1605 2408
1936 2088
2291 1781
2075 1996
2159 1927
1959 2118
2237 1867
2002 2108
2143 1990
1831 2347
2346 1861
2155 2173
2270 2111
2365 1957
2289 2117
2236 2204
2227 2263
1773 2587
2283 2427
2272 2438
1967 2598
2380 2284
401566863 962831950
1
sift 203
122 344
37 74
178 196
45 70
201 521
94 103
375 496
120 85
200 706
83 139
77 175
289 597
79 172
100 148
356 931
91 184
88 215
441 1275
154 200
142 264
436 1375
161 293
214 334
653 1021
226 342
291 284
270 335
248 379
334 295
301 360
344 339
455 300
397 355
367 400
307 580
265 755
354 434
280 661
347 475
364 491
323 595
427 445
369 583
446 486
496 466
458 532
509 469
447 571
485 527
449 620
472 634
747 413
504 599
526 621
603 556
462 846
492 719
734 488
683 538
552 635
420 1139
611 613
549 714
442 1150
727 573
538 812
686 674
670 718
666 736
685 782
533 1153
1244 508
829 638
691 822
874 654
728 852
720 865
790 792
688 1027
1188 609
815 858
842 831
741 986
677 1148
655 1231
1103 680
682 1202
668 1247
997 775
1081 724
650 1364
819 976
751 1111
950 847
739 1188
785 1066
828 977
774 1102
1051 803
931 884
763 1178
1190 747
1344 660
880 947
1120 788
745 1285
719 1362
833 1081
905 985
1026 913
769 1343
1233 824
885 1098
826 1278
965 1013
780 1399
771 1419
1183 871
851 1210
977 1020
1096 954
957 1112
1139 940
1404 815
865 1336
881 1325
1056 1056
918 1303
1018 1175
1399 875
1087 1117
969 1280
1111 1082
1036 1205
1073 1144
1046 1186
1390 901
2037 679
1379 915
1256 991
1065 1192
1135 1118
1119 1146
995 1351
1287 1000
1067 1249
1196 1122
1252 1080
1211 1164
1161 1215
1448 936
1093 1312
1429 961
1122 1283
1272 1132
919 1497
1274 1170
1177 1320
1381 1085
1702 904
1346 1156
1133 1396
1355 1161
1270 1267
1305 1223
1204 1382
1218 1368
1179 1421
1546 1024
1201 1411
1178 1432
1676 963
959 1510
1406 1224
1612 1064
1247 1479
1970 967
1673 1126
1352 1453
1374 1425
1835 1057
1624 1213
1389 1478
1774 1165
1522 1357
1677 1245
1732 1206
1723 1240
1815 1235
2178 1078
2112 1137
2047 1208
2121 1183
2372 1018
1843 1378
2004 1339
2106 1308
2057 1348
1924 1393
1954 1401
2120 1361
2151 1405
2208 1467
401566863 1064082008
1
sift 90
22 48
26 51
336 901
45 75
62 129
66 132
83 127
92 167
79 155
91 156
129 273
88 207
142 236
122 331
185 196
152 260
200 626
161 272
226 317
201 773
245 431
248 439
289 496
301 443
265 624
356 825
397 334
280 543
361 368
311 562
307 647
354 463
323 606
347 569
424 481
407 501
394 552
414 534
369 744
392 669
427 603
446 582
447 637
449 644
439 765
603 488
472 731
420 1006
540 620
686 514
552 672
593 670
532 779
683 586
549 935
576 875
678 720
572 994
689 796
569 1071
738 843
636 1055
874 723
763 908
785 885
677 1091
699 1033
1188 588
722 1066
649 1231
969 847
739 1221
904 1003
1341 729
1094 964
1390 869
1135 1126
1702 762
1095 1186
1197 1099
1172 1129
1194 1117
1279 1086
1673 892
1676 931
1843 1132
2157 1096
2120 1160
2151 1199
2084 1229
401566863 1305823326
1
sift 78
331 1630
143 246
81 215
931 1049
88 192
201 320
108 137
118 194
297 407
180 321
236 346
359 434
293 355
363 379
356 497
508 391
442 489
657 589
468 553
462 566
480 808
564 514
336 883
606 966
381 816
794 508
697 970
411 1044
504 779
535 1560
1154 578
1112 648
783 1322
621 1250
704 1107
972 1191
902 853
1568 664
973 1234
709 1285
1167 803
985 1239
840 1086
1071 930
987 1334
729 1450
811 1323
981 1378
1824 742
745 1526
1053 1571
736 1572
1411 842
1000 1735
1460 847
833 1483
1156 1523
1296 1010
1175 1100
1514 1732
1552 1067
1399 1176
1646 1621
1624 1117
1825 1060
1346 1440
2063 1041
1269 1631
1321 1599
1857 1142
1908 1137
1334 1604
1355 1637
2280 1081
2301 1161
2159 1261
1874 1568
2323 1341
401566863 1347700863
1
sift 59
178 203
66 162
142 260
83 148
129 324
78 165
161 313
108 111
122 419
79 185
307 724
100 213
201 1029
877 116
551 164
289 538
226 342
291 358
356 1030
245 534
301 468
361 352
265 658
311 792
347 634
414 580
427 678
369 896
446 738
447 784
496 649
449 913
576 619
497 793
472 907
603 602
420 1217
593 706
526 884
552 878
767 594
689 787
532 1163
737 773
569 1192
611 1081
763 824
785 867
699 1012
751 981
720 1086
904 934
911 1007
905 1186
1128 990
1279 987
1251 1031
1624 1115
2015 1169
401566863 1745211470
1
sift 247
249 272
62 111
23 21
35 57
605 685
92 153
44 76
66 117
160 150
83 124
138 91
126 227
110 165
117 206
122 252
214 275
129 245
233 262
219 261
229 255
289 419
226 273
270 244
356 631
293 234
281 326
457 712
272 341
248 397
436 800
310 333
322 321
517 717
265 405
327 318
480 981
312 371
397 327
653 1250
452 309
323 424
697 1355
419 352
311 502
748 1245
332 457
354 421
710 1450
376 426
347 486
803 1459
364 505
366 508
869 1434
390 466
368 552
898 1385
414 483
515 409
439 516
458 490
447 519
427 538
424 544
446 540
358 746
449 559
392 645
487 535
488 543
500 527
472 575
492 548
420 732
406 791
473 620
425 816
489 618
603 489
539 564
508 617
538 586
526 606
747 445
540 600
686 515
532 699
582 615
552 668
598 613
561 680
585 659
638 596
703 558
618 665
809 531
623 720
551 867
549 885
612 779
609 807
696 663
678 713
683 711
731 652
738 660
611 849
666 813
685 843
763 728
636 918
700 865
785 783
597 1129
1258 524
751 834
681 946
680 983
691 960
641 1131
720 979
818 868
804 888
739 1016
945 781
792 962
716 1137
1036 725
995 759
721 1138
773 1024
1026 757
718 1192
688 1321
790 1041
1190 679
798 1040
875 919
800 1052
1114 752
741 1247
969 864
1081 793
997 879
1341 673
769 1274
905 965
826 1186
904 999
851 1085
780 1335
912 1013
816 1260
1094 869
881 1101
879 1114
867 1165
1131 883
1025 977
950 1033
1128 890
958 1022
1172 884
959 1066
1120 935
1021 1037
885 1222
977 1118
953 1179
1067 1070
940 1265
918 1327
1287 916
956 1278
1037 1195
878 1460
966 1303
1198 1011
1162 1086
951 1415
938 1438
1010 1406
996 1420
1093 1270
1238 1111
1043 1398
1399 987
2037 749
1379 1005
1274 1116
1046 1443
1152 1298
1332 1079
1298 1108
1139 1332
1215 1246
1272 1181
1216 1254
1135 1368
1118 1407
1129 1396
1334 1136
1210 1301
1365 1105
1060 1492
1204 1347
1279 1232
1281 1234
1428 1073
1390 1160
1247 1393
1314 1285
1252 1419
1228 1451
1673 980
1285 1431
1546 1167
1539 1207
1448 1326
1413 1411
1549 1217
1676 1110
1374 1484
1677 1149
1406 1485
1732 1171
1609 1257
1684 1223
1702 1213
1716 1215
1697 1263
1624 1320
1933 1173
1815 1226
2112 1182
1773 1383
1879 1310
2004 1253
1843 1400
1978 1329
1852 1469
2015 1429
2157 1410
2040 1481
1744 1517
2151 1471
2327 1515
401566863 1811936640
1
sift 313
788 892
54 75
23 16
35 49
44 84
62 81
45 50
38 68
65 72
92 108
66 77
83 83
100 109
160 126
79 99
81 100
108 120
126 154
91 95
104 85
110 125
122 175
117 173
129 161
152 160
200 312
142 159
161 216
154 202
289 307
185 189
280 329
214 197
356 341
219 217
307 394
227 269
480 701
248 343
336 483
273 292
534 826
281 287
381 576
327 290
535 830
301 383
420 535
312 385
606 810
293 427
411 551
397 321
653 792
334 372
521 604
322 400
697 935
332 379
415 1123
419 354
768 1102
376 374
569 709
424 355
802 1079
323 477
563 820
311 546
898 1001
347 433
622 741
482 348
868 1095
406 401
649 737
354 459
900 1056
414 453
594 834
367 545
971 1120
364 606
507 1110
369 650
1007 1319
428 573
770 658
392 665
972 1363
486 541
668 762
487 556
1028 1398
472 625
677 763
579 493
987 1554
473 686
687 807
539 565
981 1750
686 447
620 920
540 588
1171 1902
533 611
655 953
427 844
1362 1871
593 554
701 963
609 575
1505 1849
612 582
745 925
585 622
1465 1914
496 760
725 994
643 583
598 656
711 1029
552 744
767 600
729 1006
763 620
561 828
830 821
619 735
944 531
761 961
631 768
969 537
771 1026
738 710
819 666
810 972
731 722
549 1076
769 1034
618 881
559 1087
749 1261
615 933
641 890
856 1170
572 1091
1036 615
860 1186
699 861
636 1012
884 1225
904 674
679 926
919 1199
681 975
807 809
1166 931
757 874
714 1011
1038 1307
751 941
789 888
1034 1337
804 906
720 1097
998 1447
881 862
1114 718
1149 1246
741 1175
1190 707
923 1830
680 1332
1128 725
1303 1219
740 1211
715 1276
1214 1520
688 1366
997 829
1159 1610
798 1117
722 1328
1320 1403
1258 720
790 1248
1193 1612
959 955
800 1257
1255 1644
880 1142
995 1020
1230 1730
1025 1021
818 1423
1375 1469
1043 1061
983 1137
1312 1598
1037 1090
1081 1051
1263 1718
905 1264
815 1548
1372 1716
927 1252
1095 1054
1503 1858
1002 1172
885 1427
1567 1899
1279 943
928 1339
1819 1912
1182 1055
950 1299
865 1492
1274 976
1176 1066
977 1294
851 1587
912 1442
1021 1295
1365 984
966 1424
940 1488
1401 992
1172 1208
951 1528
1060 1354
1018 1463
1129 1275
1332 1081
1073 1341
1216 1217
1107 1311
954 1629
1077 1425
948 1699
1252 1251
1093 1465
1046 1621
1429 1122
1531 1035
1459 1099
1225 1388
1111 1547
1414 1163
1131 1530
1196 1501
879 1934
1122 1624
1334 1321
1238 1508
1221 1563
1390 1301
1358 1362
1388 1336
1139 1757
1277 1515
1311 1473
1127 1805
1404 1350
1281 1557
1317 1533
1399 1419
1185 1801
1547 1255
1040 1929
1644 1202
1352 1545
1204 1825
1374 1553
1673 1222
2065 1041
1549 1358
1254 1884
1677 1298
1278 1889
1541 1497
1389 1781
1511 1567
1758 1320
1713 1385
1930 1293
1702 1461
1433 1894
1654 1613
1529 1840
1962 1450
1733 1616
2084 1410
1712 1711
2112 1498
1687 1834
2348 1290
1897 1722
1966 1675
2015 1640
1753 1847
1720 1863
2110 1606
1774 1879
1994 1774
1781 1895
1953 1841
2242 1712
2183 1771
2170 1788
2337 1657
2324 1909
401566863 1865606473
1
sift 168
47 80
26 28
45 50
100 108
62 93
66 91
83 100
117 197
73 116
79 109
92 114
214 191
126 161
142 158
129 159
219 229
122 200
161 201
200 354
226 265
201 391
221 380
280 312
327 288
289 327
301 416
307 459
397 335
356 433
332 397
336 523
361 370
438 614
424 351
425 536
293 572
436 665
414 485
382 609
347 619
535 992
334 773
420 603
428 626
534 1034
411 635
569 757
538 492
606 850
540 591
622 741
472 769
654 862
603 585
770 648
552 743
697 1101
619 709
649 764
683 650
748 1089
416 1519
668 800
689 724
802 1123
738 705
620 1032
763 687
768 1191
819 652
729 927
700 749
899 1020
904 671
830 822
699 907
971 1250
680 1046
761 968
636 1195
972 1398
745 1010
726 1081
751 1017
1360 1760
969 752
712 1197
789 1001
880 845
772 1154
739 1279
694 1511
857 1281
881 1075
958 1063
860 1340
1094 944
1341 779
919 1451
995 1040
1021 1025
1149 1235
1025 1024
1128 970
1038 1397
905 1245
1118 1018
1034 1413
1182 985
800 1619
991 1541
1120 1051
966 1269
1303 1201
1049 1163
950 1314
998 1637
867 1475
1365 969
1321 1447
1332 1067
951 1537
1159 1788
977 1570
912 1684
1312 1599
1018 1580
959 1656
1263 1741
1107 1428
1046 1554
1372 1668
1279 1252
1093 1515
1510 1660
1127 1486
1379 1198
1567 1842
1066 1609
1390 1206
1043 1677
1414 1220
1196 1522
1198 1565
1211 1573
1136 1693
1139 1726
1374 1483
1400 1481
1277 1663
1388 1555
1247 1782
1879 1368
1644 1531
1511 1683
1549 1652
1598 1601
2112 1295
1609 1730
1953 1567
2276 1391
2254 1472
1962 1671
2084 1613
2163 1578
1851 1799
1774 1872
2139 1806
401566863 2019709110
1
sift 171
154 178
227 240
244 269
301 314
295 442
407 353
354 397
363 392
384 385
472 440
449 460
508 418
361 544
414 496
536 457
485 520
552 468
463 559
531 513
496 550
516 543
539 547
564 554
528 620
561 597
706 536
887 508
794 565
724 713
751 694
680 765
978 709
828 800
958 742
950 788
1281 646
1112 739
876 850
1116 758
1239 719
1066 787
1041 796
1131 772
1406 687
1046 833
1151 797
1087 835
766 1251
915 983
871 1048
805 1277
929 1036
1206 848
796 1340
1284 820
874 1179
1672 710
1433 782
1167 933
1291 845
1073 1005
1082 1006
1057 1034
1352 842
955 1173
1289 881
1118 1016
1031 1112
1411 906
1080 1206
1495 878
1238 1103
1052 1304
1228 1147
1381 1009
1248 1159
1184 1296
997 1636
1794 913
1487 1073
1278 1290
1343 1240
1125 1488
1568 1062
1058 1663
1730 991
1388 1271
1296 1369
1050 1761
1463 1237
1698 1065
1288 1433
1490 1230
1197 1618
1026 1994
1460 1299
1534 1238
2007 1025
1813 1095
1543 1246
1603 1211
1389 1428
1596 1234
1749 1137
1915 1083
1364 1518
1872 1114
2046 1066
1043 2133
1183 1946
2076 1102
1494 1439
1781 1245
1685 1328
1663 1349
1304 1837
1472 1563
1825 1301
2029 1223
1529 1523
1556 1516
1538 1539
2034 1242
1823 1333
2292 1116
1705 1418
1628 1470
2351 1091
1889 1353
1307 2050
1608 1577
1692 1508
1432 1926
1552 1744
1854 1530
1867 1520
2176 1356
1826 1564
2256 1326
1795 1599
1602 1816
1687 1738
2098 1472
2035 1535
2126 1559
1936 1700
2030 1657
2237 1502
1725 1894
1857 1800
2025 1688
2063 1716
1802 1939
2168 1682
2177 1680
2162 1701
2280 1600
1671 2142
2291 1675
2301 1666
1846 2058
2143 1862
2068 1950
2270 1793
2231 1874
2382 1627
2159 1991
2346 1782
2053 2092
2141 2088
2380 2061
401566863 2124113243
1
sift 348
54 72
26 49
909 639
45 74
52 85
62 95
63 99
2314 2327
81 98
77 96
122 122
79 103
88 105
100 165
143 142
83 127
129 146
117 137
126 168
110 174
142 195
154 169
200 191
161 198
201 197
219 244
193 240
186 231
297 234
244 239
289 271
266 264
237 427
286 253
359 337
252 299
316 343
268 285
356 389
301 291
307 361
274 316
484 438
287 310
280 404
272 332
535 577
295 329
330 356
281 364
511 644
312 351
336 435
288 411
613 590
332 352
381 458
384 327
606 630
354 347
420 442
358 365
653 664
363 369
398 582
466 373
710 656
442 394
521 609
592 324
697 684
376 485
562 581
414 444
673 742
472 423
570 669
361 594
783 733
531 426
707 563
576 413
748 787
397 616
668 595
551 437
768 862
467 536
620 777
460 545
821 879
505 486
655 798
496 503
801 937
519 493
708 764
552 482
972 866
536 521
701 784
488 597
984 859
500 578
729 760
452 716
900 985
497 604
736 825
643 514
980 973
539 633
712 851
586 753
869 1147
609 736
649 995
513 952
973 1030
612 775
622 1082
680 710
1011 1120
724 694
758 901
751 688
1006 1207
593 1027
761 962
794 700
971 1259
579 1088
769 953
678 914
939 1334
804 770
745 1022
689 1039
898 1427
978 699
772 1110
737 997
1156 1433
757 979
795 1200
828 863
1351 1417
665 1238
718 1398
1057 737
1574 1434
850 891
862 1073
875 902
1480 1589
759 1168
826 1325
1281 677
1361 1893
951 868
856 1321
819 1136
1420 1899
805 1171
884 1264
704 1437
1505 1866
950 955
991 1199
1073 869
1493 1919
1118 850
1045 1164
876 1085
1565 1879
1065 886
936 1335
766 1389
1466 2097
1112 874
919 1369
881 1142
1421 2228
699 1634
830 1540
1041 1011
1938 1734
796 1432
998 1304
915 1158
1477 2381
1132 934
770 2002
1289 847
2066 1787
838 1371
1034 1384
1568 738
1798 2087
929 1267
859 1695
841 1450
1894 2038
1238 961
1039 1420
1352 888
2008 1968
1167 1077
964 1552
955 1351
1855 2111
1107 1160
1143 1362
1072 1225
1043 1329
1159 1530
1082 1278
1175 1202
1230 1612
1284 1092
1184 1215
1229 1625
1074 1359
1071 1401
1308 1587
995 1521
997 1543
1193 2020
1388 1102
1036 1533
1246 1942
1228 1381
966 1745
1255 2072
1248 1408
1129 1517
1462 1712
1251 1416
1049 1771
1419 1804
1331 1414
1411 1314
1476 1741
1273 1489
1389 1377
1981 1418
1672 1106
1058 1803
1375 2068
1374 1429
2007 1034
1498 1875
1014 2102
1343 1514
1312 2378
1183 1789
1473 1413
1532 2010
1197 1781
1381 1561
1578 2008
1807 1201
1692 1266
1506 2182
1667 1309
1332 1655
1501 2197
1596 1376
1460 1494
1582 2156
1529 1443
1485 1500
1567 2390
1216 1955
1825 1315
1674 2275
1188 2101
1402 1692
1690 2332
1334 1816
1102 2266
2089 1993
1867 1322
1556 1519
1757 2348
1463 1624
1364 1824
2235 2086
1261 2081
1304 2037
1881 2437
2372 1094
1432 1793
2239 2432
1491 1721
1472 1765
1872 1462
1749 1534
1414 1958
1550 1775
2030 1487
1390 2160
1346 2260
1666 1768
1616 1997
1459 2268
1908 1754
1644 2021
2049 1706
1779 1911
2063 1708
2145 1659
1898 1839
1605 2172
1654 2163
1687 2132
2143 1749
2096 1820
2054 1870
1831 2065
1837 2071
2256 1714
2140 1848
1511 2463
2076 1932
1546 2449
2111 1914
1933 2064
1750 2239
2207 1844
2359 1672
2159 1930
2237 1878
1991 2152
2015 2203
2221 2000
2382 1676
1820 2383
2025 2272
2380 1936
2231 2257
1877 2473
2060 2419
2161 2374
2297 2259
2301 2263
2227 2373
2336 2351
