411685623 476880634
1
sift 118
400 316
467 396
38 44
804 569
45 50
797 663
42 55
808 660
46 59
1013 736
49 57
1349 1615
70 73
67 78
87 76
79 87
93 80
128 108
129 109
111 118
141 114
151 113
198 132
166 157
233 165
254 174
257 180
297 214
285 239
322 216
228 337
305 269
327 256
378 264
332 311
444 293
375 342
386 380
439 363
426 393
370 444
520 368
493 482
648 399
591 434
584 451
598 454
622 484
677 459
688 525
660 555
676 554
775 536
424 1229
692 624
937 508
918 515
785 585
781 620
780 642
979 534
862 581
1021 539
1193 511
902 579
1400 491
1159 537
914 635
1007 592
653 930
811 779
1044 646
1315 578
1196 652
896 796
1060 750
1184 738
1736 600
1327 702
1180 775
1226 759
1520 697
1029 878
827 1153
1086 921
1646 740
1074 954
1467 788
1195 913
1100 1007
1388 843
1201 962
1320 928
1431 898
1304 949
1475 903
1373 941
1680 845
1600 872
1474 958
1622 914
1119 1254
1570 966
1555 984
1639 944
1624 960
1447 1080
1648 1012
982 1619
1707 1001
1729 990
1141 1565
1802 1074
1709 1248
1848 1148
1821 1261
1841 1555
1842 1573
411685623 528510916
1
sift 155
134 143
117 99
18 9
244 191
260 264
28 24
272 252
225 188
38 40
531 430
275 255
42 51
364 313
249 228
47 52
797 647
269 297
49 67
804 620
324 373
55 60
1152 798
345 369
59 59
808 834
382 352
67 72
1559 942
655 627
87 68
1349 611
341 395
79 82
1371 1124
669 672
97 91
1013 748
401 390
111 83
1369 1195
1497 1053
106 88
407 413
126 84
128 92
544 545
129 102
141 109
760 689
166 106
151 123
1054 637
176 169
280 167
957 968
248 206
370 176
1178 1018
228 269
297 214
318 202
233 272
285 249
293 247
300 260
327 233
340 239
356 257
295 312
321 292
332 310
376 304
200 729
353 376
424 340
444 330
386 402
469 386
426 406
520 361
660 328
493 530
606 455
611 497
489 644
623 511
688 521
860 471
569 649
920 481
621 639
692 645
725 633
785 595
780 606
781 630
654 784
937 580
450 1588
1007 578
978 594
1400 529
914 651
862 693
896 708
875 721
922 719
1060 703
653 1196
979 770
1029 766
1184 722
1134 746
1555 634
881 906
1226 724
934 866
1196 760
956 902
1074 833
827 1095
878 1076
1213 816
1181 847
1388 768
1321 793
1086 929
1646 755
1595 769
1244 911
1431 831
1600 808
1373 891
1201 975
1661 839
1573 887
1570 888
1624 879
1639 876
1714 873
1474 959
1447 1023
1759 914
1775 925
1527 1068
1821 938
1802 1010
1787 1026
1428 1229
1530 1204
1804 1090
1803 1096
1781 1137
1736 1266
1796 1422
411685623 561836557
1
sift 254
98 108
24 21
604 706
125 96
65 42
121 107
43 65
955 1451
131 159
55 63
152 175
79 66
1637 1211
196 261
77 84
179 370
86 81
1410 1475
225 319
89 105
299 288
116 93
1792 1632
291 301
135 91
237 368
146 137
269 359
162 139
350 310
127 215
324 349
174 179
345 374
165 190
365 417
242 222
465 402
213 250
464 398
215 298
382 492
264 283
401 495
304 245
429 462
280 280
431 471
257 305
511 431
315 246
633 388
275 294
459 545
327 255
475 533
316 268
559 570
303 292
627 527
322 270
509 635
362 257
544 642
300 325
637 596
230 433
634 619
363 306
587 656
445 271
673 608
320 372
602 713
372 375
904 513
306 500
683 653
375 403
731 641
387 406
664 696
616 313
655 712
422 425
669 733
376 558
967 586
438 478
630 808
505 436
705 756
487 490
769 702
678 420
837 667
497 579
760 828
498 590
779 850
584 503
830 803
620 479
833 976
680 463
1033 860
597 542
1048 865
649 536
964 925
654 544
1053 906
519 657
966 965
711 523
1034 1102
499 711
1170 1023
469 796
1169 1098
490 771
1486 1041
606 625
1319 1015
813 663
1365 1156
744 729
1219 1317
714 757
1137 1441
851 660
1160 1457
1334 555
1534 1352
784 722
1829 1222
859 664
1497 1644
841 699
1614 1602
807 758
1733 1520
907 695
1830 1582
920 708
1755 1690
848 785
759 897
733 941
1041 719
783 902
810 884
1065 732
986 778
752 984
981 794
1117 752
991 837
1072 793
1400 683
1050 818
936 876
828 982
1090 843
1044 853
1396 725
661 1377
1049 871
1378 744
1095 858
1029 910
1237 836
1067 895
682 1436
1314 816
945 1003
1347 809
1251 855
1106 929
1125 926
962 1049
1438 842
1525 826
1176 969
862 1230
1301 932
1320 935
1285 967
972 1234
1317 985
1279 1016
956 1276
1084 1163
1339 1001
1230 1089
1162 1146
1311 1059
1586 964
1289 1079
1197 1150
1056 1297
1729 931
1528 1002
1612 974
1402 1058
1590 990
1386 1076
1807 915
1626 991
1375 1097
1576 1029
1499 1064
1688 1004
1158 1303
1177 1296
1101 1394
1302 1196
1411 1143
1326 1183
1196 1305
1683 1055
1342 1209
1657 1086
1671 1087
1476 1193
1236 1364
1366 1277
1654 1151
1835 1071
1674 1174
1260 1469
1602 1221
1491 1300
1210 1591
1474 1360
1413 1421
1764 1201
1748 1213
1312 1556
1505 1397
1520 1392
1647 1308
1809 1215
1492 1460
1488 1523
1556 1470
1649 1430
1673 1425
1563 1533
1791 1385
1681 1553
1713 1525
1605 1720
1851 1514
411685623 751210311
1
sift 70
104 99
162 109
324 212
152 134
350 218
234 137
632 228
422 154
627 334
230 217
634 389
399 281
558 374
616 233
602 454
492 335
509 423
306 743
830 508
637 360
769 405
672 370
833 536
967 318
760 541
586 490
837 543
834 450
1033 603
706 514
1365 567
744 517
1053 609
890 681
964 686
1041 630
1178 606
1564 569
791 1099
1090 707
1170 713
821 835
1829 645
1301 661
1214 783
1162 712
1830 838
1319 665
1755 695
1050 766
1658 951
1251 735
1603 834
1320 753
1733 927
1576 718
1152 1167
1132 828
976 1079
1008 1490
1558 795
1646 785
1534 1084
1649 841
1230 1185
1662 1002
1176 1372
1494 1134
1605 1359
1700 1511
411685623 856798745
1
sift 109
37 26
219 173
256 181
230 211
296 213
393 236
462 273
306 444
451 297
372 379
463 370
505 448
541 431
794 329
550 475
932 339
834 391
659 456
736 442
741 467
712 512
842 459
589 618
619 588
802 511
749 611
843 551
620 772
756 630
770 679
947 578
916 604
848 675
1159 559
958 638
1461 553
990 708
991 712
1041 752
1068 758
1058 779
859 931
1109 768
1323 682
1127 781
1295 705
1167 783
1485 672
1023 878
822 1117
883 1023
1191 800
1043 906
877 1121
1317 796
1135 915
1250 858
1314 867
1057 1067
1360 871
1260 914
1729 738
1259 936
1289 924
1065 1208
1114 1164
1102 1182
1140 1149
1564 907
1106 1278
1776 892
1132 1342
1701 917
1511 1005
1499 1073
1519 1088
1302 1270
1765 992
1633 1074
1810 975
1805 983
1705 1045
1738 1033
1399 1266
1643 1116
1224 1502
1556 1202
1352 1366
1647 1235
1715 1186
1552 1350
1690 1229
1558 1411
1606 1435
1162 2079
1478 1591
1649 1455
1667 1444
1413 1703
1474 1688
1798 1387
1330 1952
1657 1687
1471 1977
1671 1702
1568 1969
1807 1680
1660 2007
1689 2106
411685623 868876902
1
sift 143
134 126
83 68
3 4
7 3
125 86
35 29
158 168
104 70
126 92
244 255
481 336
131 73
272 238
152 111
150 120
364 406
511 454
165 133
808 992
237 163
293 112
1257 1189
634 514
234 154
1750 1236
225 174
291 179
1447 1198
683 521
269 198
249 280
327 212
1803 1450
966 517
324 229
345 250
285 267
830 570
242 317
341 271
316 260
833 651
312 282
334 344
320 301
779 707
479 221
401 318
464 300
837 689
407 325
420 372
372 379
1365 569
459 380
509 361
422 422
965 664
471 404
726 398
498 374
1784 729
482 399
602 500
504 386
1214 881
492 408
637 497
404 485
1094 1363
609 359
628 533
616 395
1829 1119
672 472
610 550
706 536
1345 1627
595 588
760 526
620 730
905 480
1026 543
645 741
731 667
955 568
678 794
1228 507
1040 551
854 652
1105 581
1008 622
890 641
986 618
1033 670
874 677
792 806
1053 682
1204 630
1006 722
1238 668
907 782
962 757
1169 701
1162 714
1127 739
1497 883
1196 733
1068 803
1614 894
1219 753
809 986
1698 946
1286 735
859 1002
1733 997
1041 902
1278 812
1534 1204
934 1113
1027 1092
1640 1320
1634 828
1132 1042
1302 945
1558 878
1649 948
1312 1108
1715 939
1689 966
1279 1174
942 1695
1804 944
985 1691
1158 1474
1662 1088
1518 1222
1402 1332
1251 1807
1573 1491
1838 1274
1583 1668
1605 1726
411685623 936120456
1
sift 76
84 68
49 71
282 202
93 83
249 226
129 130
237 239
128 143
225 261
297 200
260 245
285 258
324 344
332 324
382 305
444 284
401 338
424 312
407 371
439 370
544 562
370 512
628 621
426 448
760 668
593 492
1053 966
676 475
1497 1067
648 500
621 556
1792 1910
937 444
450 1037
688 581
842 547
821 554
692 700
654 761
1020 536
780 674
781 695
902 619
914 681
653 1272
896 869
922 863
1600 655
1100 858
1074 899
1573 749
1646 751
1030 1046
1086 1058
1195 1010
1291 940
1201 1082
1775 868
1438 983
1475 961
1639 969
1431 1078
1171 1339
1729 1027
1680 1054
1632 1121
1569 1168
1624 1156
1781 1118
1141 1773
1802 1193
1810 1196
1709 1306
1848 1439
1744 1713
1842 1688
411685623 1076394345
1
sift 165
364 436
125 97
24 15
121 113
165 175
131 148
209 188
193 250
318 147
225 361
243 217
234 229
300 308
350 331
436 363
464 469
372 522
429 516
422 460
475 517
462 428
511 519
498 504
633 431
492 515
459 575
584 467
559 619
578 472
634 742
631 553
673 705
597 636
731 694
649 635
904 570
711 599
773 663
675 660
714 718
736 615
769 813
635 766
744 770
737 678
683 989
944 568
967 637
848 605
837 834
824 626
630 1223
794 671
830 865
659 815
779 960
762 722
964 909
639 866
752 1183
859 666
833 1149
858 683
1033 954
853 701
966 1124
802 773
1048 1007
962 664
1053 1112
1065 697
1182 1039
1117 693
1170 1272
857 869
1176 1065
1023 796
957 1680
1072 783
1034 1603
1644 622
1486 1231
861 991
1160 1599
1237 756
1534 1633
930 929
1219 1664
822 1078
1829 1384
1245 765
1396 723
1251 786
1113 863
1255 804
981 972
1191 838
914 1052
890 1080
1090 914
1029 965
1044 971
958 1050
916 1157
1050 1034
1136 966
854 1233
1055 1053
1330 861
1218 924
989 1144
1320 931
960 1228
1132 1105
1347 948
1382 963
1279 1024
883 1584
1111 1235
1400 1042
1230 1145
1254 1132
1301 1109
1259 1141
900 1655
1521 1056
1406 1137
1184 1304
1012 1585
1309 1217
1545 1125
1713 1047
1106 1493
1657 1089
1198 1374
1671 1101
1610 1150
1612 1163
1295 1347
1528 1203
1576 1201
1114 1657
1386 1333
1747 1156
1285 1473
1553 1263
1250 1538
1512 1289
1617 1232
1317 1460
1289 1542
1721 1273
1746 1258
1548 1424
1706 1335
1457 1578
1582 1484
1760 1407
1629 1549
1833 1433
1702 1625
1828 1551
1695 1690
1851 1614
1853 1616
411685623 1203176847
1
sift 314
98 67
24 18
1783 1573
121 77
35 26
83 94
33 27
125 86
37 28
104 87
43 38
131 100
82 57
152 122
127 102
237 184
146 92
225 196
150 101
269 217
172 97
249 195
165 149
324 245
175 147
341 256
234 159
352 254
227 193
350 268
318 156
401 277
230 221
365 315
232 243
481 297
280 200
392 326
242 238
419 402
284 226
459 407
303 204
511 448
304 220
509 424
247 506
587 455
320 349
637 372
362 302
516 583
372 331
558 442
380 322
630 490
404 328
627 504
421 312
634 554
399 344
544 589
464 284
602 594
493 296
731 487
438 363
664 581
451 367
683 586
422 388
760 611
452 383
628 659
498 373
773 617
442 411
769 584
616 348
705 671
497 425
830 619
492 435
779 689
505 438
837 717
469 495
915 667
473 489
966 654
477 530
866 723
490 518
1105 755
499 517
964 859
487 549
1026 790
649 420
1053 817
571 545
1033 802
793 427
1243 849
661 525
955 853
680 511
1169 949
758 468
1170 766
695 509
1214 990
904 412
1008 1002
658 547
1346 958
672 541
1238 839
870 433
1137 1145
886 430
1486 775
711 557
1229 1123
706 570
1303 915
620 630
1410 1102
618 646
1358 975
703 600
1497 1095
684 634
1404 1004
744 623
1365 1175
739 649
1755 1049
801 629
1324 1319
967 555
1637 1161
784 652
1830 1210
717 735
1534 1307
674 768
1733 1329
819 661
1658 1442
851 653
1829 1276
907 635
1737 1377
1718 462
1614 1490
795 743
1698 1555
713 850
1682 1717
914 681
1827 1594
874 706
1825 1800
848 741
986 678
792 819
920 718
752 899
1052 660
981 698
991 700
759 917
714 1011
824 814
937 750
807 883
1034 720
763 969
890 792
854 827
958 759
809 914
864 823
882 809
1068 729
840 861
859 837
962 781
1021 770
1159 742
1048 797
945 877
1055 826
822 1082
844 1036
1093 815
911 974
1191 786
1095 840
1104 841
970 995
1041 926
1162 857
877 1131
1196 852
1050 977
1114 947
1072 984
1090 985
858 1223
1536 776
1032 1056
1044 1061
1198 934
1219 930
1319 881
1295 906
1176 999
1564 807
1339 894
1285 922
1259 959
1378 900
1468 863
1250 1014
1342 945
1106 1156
1101 1162
1102 1171
1290 1024
1575 886
1334 992
1326 1007
1132 1176
1484 940
1289 1041
1314 1032
1293 1055
1317 1058
1117 1240
1476 988
1251 1134
1703 908
1227 1168
1278 1141
1301 1139
1344 1117
1218 1213
1311 1152
836 1965
1396 1122
1279 1217
1320 1220
1576 1107
1230 1323
1729 1052
1556 1173
1424 1224
1273 1345
1154 1574
1590 1178
1634 1150
1092 1765
1237 1486
1302 1405
1413 1297
1539 1235
1748 1132
1520 1269
1541 1255
1806 1112
1479 1314
1558 1281
1474 1348
1158 1816
1451 1439
1805 1193
1587 1332
1500 1424
1602 1335
1764 1233
1673 1294
1561 1408
1835 1199
1715 1299
1578 1434
1312 1739
1591 1436
1775 1303
1759 1318
1612 1497
1494 1684
1438 1755
1649 1545
1809 1342
1657 1576
1671 1551
1678 1578
1631 1667
1667 1648
1769 1571
1572 1799
1683 1695
1568 1844
1804 1606
1818 1603
1724 1774
1851 1487
1807 1722
1735 1846
1859 1544
1828 1856
1791 1966
411685623 1228518096
1
sift 583
832 777
15 9
3 0
1803 1209
48 37
21 15
1349 1600
83 50
23 19
1447 1519
82 59
25 21
1762 1661
78 62
27 25
1570 1673
92 61
38 30
98 76
44 39
104 81
55 52
117 89
69 46
120 92
70 48
109 96
67 54
131 98
79 77
125 106
86 79
140 124
93 69
152 142
97 85
161 144
127 70
195 175
106 100
204 151
111 114
192 183
133 102
225 194
96 167
258 211
128 121
249 225
129 109
212 254
115 139
234 242
132 133
269 215
141 107
289 208
122 153
222 265
147 116
282 232
135 138
302 275
148 136
291 272
130 162
324 298
164 178
345 307
174 172
341 316
165 187
377 292
218 166
352 330
273 145
384 303
203 207
350 347
172 252
365 329
205 213
382 328
227 197
381 336
217 212
418 356
220 217
401 371
242 226
496 306
267 234
407 380
263 235
431 396
257 247
380 405
256 268
429 397
317 219
506 370
280 259
448 407
285 257
459 429
228 341
475 434
298 267
465 480
246 331
509 475
304 261
464 483
219 392
544 477
300 305
603 424
296 343
511 532
327 295
558 536
306 322
610 496
320 304
587 526
321 318
542 597
378 279
788 416
441 246
602 531
332 339
666 512
358 323
634 541
335 359
697 515
343 358
628 587
323 378
630 603
356 353
669 602
366 357
664 616
393 345
655 637
376 361
627 704
372 368
637 703
360 389
683 786
399 367
760 707
421 352
921 605
477 319
917 610
390 399
732 772
362 444
720 793
439 366
761 748
386 418
768 752
370 457
800 717
422 404
779 775
462 379
866 691
408 431
726 843
413 442
604 1048
342 607
632 1008
371 545
839 736
444 425
924 695
438 455
769 839
443 454
1008 731
375 557
840 861
470 437
957 796
487 421
966 834
454 458
1026 817
406 548
830 1001
490 427
1078 835
412 542
955 967
456 482
1053 993
426 528
1118 905
473 474
1160 940
451 502
1035 1000
601 382
1137 973
482 490
964 1161
571 402
1294 890
492 478
1370 869
493 489
1033 1171
498 487
1229 998
505 484
1105 1115
519 469
1088 1134
480 521
1247 996
548 446
1178 1079
430 589
1169 1179
495 506
904 1446
555 443
1346 1049
504 513
1325 1069
445 579
925 1566
489 540
1219 1227
485 547
1238 1238
552 493
1277 1223
463 595
1603 1061
583 479
1290 1268
682 420
1460 1177
520 555
1497 1215
526 577
1593 1193
450 710
1345 1337
535 590
1182 1562
541 583
1793 1144
636 535
1365 1468
529 661
1534 1505
645 544
1637 1534
654 539
1634 1501
562 619
1604 1678
584 627
1755 1540
676 564
1614 1798
606 628
1733 1750
706 553
1825 1634
640 620
1735 1762
620 650
1692 1931
597 678
671 611
578 712
709 599
574 735
674 644
688 639
641 694
649 687
600 754
631 724
707 667
635 757
567 856
659 740
693 702
759 673
703 743
660 810
692 771
752 727
807 682
826 659
743 751
711 792
685 822
727 774
680 829
725 785
782 715
795 713
799 709
741 782
653 895
684 862
770 773
749 808
736 824
737 828
784 781
648 964
858 728
821 784
809 815
822 803
781 849
932 741
829 826
815 857
745 966
945 765
772 918
899 812
805 896
864 838
802 904
842 874
762 1017
879 851
721 1114
860 863
972 811
796 980
776 1032
857 903
877 906
859 917
918 881
953 868
929 886
854 947
872 927
950 883
874 942
961 880
916 919
852 987
851 992
907 943
794 1168
843 1038
920 951
1036 878
890 1004
883 1025
1006 912
848 1073
1012 913
896 1033
824 1175
853 1102
1015 931
997 954
827 1204
970 997
885 1106
978 1002
1044 941
1101 908
914 1092
947 1054
1020 971
989 1018
983 1021
958 1055
844 1243
1047 981
1093 955
1034 1011
928 1137
1019 1036
1017 1047
968 1094
901 1201
867 1289
981 1138
1032 1090
1177 963
1050 1085
962 1189
1100 1043
911 1279
1085 1071
1074 1081
1018 1162
1023 1154
1070 1104
1150 1052
1227 1010
930 1344
951 1329
982 1293
1055 1220
943 1340
1067 1211
1260 1023
1007 1298
944 1373
1086 1216
1109 1230
1132 1206
1333 1015
1114 1233
1205 1118
1087 1253
1081 1263
1215 1131
1041 1316
1195 1183
1029 1354
1234 1159
973 1443
1273 1111
1312 1087
1202 1218
1196 1242
1287 1165
1197 1250
1065 1391
1072 1415
1090 1396
1302 1200
1163 1320
1200 1299
1103 1404
1096 1412
1278 1241
1192 1322
1117 1418
1052 1528
1236 1312
984 1730
990 1764
1310 1281
1102 1539
1135 1466
1281 1306
1225 1360
1207 1385
1220 1368
1564 1135
1198 1410
1250 1361
1577 1157
1413 1252
1301 1332
1264 1370
1432 1272
1445 1278
1185 1521
1317 1350
1285 1413
1174 1591
1558 1269
1400 1358
1366 1400
1311 1453
1306 1475
1515 1330
1253 1572
1226 1627
1454 1371
1295 1526
1322 1492
1571 1334
1476 1402
1511 1387
1237 1705
1598 1341
1384 1510
1352 1565
1382 1548
1318 1626
1499 1445
1799 1254
1331 1619
1572 1397
1300 1690
1479 1477
1232 1823
1650 1365
1254 1797
1426 1584
1406 1594
1439 1575
1556 1454
1495 1514
1422 1590
1323 1704
1457 1574
1389 1675
1461 1609
1673 1398
1503 1563
1431 1653
1551 1535
1481 1592
1379 1741
1591 1511
1592 1508
1435 1685
1817 1335
1561 1586
1472 1679
1521 1638
1411 1772
1462 1767
1796 1403
1380 1869
1485 1749
1706 1498
1616 1628
1701 1532
1465 1821
1664 1642
1605 1718
1573 1768
1804 1491
1618 1719
1646 1698
1471 1908
1474 1919
1578 1811
1686 1672
1581 1839
1574 1844
1649 1780
1671 1735
1748 1669
1602 1860
1611 1872
1638 1852
1685 1790
1772 1682
1715 1755
1594 1907
1834 1580
1751 1712
1744 1746
1695 1824
1612 1928
1801 1695
1709 1836
1707 1848
1712 1846
1663 1916
1697 1870
1657 1930
1729 1854
1705 1921
1688 1964
1713 1957
1842 1786
1769 1933
1781 1925
1831 1849
1776 1951
1836 1927
1851 1959
1859 1961
411685623 1305823326
1
sift 61
324 215
162 123
683 429
234 127
350 249
399 253
634 500
616 266
509 331
492 353
830 477
637 356
602 457
672 377
837 583
967 320
731 434
631 514
779 650
834 425
760 495
744 480
1365 531
756 473
700 573
620 664
965 684
890 566
955 606
763 763
1162 586
1243 597
859 757
907 744
1755 525
792 870
1041 726
1008 794
1090 844
1335 725
1324 854
1576 749
1301 796
1640 963
1132 949
1251 899
1733 934
1302 954
1065 1203
1698 956
1631 936
1664 921
1614 1179
1558 979
1649 958
1534 1263
1158 1483
1176 1465
1499 1457
1471 1644
1828 1449
411685623 1358582240
1
sift 367
134 125
48 53
23 16
187 169
83 49
25 22
244 179
117 95
39 33
272 263
109 112
47 51
364 236
104 121
49 55
400 398
131 126
59 52
804 725
152 139
45 78
808 806
170 176
69 54
1013 934
225 203
93 89
1392 942
227 198
101 123
237 216
111 136
1803 1203
249 219
126 212
302 206
174 172
234 265
141 259
269 238
219 183
289 228
242 180
341 313
263 174
284 295
298 227
324 339
256 262
290 406
304 245
350 325
296 267
345 363
338 255
365 336
257 391
391 345
332 307
382 387
366 287
401 374
321 360
418 368
477 269
407 417
327 381
475 376
335 380
709 288
372 334
429 437
399 333
509 465
393 347
544 443
361 415
464 538
422 355
481 561
413 379
543 508
356 455
610 473
397 429
559 525
445 385
595 518
406 459
674 461
480 413
700 464
371 554
602 522
482 440
573 568
436 492
628 532
456 503
587 589
452 505
596 582
492 458
627 604
498 468
637 608
505 463
664 594
444 547
633 620
458 536
655 717
497 497
630 748
620 420
732 680
548 481
726 686
619 442
1026 572
590 491
744 733
643 469
849 658
598 513
761 844
535 601
760 864
586 548
866 782
631 550
957 770
811 453
830 898
584 607
1160 759
759 496
845 929
640 567
964 1011
727 523
1034 858
426 1041
955 1065
716 579
1176 813
578 719
1137 1032
859 528
1048 941
574 734
1335 886
688 640
1325 983
611 727
1053 1247
854 565
1105 1234
711 669
1793 857
660 721
831 1788
741 651
1535 1019
764 638
967 1560
649 749
1733 1059
736 679
1410 1248
593 838
1238 1388
823 660
1303 1414
684 809
1178 1621
743 764
1615 1233
762 745
1404 1439
692 829
1370 1421
802 742
1345 1519
745 835
1219 1733
805 781
1792 1544
815 767
1541 1579
842 761
970 690
1319 1938
939 718
890 751
950 732
858 805
874 803
877 811
730 1038
852 836
781 924
894 819
892 826
1131 714
945 827
1093 775
695 1209
1096 789
1047 821
936 884
848 976
927 923
991 887
851 1031
1065 842
896 995
947 970
1050 891
847 1114
1117 881
958 1004
1147 871
853 1142
1063 944
1103 916
998 1028
962 1056
1090 950
1017 1023
1019 1024
1555 788
1041 1021
907 1158
1027 1045
1114 988
1706 773
913 1223
930 1207
1043 1082
1480 843
1044 1119
1055 1116
1260 957
1199 1013
1133 1067
1237 984
1230 996
1112 1095
981 1227
1317 937
1586 850
1072 1172
1352 947
1400 927
1074 1186
1342 971
1509 920
1250 1064
1086 1216
986 1334
944 1406
1192 1128
1167 1167
1289 1078
1071 1283
1688 907
1198 1185
1300 1105
1061 1331
1413 1057
1110 1298
1663 946
1264 1160
1438 1061
1201 1225
1007 1466
1374 1107
1309 1153
1330 1156
1671 1005
1038 1479
979 1639
1471 1123
1499 1113
1225 1289
1447 1146
1457 1141
1323 1218
1501 1139
1322 1238
1251 1301
1570 1118
1281 1287
1254 1333
1196 1424
1396 1249
1631 1138
1556 1188
1052 1713
1411 1272
1539 1232
1605 1205
1399 1327
1163 1640
1380 1366
1482 1299
1255 1522
1461 1343
1184 1681
1612 1270
1295 1507
1382 1458
1683 1259
1657 1306
1606 1346
1592 1356
1426 1482
1582 1384
1672 1323
1401 1533
1474 1477
1465 1492
1285 1694
1613 1394
1558 1440
1565 1436
1406 1566
1589 1419
1444 1539
1617 1404
1327 1674
1476 1529
1674 1371
1616 1435
1713 1363
1462 1586
1388 1685
1667 1432
1623 1480
1619 1546
1431 1800
1484 1746
1633 1584
1649 1580
1818 1429
1701 1558
1646 1671
1801 1500
1629 1692
1481 1853
1812 1476
1833 1465
1549 1861
1523 1882
1716 1670
1834 1517
1747 1665
1831 1542
1724 1769
1828 1623
1841 1616
1769 1776
1851 1549
1710 1924
1776 1915
1611 1948
411685623 1430327691
1
sift 322
83 40
25 21
104 80
65 55
117 85
93 75
131 106
133 107
152 112
141 143
174 138
129 179
191 133
128 225
225 135
242 189
289 145
263 186
249 160
306 168
282 155
234 240
269 167
256 229
237 231
298 224
284 241
304 270
384 198
291 278
324 257
321 327
341 262
332 323
345 260
366 301
350 261
372 317
365 266
393 315
382 265
376 344
418 277
343 418
407 307
422 324
429 333
399 361
475 312
487 341
446 337
361 500
509 417
505 400
544 414
504 401
637 366
444 484
610 388
480 467
628 489
406 578
674 453
445 554
699 512
413 608
655 547
371 909
726 538
498 597
849 482
426 747
866 545
606 509
760 606
497 690
905 540
676 526
845 717
706 524
957 753
620 579
890 899
535 664
955 862
693 528
1035 796
484 799
1137 759
529 706
1178 865
759 522
1053 975
707 590
1034 989
631 640
1325 820
578 726
1033 1077
749 591
1460 867
703 629
1230 980
675 659
1182 1114
799 605
1048 1150
689 674
1793 840
716 654
1236 1079
649 729
1497 983
574 870
1219 1110
635 839
1238 1285
692 768
1176 1268
711 758
1040 1615
741 734
1593 1131
680 802
1684 1093
807 677
1534 1346
854 639
1825 1263
816 695
1614 1763
945 623
1755 1731
829 688
1012 620
822 757
894 720
737 961
1006 718
781 939
879 798
916 784
684 1139
954 786
719 1112
842 901
860 888
858 907
884 882
852 925
877 908
685 1277
660 1381
883 918
805 1031
874 949
1101 776
859 965
1036 811
1139 763
1020 868
1032 872
1047 869
730 1358
1151 803
872 1015
1085 861
896 1011
937 994
947 986
1093 894
1018 946
1131 895
919 1052
1185 874
1044 969
848 1223
920 1111
958 1058
1227 880
794 1435
993 1063
1333 852
907 1219
962 1137
927 1225
978 1168
1067 1087
1081 1084
1273 968
1153 1050
1114 1089
914 1357
1207 1035
853 1478
1071 1184
1017 1260
1055 1256
1050 1276
1096 1233
1086 1272
1174 1174
1520 964
1163 1254
1439 1026
981 1475
1366 1061
1222 1204
815 2024
1197 1258
1043 1438
1289 1167
1476 1045
1065 1426
1192 1324
1135 1401
1041 1492
1479 1118
1087 1479
973 1686
1198 1418
1100 1527
1445 1236
1264 1389
913 2047
1201 1459
1200 1465
1019 1732
1539 1232
1007 1857
1413 1321
1359 1377
1110 1698
1565 1274
1600 1273
1311 1469
1342 1455
1627 1288
1529 1350
1511 1362
1322 1480
1799 1165
1250 1548
1585 1323
1572 1345
1551 1383
1313 1513
1662 1342
967 2391
1789 1270
1327 1597
1245 1776
1254 1755
1574 1458
1457 1524
1605 1443
1237 1850
1727 1385
1384 1630
1295 1768
1281 1810
1461 1612
1482 1607
1390 1713
1492 1624
1592 1530
1499 1628
1255 1991
1330 1881
1542 1649
1411 1800
1602 1585
1748 1489
1380 1910
1558 1705
1573 1685
1616 1643
1308 2092
1664 1606
1606 1670
1804 1491
1643 1665
1646 1677
1712 1601
1503 1861
1426 1964
1617 1717
1743 1583
1554 1876
1594 1856
1382 2185
1801 1604
1474 2098
1373 2285
1695 1782
1399 2277
1644 1925
1618 1956
1465 2226
1667 1920
1612 2067
1655 2049
1622 2105
1431 2409
1462 2388
1657 2144
1631 2220
1701 2123
1781 1996
1742 2223
1798 2133
1769 2200
1683 2378
1724 2331
1812 2231
1834 2166
1776 2350
1764 2404
1842 2327
1828 2403
1710 2455
1851 2395
411685623 1689478995
1
sift 132
272 201
83 72
35 19
364 407
109 58
104 65
1013 732
125 68
150 94
481 264
131 67
152 96
234 122
511 372
237 134
225 146
275 179
588 353
269 154
329 180
316 206
634 411
324 194
341 204
312 239
683 453
382 199
365 253
320 238
830 504
493 192
350 269
464 225
966 473
401 248
334 340
479 227
779 569
429 309
420 334
422 331
837 563
616 268
459 322
469 348
833 589
509 298
516 300
492 333
965 729
604 296
558 329
519 362
1365 659
637 311
726 342
609 364
1784 708
571 408
655 427
498 481
1829 790
672 400
627 450
713 495
905 369
628 483
763 553
700 475
760 458
890 547
731 479
610 590
873 574
1026 460
1040 486
792 703
1053 525
1228 508
1127 566
955 570
1008 568
836 691
1011 572
1033 567
882 723
1182 575
1238 564
1219 601
1169 616
1335 593
1162 635
1278 617
1324 687
819 813
744 976
1497 792
1438 649
1634 662
1830 756
1647 675
1090 869
1698 836
956 1020
1302 791
1614 909
1301 803
1320 800
1640 941
1072 1024
1556 788
1733 958
1400 860
1279 975
1534 1065
1158 1092
1579 876
1793 937
1662 887
1759 867
1825 1116
1775 886
1176 1391
1689 1017
1804 989
1251 1395
1796 1114
1828 1194
1612 1431
1719 1396
1803 1352
1688 1731
411685623 1788219329
1
sift 378
134 110
15 441
20 17
91 115
48 60
23 18
158 170
83 53
25 24
187 161
117 98
39 38
272 266
109 107
42 52
531 169
104 114
46 56
400 406
131 113
59 62
804 673
170 159
45 82
808 694
192 174
69 63
1013 908
227 192
67 76
1559 937
225 208
93 87
1849 1009
237 213
111 125
249 210
174 166
1369 1391
283 204
306 138
269 240
141 285
234 256
242 163
302 228
263 154
289 241
298 222
208 506
296 237
284 299
246 278
324 329
304 269
290 384
338 255
350 307
378 242
341 331
367 249
365 340
332 290
391 386
366 277
382 393
321 348
418 382
335 353
407 420
462 264
475 368
362 320
429 421
477 263
459 436
327 373
431 527
393 304
448 540
399 322
544 451
409 335
509 497
372 388
481 535
361 403
543 525
412 354
558 515
508 291
595 533
445 345
628 530
422 360
714 478
370 428
633 587
999 235
948 417
413 411
664 578
376 485
596 612
371 516
637 598
405 473
602 620
709 288
587 637
480 404
573 649
505 390
655 650
482 429
744 566
436 468
630 677
438 480
669 679
473 465
683 727
497 442
726 746
456 512
760 732
444 524
1008 599
469 523
779 723
458 532
837 689
643 399
732 824
485 519
957 748
611 423
830 842
548 502
1235 688
620 443
866 887
584 507
1078 770
598 528
833 968
631 511
845 957
674 499
1160 777
759 457
1033 852
649 560
925 945
727 531
708 1343
676 575
1277 806
635 623
955 1011
711 590
1137 900
795 547
1053 966
821 538
1343 912
578 699
1048 990
636 680
1178 1087
426 1262
967 1244
688 643
1325 1014
854 551
1034 1208
680 701
1105 1214
684 700
1026 1405
659 737
1405 1126
654 757
1541 1038
692 756
1238 1415
743 718
1793 1056
802 675
1534 1230
737 733
1497 1272
739 735
1303 1497
823 657
1370 1389
805 703
1358 1457
815 709
1345 1486
899 666
1460 1546
970 644
1348 1487
911 670
1684 1364
660 905
1410 1587
858 708
1637 1466
860 722
1792 1341
877 728
1733 1566
730 866
1634 1561
694 918
852 750
781 828
950 707
1071 664
817 801
890 751
874 763
796 859
851 797
1177 656
1333 618
775 921
1047 752
1065 749
907 822
848 882
1114 753
1093 764
936 846
1117 766
927 868
934 861
930 870
896 919
1132 793
958 890
939 904
1050 840
857 986
1090 821
1027 857
811 1096
991 895
853 1023
1237 790
962 929
1017 915
920 1016
1218 813
1352 789
1259 815
1055 933
978 996
1043 950
1074 935
944 1063
1107 939
1072 962
1230 884
1312 855
1342 860
1059 1061
1330 880
1044 1077
1095 1050
1087 1067
1045 1104
1086 1094
1289 936
1301 941
1300 951
1471 891
1198 1034
1309 953
1167 1070
1019 1194
1706 827
1197 1054
1366 949
1199 1076
1323 984
1192 1091
1133 1135
1038 1228
1308 1025
1402 973
1480 946
1196 1109
1396 985
1539 931
1281 1066
1251 1098
1311 1062
1121 1216
1413 1020
1245 1133
1223 1150
1671 944
1007 1469
1201 1198
1163 1250
1688 942
1499 1041
1264 1156
1528 1032
1295 1142
1220 1211
1631 1002
1464 1083
1501 1071
1606 1024
1605 1036
1400 1154
1276 1269
1052 1576
1683 1064
1439 1184
1255 1324
1461 1189
1254 1357
1367 1249
1657 1110
1382 1261
1406 1252
1695 1103
1612 1144
1570 1179
1616 1160
1589 1180
1564 1218
1674 1153
1672 1163
1519 1268
1384 1384
1613 1232
1426 1371
1617 1236
1387 1425
1558 1296
1662 1237
1747 1191
1542 1352
1327 1514
1602 1299
1466 1433
1582 1327
1523 1392
1285 1603
1457 1537
1748 1306
1462 1580
1633 1489
1715 1421
1647 1521
1804 1390
1708 1490
1545 1606
1835 1365
1583 1599
1776 1479
1833 1394
1724 1530
1831 1439
1828 1464
1760 1556
1759 1572
1710 1600
1713 1612
1805 1557
1812 1571
1851 1458
411685623 1799436415
1
sift 51
152 148
145 96
225 157
174 178
249 202
227 185
260 240
304 216
325 327
422 346
345 307
413 622
382 280
674 373
407 338
631 569
510 471
635 785
544 461
958 732
602 456
962 733
628 491
981 880
849 403
890 1004
655 596
1093 894
699 611
1289 820
905 502
1034 1010
839 532
1413 783
760 639
1230 973
787 1052
1176 1298
1137 764
1281 1310
1178 824
1060 1599
1054 1349
1832 1122
1497 995
1845 1137
1335 1431
1716 1292
1534 1318
1363 1500
1640 1412
411685623 2014127030
1
sift 193
8 3
15 14
3 2
10 4
85 49
9 7
134 134
90 55
11 12
158 172
152 178
20 11
185 180
83 62
34 28
244 231
237 286
33 33
272 257
117 104
42 43
403 332
269 295
43 44
364 362
192 186
46 46
531 438
324 370
49 53
1013 771
249 225
55 51
1559 1020
467 393
67 66
1257 1262
225 283
65 72
1371 1231
588 624
87 71
401 292
79 85
655 666
58 114
382 357
126 64
669 685
88 89
341 390
97 79
1152 1187
92 99
350 451
111 84
1369 1308
128 88
407 415
115 109
129 108
544 575
141 113
146 111
610 592
132 141
145 133
906 482
151 158
177 138
760 682
156 209
228 197
1026 655
318 170
224 223
957 896
215 259
227 256
1247 865
200 301
285 228
1053 1032
275 242
297 222
1178 1082
327 204
303 245
1238 1297
340 218
369 233
1497 1121
321 278
356 260
332 287
375 270
374 275
291 408
376 349
427 325
438 316
373 382
501 314
386 402
520 323
493 351
1709 227
469 410
461 432
490 426
476 442
660 365
489 527
585 477
564 538
1071 372
734 457
586 576
622 555
688 522
676 531
653 638
692 606
785 544
569 734
920 498
783 559
740 612
654 687
781 605
793 607
780 616
860 577
678 709
918 579
834 645
626 875
682 782
914 640
809 729
922 703
896 733
805 798
1020 705
1060 712
1029 736
1184 702
1555 632
1074 784
1044 814
1176 774
1086 831
821 1160
1195 822
1201 861
890 1117
1196 905
1203 906
1373 803
1341 854
1093 1019
1181 986
1639 794
1646 805
1476 873
1321 938
1622 836
1422 922
1428 923
1258 1059
1821 819
1530 968
1588 959
1580 1005
1400 1097
1213 1257
1802 941
1474 1098
1494 1093
1648 1044
1782 996
1447 1174
1297 1349
1697 1089
1089 1516
1570 1188
1586 1239
1804 1176
1796 1218
1664 1333
1803 1370
1744 1481
1842 1428
411685623 2045004962
1
sift 279
808 1481
48 41
11 3
1349 1417
83 47
23 20
71 102
38 30
98 95
82 73
104 92
93 75
120 117
127 66
131 113
129 129
125 166
128 139
152 143
165 187
195 181
174 195
237 173
204 168
225 184
317 145
261 189
227 208
289 175
282 209
253 224
263 241
249 247
234 288
384 279
172 404
324 316
280 257
341 313
306 231
345 321
298 260
365 336
291 301
382 319
320 276
420 325
424 230
350 408
366 309
401 392
372 344
407 406
332 395
431 419
381 341
429 430
399 364
475 432
362 469
544 477
361 473
459 466
444 393
787 379
422 424
509 463
439 431
602 530
487 409
628 524
548 369
559 594
413 489
543 625
603 354
655 571
482 451
726 536
427 502
700 559
480 468
849 491
406 579
630 610
464 501
683 621
492 487
866 592
606 465
732 703
706 467
760 696
676 483
839 627
445 783
637 859
620 546
837 744
529 683
779 842
674 561
1026 655
562 692
1160 650
535 778
833 841
578 672
769 944
597 687
955 809
450 1068
964 849
631 667
957 832
821 562
632 1557
593 827
966 876
489 1178
1137 879
689 722
1053 988
476 1295
1247 947
858 605
1345 950
692 825
830 1591
899 647
1497 963
641 914
1793 893
770 790
1593 1018
916 685
1033 1505
1020 653
1405 1219
950 694
1684 1297
879 736
1534 1416
860 762
1825 1315
684 979
1365 1786
893 771
1637 1640
1101 659
1792 1551
945 747
1733 1651
920 774
1755 1737
794 864
1830 1668
873 794
781 886
939 777
815 857
1071 706
1044 727
805 902
1116 718
745 1009
852 858
1036 781
802 976
824 938
958 836
947 856
978 850
848 982
907 983
835 1065
1342 801
922 1054
1312 819
1017 986
896 1101
1067 956
930 1073
1196 878
1209 887
1102 969
1034 1011
962 1100
981 1103
1197 970
1109 1064
984 1228
973 1248
1153 1075
1260 1008
1148 1093
1366 960
1200 1069
1230 1051
1070 1217
1107 1222
1219 1146
1577 957
1565 984
1501 1001
1445 1026
1413 1040
1309 1122
1195 1239
1048 1426
1360 1094
1551 1014
1198 1252
1218 1245
1259 1230
1133 1408
1096 1476
1503 1115
1439 1156
1041 1620
1322 1237
1201 1387
1285 1290
1221 1382
1384 1236
1255 1345
1176 1508
1804 1033
1544 1200
1619 1183
1317 1393
1117 1757
1558 1249
1662 1197
1602 1226
1327 1423
1457 1328
1431 1377
1481 1339
1236 1632
1517 1343
1482 1384
1447 1413
1402 1463
1605 1317
1649 1300
1494 1443
1485 1468
1646 1362
1295 1711
1642 1386
1664 1363
1708 1337
1715 1353
1573 1531
1570 1539
1578 1537
1634 1516
1386 1765
1628 1543
1667 1507
1348 1847
1701 1503
1318 1911
1748 1540
1775 1521
1638 1724
1833 1497
1553 1903
1697 1777
1582 1900
1831 1647
1841 1624
1776 1792
1781 1807
1842 1690
1764 1890
1744 1924
1848 1886
411685623 2130703568
1
sift 214
84 52
21 10
1447 1800
152 142
39 29
104 88
49 60
237 168
69 94
131 115
92 82
324 310
138 175
225 180
174 195
446 347
260 179
253 222
280 200
655 581
227 238
282 211
172 386
1593 889
249 251
384 287
297 280
304 314
345 323
372 371
341 337
382 301
444 348
365 340
420 320
439 365
401 413
407 417
427 399
350 498
429 446
433 393
487 375
459 472
361 555
422 475
475 463
482 471
406 586
610 402
464 529
509 502
544 523
498 544
480 559
849 482
606 465
463 655
595 669
676 509
703 551
1026 546
658 592
600 707
760 730
674 623
529 884
839 654
597 776
799 569
1054 771
651 745
743 646
957 834
578 882
689 740
955 839
640 818
659 824
1247 848
692 803
879 609
1040 977
811 717
807 728
1178 1205
680 870
631 968
1238 1188
860 681
1044 620
1497 1191
961 674
711 954
1460 1218
896 739
770 881
1825 1392
826 835
1036 696
781 908
899 822
684 1215
701 1180
929 828
745 1089
1088 761
854 900
873 902
794 1068
978 857
852 970
815 1041
1101 812
919 917
916 932
1145 808
829 1066
958 946
805 1219
962 981
853 1145
877 1114
1039 944
1034 967
1185 872
1017 1030
1032 1053
1114 1006
890 1280
1196 959
1068 1105
1175 1018
1035 1176
1074 1153
1154 1058
922 1351
885 1423
1086 1193
928 1380
1273 1021
1600 880
1278 1028
1197 1131
1432 988
1127 1252
1131 1255
1200 1195
1331 1075
973 1466
1260 1171
1219 1207
1366 1135
1302 1199
1163 1324
1191 1300
931 1726
1445 1138
1289 1248
990 1688
1167 1398
1285 1316
1439 1228
1107 1584
1215 1422
1109 1613
1551 1214
1230 1430
1311 1348
1577 1210
1201 1480
1195 1504
1288 1402
984 1977
1804 1111
1479 1318
1306 1454
1253 1524
1327 1429
1344 1433
1540 1338
1255 1676
1717 1293
1646 1365
1250 1770
1388 1605
1617 1413
1474 1551
1254 1908
1558 1566
1481 1677
1649 1526
1430 1793
1517 1744
1406 1873
1411 1881
1494 1788
1616 1685
1809 1469
1602 1717
1580 1758
1618 1743
1588 1890
1639 1825
1380 2028
1581 1939
1715 1780
1801 1797
1764 1885
1834 1773
1725 1958
1842 1791
1831 1962
1818 2022
411685623 2146998783
1
sift 392
134 133
84 72
23 13
158 159
77 75
25 19
185 164
117 93
38 36
244 199
125 175
49 51
272 269
104 99
59 46
1188 462
275 240
82 76
364 342
131 116
92 82
1559 1001
316 284
93 90
808 967
152 151
79 113
1369 1087
334 402
128 77
1013 936
193 174
129 85
431 471
141 89
184 181
111 111
511 673
119 118
192 178
122 120
587 600
148 112
225 204
124 144
664 695
204 137
237 234
165 182
732 694
217 146
289 206
174 179
683 848
309 141
253 231
172 225
966 842
205 202
269 224
230 185
833 1045
203 221
282 256
219 215
830 1245
257 213
299 328
234 241
964 1134
321 188
324 316
231 261
280 237
341 321
290 260
297 270
345 331
285 285
304 273
365 352
327 249
279 319
384 338
300 294
296 330
382 349
379 251
317 312
350 449
348 297
320 323
401 382
358 295
335 322
420 375
381 302
314 381
407 435
306 397
332 372
446 417
376 336
366 358
429 456
477 286
370 363
516 395
393 354
512 287
459 486
427 334
399 366
509 484
372 387
361 454
637 422
501 327
380 437
544 502
362 468
490 341
558 548
444 376
416 425
630 568
519 350
548 357
628 578
422 461
462 432
669 581
487 416
482 428
602 646
458 447
331 677
655 615
464 470
443 490
849 516
480 476
463 506
666 660
430 604
677 443
726 610
584 503
445 698
699 631
404 869
582 567
866 616
645 525
651 546
905 621
574 627
597 608
769 805
619 601
600 641
839 722
539 754
674 579
957 802
676 632
680 670
955 834
692 674
660 710
1011 867
620 755
799 606
1228 741
759 640
743 653
1247 806
860 564
688 703
1053 952
829 586
782 637
1026 989
711 702
766 676
1105 941
976 555
807 658
1682 836
770 687
672 783
1238 1039
795 675
794 679
1033 1272
684 786
745 729
1169 1149
685 850
737 791
1178 1166
781 752
785 757
1593 968
1555 523
937 684
1137 1400
854 747
752 893
1497 1076
802 820
961 690
1410 1210
873 750
939 713
1793 1072
893 739
696 1012
1603 1348
857 761
805 858
1755 1281
1088 669
815 845
1825 1479
780 897
947 733
1830 1579
972 721
899 775
1036 706
848 821
920 768
821 878
1044 709
872 838
852 854
991 770
853 886
945 826
958 812
809 997
901 882
851 915
879 903
1123 756
896 910
824 1013
1020 828
978 890
678 1461
928 940
1055 855
888 993
907 983
1047 874
1209 776
1007 919
1101 876
859 1069
962 981
1017 944
1145 864
1163 879
1035 954
1074 933
922 1063
1342 803
989 1042
858 1212
1070 988
867 1200
1087 982
973 1065
1068 1014
1196 923
984 1093
1086 1024
1184 975
1030 1103
1034 1112
1102 1058
1200 991
942 1251
1048 1111
1339 900
1278 951
1445 889
1285 972
1409 909
1134 1085
1302 973
1133 1096
1191 1046
981 1287
1450 918
1127 1121
1052 1224
1289 1010
1219 1055
1310 1017
1333 1018
1327 1031
956 1465
1167 1180
1312 1054
1255 1099
1581 950
1096 1285
1041 1379
1311 1082
1503 1006
1201 1201
1027 1447
1384 1060
1374 1066
1197 1254
1366 1106
1230 1275
1273 1228
1287 1214
1317 1186
1462 1105
1198 1343
1253 1282
1551 1078
1254 1307
1259 1309
1439 1161
1472 1152
1431 1167
1176 1436
1295 1302
1250 1399
1438 1222
1539 1169
1577 1157
1388 1286
1558 1191
1485 1243
1221 1500
1646 1156
1430 1299
1489 1255
1373 1351
1662 1147
1680 1140
1673 1155
1322 1418
1435 1352
1568 1260
1474 1349
1570 1271
1693 1173
1314 1484
1367 1449
1556 1337
1554 1365
1579 1328
1580 1339
1634 1313
1481 1430
1804 1172
1602 1350
1494 1446
1461 1486
1638 1358
1492 1463
1318 1602
1610 1398
1811 1216
1803 1233
1707 1321
1591 1416
1649 1444
1573 1509
1764 1391
1715 1421
1820 1329
1767 1413
1628 1547
1717 1467
1711 1505
1667 1559
1814 1411
1616 1600
1704 1567
1805 1478
1791 1504
1837 1440
1821 1541
1802 1590
