454164500 874093608
1
sift 278
189 199
8 14
314 298
9 18
226 247
17 25
792 881
24 30
258 239
33 35
1043 1520
55 61
57 57
62 69
54 84
76 98
122 96
97 129
105 119
102 127
98 151
117 134
109 154
134 167
154 183
153 260
156 249
184 219
191 224
160 290
171 257
169 280
197 245
206 254
170 292
187 271
277 213
217 304
195 403
304 268
262 317
297 294
236 379
234 402
306 324
232 430
293 360
320 345
268 413
295 411
241 495
233 553
286 444
334 401
284 481
315 467
333 447
355 448
384 427
393 422
354 456
489 383
305 626
294 718
326 617
357 537
445 458
356 580
338 681
495 440
446 485
367 624
361 650
379 605
457 496
473 493
382 638
429 577
398 664
485 535
465 573
530 507
511 538
417 676
456 604
470 615
401 763
510 572
460 658
464 655
454 721
506 625
458 714
488 686
516 656
586 561
578 569
524 688
497 730
539 659
555 630
513 729
540 672
631 554
569 633
490 874
655 571
532 801
559 762
494 971
605 706
527 924
628 702
587 814
455 1273
554 907
474 1283
642 724
571 879
645 727
651 723
589 918
716 709
623 825
603 883
673 771
721 734
580 988
638 842
648 838
568 1023
652 837
697 809
533 1305
610 953
622 961
661 906
671 899
676 902
703 884
735 840
725 863
690 930
780 790
782 813
691 936
746 869
640 1030
814 777
734 910
753 886
775 853
731 947
681 1018
694 1008
639 1123
710 993
672 1055
749 944
829 833
674 1069
766 934
739 987
810 888
757 967
787 941
770 970
748 1019
758 999
737 1061
881 854
789 979
695 1213
857 917
598 1545
791 1002
795 1051
774 1101
609 1567
852 982
686 1376
805 1088
841 1048
802 1114
720 1346
756 1245
993 912
864 1010
1017 915
821 1139
975 955
827 1148
846 1121
765 1306
869 1102
886 1085
906 1086
1028 973
882 1143
880 1161
917 1126
848 1254
825 1313
1029 1004
858 1241
885 1197
983 1067
859 1257
833 1321
966 1118
813 1429
1103 989
876 1282
1056 1037
1010 1083
929 1228
909 1260
761 1555
867 1307
843 1381
837 1398
971 1151
964 1178
945 1243
901 1343
923 1315
1063 1091
968 1267
976 1250
1014 1226
939 1374
883 1461
1168 1063
1059 1203
1083 1155
874 1509
1082 1205
1040 1275
1090 1222
1046 1297
1170 1147
1004 1424
1160 1176
1147 1214
1012 1428
1084 1299
1191 1168
1150 1251
1141 1280
1164 1239
961 1544
1110 1347
996 1524
1092 1390
1013 1539
1108 1417
1033 1532
1214 1256
1186 1291
1123 1419
1112 1457
1121 1453
1106 1475
1165 1382
1061 1531
1072 1511
1172 1377
1226 1294
1152 1435
1196 1363
1126 1529
1208 1437
1249 1387
1140 1566
1192 1521
1256 1482
1252 1536
1269 1526
454164500 1146127176
1
sift 65
18 19
201 169
239 247
290 264
307 314
354 287
404 279
338 332
329 357
384 356
426 351
446 381
461 384
414 421
464 405
423 447
511 482
598 451
521 542
566 487
642 448
743 441
578 538
530 640
437 853
645 512
639 539
572 632
568 636
681 552
651 585
615 655
711 616
658 678
749 618
746 634
719 696
827 615
782 740
791 733
987 639
810 778
826 772
949 704
972 712
852 845
1002 748
906 822
814 930
732 1177
829 985
1007 828
1030 856
822 1105
1064 896
1103 877
1010 980
1111 939
1086 1011
1063 1079
1252 913
1191 1009
1214 1067
1169 1135
1202 1164
454164500 1279412758
1
sift 135
210 225
33 35
189 251
68 119
224 234
122 93
242 243
97 141
314 327
102 146
733 965
117 143
792 1037
95 209
767 1196
109 166
1260 1578
113 179
134 144
191 200
153 277
162 286
197 264
206 270
328 207
187 301
261 274
297 309
241 382
267 437
280 464
326 405
329 427
441 348
332 431
393 375
293 510
414 410
336 530
355 496
309 610
521 385
457 420
384 495
398 491
383 504
447 487
402 575
446 542
463 579
437 631
507 555
529 543
417 676
424 682
330 1053
443 707
460 706
440 749
578 576
575 586
488 711
513 713
474 787
554 669
466 844
527 745
490 903
605 700
459 1094
532 917
642 720
539 1026
568 944
609 871
628 851
520 1226
663 846
589 1032
597 985
640 1000
829 775
795 841
766 894
826 832
750 951
648 1105
623 1229
748 987
604 1400
753 1049
691 1177
638 1294
821 976
782 1040
694 1213
724 1179
708 1249
688 1314
699 1298
697 1331
780 1124
770 1147
1010 898
793 1138
725 1321
758 1248
909 1055
906 1075
1082 916
674 1582
802 1347
735 1520
842 1337
848 1380
859 1366
885 1361
813 1499
1229 1019
1086 1170
1013 1287
1069 1224
962 1402
1146 1182
929 1484
880 1602
1061 1394
1249 1281
1152 1466
1101 1540
1004 1655
1226 1449
1263 1432
1159 1633
1239 1625
454164500 1973424357
1
sift 123
17 22
33 36
97 76
154 97
153 194
187 169
206 196
239 174
293 180
281 249
306 244
250 356
329 289
267 416
466 253
356 328
384 302
393 310
539 242
429 345
414 359
446 338
296 723
422 397
590 298
506 375
509 380
586 357
566 395
577 389
521 466
622 388
488 529
511 519
638 392
691 369
530 551
578 492
674 430
671 435
575 569
752 419
642 494
699 489
640 553
697 515
615 628
681 613
672 635
663 647
695 621
899 455
648 689
651 720
734 629
917 495
814 582
883 523
700 764
827 607
782 667
750 717
864 589
912 566
964 535
975 549
976 592
606 1068
813 747
791 774
1108 576
841 773
902 769
1110 614
711 1037
1046 673
972 728
1056 680
934 779
945 780
855 852
857 854
1084 707
1070 743
906 859
802 974
891 879
1033 777
1113 740
1047 785
985 862
992 864
852 1033
1041 844
829 1133
989 919
1064 868
993 970
1072 914
1219 798
1103 897
1029 969
1129 899
1232 808
1242 815
1121 939
1092 966
1093 971
1083 989
1030 1112
1191 934
1117 1035
1076 1076
1086 1094
1097 1109
1101 1128
1197 1044
1011 1262
1208 1079
1226 1130
1183 1178
1255 1179
1269 1045
