460401179 789706637
1
sift 76
225 139
103 38
928 364
100 79
259 140
158 103
165 144
257 179
202 162
233 314
309 217
328 263
326 272
437 246
352 308
406 292
520 549
438 287
366 376
987 558
386 429
387 474
921 925
412 484
532 342
1070 853
507 417
485 447
1019 957
535 519
519 653
554 620
561 629
718 505
583 697
657 567
553 894
692 624
835 514
619 706
569 886
626 726
750 638
795 589
812 577
900 523
648 756
859 559
637 843
596 1043
610 997
655 875
747 745
683 834
688 909
737 832
1044 586
823 813
765 935
689 1113
794 880
721 1118
800 995
786 1015
1221 599
825 981
1016 737
938 808
732 1224
904 1032
1159 887
1098 1143
1141 1140
1066 1208
1279 1020
1239 1217
460401179 1064082008
1
sift 115
8 3
103 43
529 542
100 80
173 116
102 110
565 1057
158 103
225 155
165 168
1070 813
202 141
226 169
191 205
1019 967
259 162
257 198
233 297
309 236
408 196
367 217
271 300
437 272
328 249
326 274
520 543
351 257
406 293
987 647
438 292
380 353
921 889
352 402
384 384
1151 1071
381 394
387 484
430 464
399 490
470 419
532 366
386 559
485 435
498 448
507 440
486 514
897 309
513 497
524 500
535 488
519 529
499 645
522 641
561 585
629 496
808 455
643 587
754 508
569 799
692 596
718 569
704 610
709 607
619 721
553 923
889 483
727 600
662 698
835 540
795 574
812 562
571 942
941 493
750 659
747 667
609 881
648 818
904 552
746 720
655 830
859 612
634 879
683 800
669 819
820 680
688 834
900 637
719 837
737 822
823 753
789 847
721 959
765 919
1044 629
637 1177
1041 664
975 718
786 987
771 1100
919 855
800 1086
1016 815
938 936
843 1142
1221 744
886 1146
930 1068
872 1238
1159 937
1080 1089
1117 1158
1239 1050
1138 1178
991 1245
1215 1196
460401179 1347700863
1
sift 201
88 63
29 13
253 189
122 85
21 21
173 147
24 26
288 234
221 152
103 58
225 185
107 92
290 253
226 197
113 99
259 191
100 116
487 368
175 282
102 117
257 208
157 126
910 614
309 260
179 133
305 270
216 139
1076 821
304 296
165 190
331 304
191 188
437 313
215 199
476 281
207 214
327 403
299 164
520 563
271 194
616 445
285 198
722 390
298 213
700 556
269 256
739 643
275 268
624 874
280 283
936 621
326 293
1177 543
351 279
1038 618
307 332
982 695
328 310
987 724
533 224
921 974
278 388
1035 972
367 311
878 1227
438 295
1019 991
415 315
1070 980
380 345
1241 918
352 370
1252 1201
366 381
1151 1192
381 374
1275 1187
424 347
421 360
413 364
384 398
412 409
430 413
516 341
386 502
387 500
449 430
470 462
532 386
477 479
507 420
498 453
485 492
513 490
499 527
514 551
522 624
657 439
535 602
435 1023
519 669
574 566
590 539
752 442
543 693
547 700
629 538
569 663
583 639
561 701
575 677
762 510
640 625
571 783
808 524
643 662
617 726
727 600
651 694
642 710
718 634
738 646
709 682
647 763
698 727
720 707
655 800
599 914
769 680
618 870
690 775
692 772
704 764
637 850
672 819
683 815
889 604
662 844
835 674
610 959
688 829
670 864
719 804
747 803
737 828
867 731
812 792
721 903
701 971
794 840
696 1008
978 713
945 733
900 784
771 966
750 1004
765 1006
714 1118
861 885
800 987
753 1073
843 922
755 1085
816 988
749 1162
880 924
761 1183
789 1129
743 1215
1044 790
997 824
975 837
1004 830
865 1043
782 1233
886 1053
858 1125
1170 806
969 958
930 1042
1006 967
1213 847
938 1150
1221 896
1246 906
991 1128
1030 1101
1159 1015
947 1224
1050 1121
1119 1075
1257 969
1016 1194
1082 1140
1217 1103
1088 1221
992 1259
1117 1208
1026 1250
1206 1247
1141 1271
460401179 1701417931
1
sift 443
58 52
0 0
117 95
66 54
10 11
88 84
9 13
223 186
112 81
11 12
116 104
12 15
214 200
122 122
21 18
115 140
24 25
181 239
164 143
26 32
221 193
39 28
201 217
216 216
42 33
224 210
41 35
253 276
259 228
28 41
290 248
45 38
301 289
271 251
47 44
309 292
56 48
487 494
284 273
59 47
437 438
83 55
495 532
415 380
76 69
520 417
78 80
629 607
468 437
95 71
593 603
89 86
867 857
646 478
114 82
699 747
107 88
922 1062
582 559
99 93
869 807
102 94
1000 1192
753 649
105 99
1234 746
109 101
1076 1224
727 678
100 114
921 1017
103 121
1177 1276
752 812
113 115
910 1040
126 98
1241 1303
1007 932
128 102
1025 992
120 118
1224 1339
1053 920
149 96
1019 1002
130 116
964 1084
124 135
1168 989
146 129
961 1104
138 133
1034 1143
157 146
1023 1156
159 151
1151 1069
166 168
1070 1288
210 148
1208 1242
208 150
162 192
178 174
194 166
200 163
198 170
191 183
202 177
204 179
189 191
197 195
215 190
207 199
209 202
179 231
218 198
233 188
243 189
246 196
219 220
237 212
185 304
234 219
235 224
249 214
220 261
250 227
245 255
262 238
283 226
267 250
275 243
278 240
292 234
239 299
279 253
280 256
299 249
297 263
295 300
360 265
349 282
326 301
328 309
366 298
359 306
351 316
315 377
346 339
402 320
357 348
334 382
381 328
377 338
433 312
352 378
355 375
375 356
380 353
387 343
378 373
399 344
384 360
364 411
397 361
438 340
386 384
406 364
454 329
420 365
450 341
439 351
436 362
413 394
458 355
421 399
424 401
530 321
423 433
409 454
430 449
407 480
501 385
474 428
506 386
507 389
477 435
465 455
463 457
515 426
498 443
483 460
503 440
478 476
541 416
488 462
447 517
289 1085
470 498
524 468
519 472
485 509
522 492
490 524
511 500
508 504
537 491
510 512
518 506
546 529
533 550
532 566
567 536
544 572
514 614
535 602
565 570
563 581
566 587
622 530
569 590
543 627
657 522
586 598
575 619
632 574
674 552
668 557
606 609
611 641
598 668
662 615
800 558
715 591
655 626
694 612
659 635
542 887
785 582
618 685
670 638
679 633
651 652
710 624
665 646
696 642
637 691
725 628
634 715
580 842
691 660
707 650
642 719
630 744
708 653
631 759
693 682
626 765
714 664
669 714
647 752
585 891
754 647
688 716
689 717
681 728
724 681
719 696
738 679
684 749
734 688
683 753
709 733
723 722
652 815
721 736
737 726
704 767
718 756
744 742
635 874
794 700
628 888
818 673
675 825
760 755
787 720
690 832
807 708
789 724
663 868
701 824
827 707
743 787
736 806
750 790
729 816
740 808
610 966
747 800
879 692
765 834
770 839
763 850
692 934
902 704
761 882
809 829
805 849
868 769
732 918
834 823
769 897
816 848
782 883
923 730
745 927
825 858
1189 620
826 859
843 826
832 853
608 1166
906 762
845 844
823 893
1074 670
861 873
716 1063
860 895
815 951
858 910
817 962
919 851
875 906
835 956
974 809
931 875
907 907
883 942
1021 810
777 1120
873 975
801 1092
934 912
997 870
808 1106
963 899
812 1094
975 894
1041 871
881 1032
1162 817
943 945
864 1065
892 1039
859 1102
1185 843
984 957
1082 902
969 994
897 1091
998 969
954 1024
1031 960
915 1087
851 1240
1114 928
1062 949
1097 935
1146 915
938 1073
872 1215
983 1037
924 1145
945 1100
986 1055
930 1152
994 1057
1161 986
1094 1022
973 1122
1069 1043
951 1163
966 1140
992 1137
1010 1109
1120 1044
1100 1052
1059 1080
1192 1012
1078 1108
1044 1153
1173 1053
972 1251
1050 1174
978 1265
999 1236
1104 1126
1140 1117
1128 1133
1138 1127
1039 1246
1102 1180
1141 1157
1073 1220
1004 1295
1126 1187
1072 1231
1012 1287
1144 1177
1030 1283
1160 1182
1244 1095
1096 1230
1212 1125
1089 1239
1211 1134
1129 1253
991 1372
1152 1235
1171 1223
1121 1293
1268 1138
1045 1373
1243 1221
1225 1250
1147 1312
1206 1286
1080 1392
1137 1382
1276 1270
1292 1257
1239 1338
1169 1386
1249 1335
1253 1337
1305 1173
1301 1346
1286 1393
1303 1380
460401179 1811936640
1
sift 68
173 69
130 129
296 306
225 99
192 84
259 116
179 120
928 1080
309 159
233 246
408 189
326 228
437 216
328 243
742 222
387 253
520 329
406 257
987 394
330 340
629 307
384 354
1034 551
532 287
1019 605
366 434
921 658
412 592
1151 709
657 347
1070 741
522 454
583 422
569 623
669 610
747 557
835 503
812 546
655 673
750 613
688 657
670 682
719 672
737 669
672 704
946 590
798 721
786 775
829 769
993 692
800 943
1221 650
943 812
1092 736
1062 771
1021 795
1098 815
967 937
904 1130
947 1159
1239 890
1138 997
1279 869
1082 1251
1215 1223
1173 1324
1202 1381
1243 1406
460401179 1865606473
1
sift 106
225 109
209 23
296 248
216 95
157 70
226 115
285 114
259 123
202 147
257 139
207 156
309 158
191 250
437 201
233 225
468 218
326 211
520 312
328 209
629 327
387 235
987 459
352 273
727 388
406 255
921 648
421 264
867 439
366 382
1036 634
507 280
1019 682
532 307
1151 757
524 363
412 496
513 367
546 361
519 435
590 372
522 464
485 535
583 418
470 579
574 494
535 585
914 371
569 600
643 538
709 516
692 541
617 610
738 534
655 613
747 573
670 655
718 619
683 651
750 607
662 691
669 695
737 642
812 588
688 699
672 717
571 977
835 630
946 555
647 956
721 818
618 1049
765 799
859 732
954 663
608 1159
1065 656
1098 654
690 1110
824 909
843 948
1221 684
1016 777
800 1252
1062 817
816 1231
943 962
993 895
940 982
1246 770
911 1107
947 1061
938 1288
1279 973
1173 1134
1214 1183
1117 1315
1082 1417
1040 1491
1206 1327
1080 1502
1243 1424
1215 1460
1133 1762
1290 1496
1164 1815
1158 1879
