463090087 517252654
1
sift 365
63 60
1 1
2 3
88 78
61 50
6 4
167 186
100 88
10 10
204 171
122 121
12 11
351 333
135 108
25 24
399 346
152 109
24 26
383 406
189 136
37 30
425 599
186 159
39 35
433 373
181 185
42 36
694 763
211 187
40 37
708 635
207 197
44 49
952 733
221 200
52 45
773 1164
228 211
53 59
867 1041
235 208
62 53
901 1148
263 228
58 65
254 239
69 66
282 225
77 71
300 253
75 76
284 274
80 74
301 255
85 81
334 248
92 89
309 282
101 85
273 312
95 91
354 272
107 99
312 297
106 104
345 283
128 98
337 306
118 115
366 304
112 133
322 337
111 137
369 308
127 123
357 343
139 138
353 393
138 145
326 389
163 130
418 336
156 142
424 361
197 114
413 391
170 140
511 354
146 161
439 423
171 155
440 435
143 183
504 425
174 182
608 355
184 189
524 441
199 184
332 670
200 196
555 432
219 205
487 521
226 221
496 532
222 227
404 720
229 220
553 487
270 209
536 533
233 247
526 562
232 254
559 513
250 238
547 608
230 293
596 569
303 242
657 506
264 286
639 564
387 222
611 604
277 289
573 684
248 320
636 637
288 288
604 678
325 263
715 651
304 290
732 658
236 385
673 711
308 292
784 633
246 377
753 653
272 335
1144 465
294 366
797 677
249 447
778 713
310 353
770 722
299 378
755 757
344 322
883 691
321 350
826 708
317 360
666 1026
319 369
807 940
339 349
868 883
477 268
986 806
328 392
942 856
330 397
824 1001
292 458
897 924
412 330
1052 833
348 394
947 1121
356 405
1017 1051
370 409
1091 1008
374 402
1049 1109
377 404
1102 1067
364 453
1072 1203
388 450
1158 1110
456 384
1094 1284
415 445
1156 1340
376 500
546 371
958 257
443 438
720 305
436 452
403 503
397 542
503 429
513 434
475 461
579 414
426 549
567 426
430 546
451 528
478 502
510 475
520 479
460 543
522 509
534 489
455 615
429 654
557 507
548 539
506 601
551 545
532 577
576 530
570 541
550 566
656 467
571 576
577 580
691 483
586 597
602 590
580 622
480 780
531 686
635 570
574 643
690 537
600 619
653 575
703 544
502 817
561 707
601 675
681 603
632 655
650 656
615 705
809 555
589 752
664 662
680 664
591 819
634 796
697 717
762 667
640 800
684 745
688 754
671 779
752 694
856 628
861 624
787 683
731 726
695 793
644 872
721 778
711 798
662 888
819 701
730 799
801 737
735 813
837 692
723 827
766 786
698 901
827 750
855 729
733 882
793 818
776 841
815 797
775 845
750 889
741 904
811 838
790 877
814 854
911 736
792 898
878 785
789 917
637 1145
812 893
906 775
850 836
859 847
686 1105
844 914
742 1059
838 944
921 871
774 1078
876 925
864 936
654 1327
763 1120
808 1058
939 884
926 899
978 858
1010 844
871 968
870 979
954 913
1008 900
992 922
886 1023
869 1072
777 1279
786 1268
977 950
779 1311
920 1019
989 966
1057 911
849 1179
953 997
924 1053
981 1002
1113 919
1044 970
872 1251
1014 1020
975 1097
1037 1024
1093 971
976 1111
913 1253
1003 1118
1042 1084
957 1232
1013 1146
830 1367
1117 1037
1064 1106
1108 1073
1043 1153
1039 1176
997 1257
1027 1207
1080 1124
991 1288
1114 1123
1137 1103
1092 1173
1081 1201
1162 1013
1107 1233
1123 1226
1067 1287
1147 1180
1035 1344
1141 1259
1165 1188
1146 1338
1148 1359
463090087 1240301939
1
sift 110
400 468
135 125
42 32
228 188
44 51
708 696
235 222
69 93
263 216
75 84
254 323
107 116
282 288
139 94
301 282
111 122
300 292
141 139
334 277
146 152
284 342
138 169
273 353
184 149
354 283
155 187
345 327
220 180
322 363
270 182
337 420
279 259
378 417
277 279
402 522
308 269
553 436
299 318
555 461
344 315
524 500
311 383
488 607
412 316
597 532
319 411
611 545
347 438
536 667
618 268
753 560
294 571
639 644
388 453
636 652
533 358
715 684
436 442
674 744
567 399
507 1162
430 540
797 695
534 472
755 741
451 566
778 779
548 498
666 1044
531 541
972 772
426 686
960 875
570 580
1052 1003
615 638
1102 1089
550 819
1017 1194
801 625
592 811
695 709
634 791
721 690
714 739
811 688
688 831
776 737
757 762
733 823
865 694
713 848
661 953
665 1001
775 883
766 981
886 862
844 910
774 1024
938 852
840 979
869 954
985 914
953 943
871 1092
1063 899
991 1007
1105 1040
1148 1065
1150 1246
463090087 1716575903
1
sift 55
263 211
25 19
71 67
111 246
92 118
234 257
127 91
304 314
184 198
107 151
254 268
141 166
742 546
353 532
148 164
284 276
146 301
998 1362
520 382
188 351
544 528
200 627
548 574
277 377
536 649
288 571
721 768
236 1029
597 807
261 1000
666 1215
534 585
636 752
478 801
865 1114
550 700
611 826
513 843
842 1375
435 1226
526 1195
767 632
953 1426
640 973
674 1050
774 1026
766 1148
1094 2024
644 1963
741 1724
775 1901
1014 1480
1166 1143
1150 1758
1107 1993
463090087 1799436415
1
sift 63
902 1434
228 172
42 25
263 186
107 114
301 233
118 140
300 241
138 181
354 228
220 168
254 299
279 263
284 280
288 507
345 272
273 373
322 315
347 576
357 336
520 395
378 338
534 408
553 335
522 440
597 461
430 511
611 491
429 569
496 660
548 483
639 562
851 504
636 617
644 630
755 572
550 838
507 958
721 725
784 624
811 695
674 764
634 894
960 713
656 896
1012 926
865 706
1018 1092
714 884
1094 1517
710 893
776 871
774 934
978 746
766 978
859 986
844 1047
1108 876
999 1048
954 1104
1070 1019
1150 955
1105 1123
463090087 1861578657
1
sift 77
228 189
25 12
71 69
1101 35
42 37
263 190
85 99
127 105
254 267
92 110
354 208
111 121
304 339
353 543
107 147
300 239
141 166
577 620
539 728
146 290
284 273
184 201
697 838
200 261
332 377
268 236
790 882
279 245
553 361
308 321
750 975
277 356
507 580
1098 195
812 1017
772 234
597 629
288 495
1043 1358
317 549
611 673
330 516
520 396
636 692
377 634
801 374
784 603
534 533
651 467
674 897
571 528
550 695
829 862
532 777
506 960
898 1069
685 711
721 709
994 1512
640 821
688 815
730 820
820 760
774 847
865 802
766 994
634 1329
748 1105
644 1507
811 1095
1014 1041
953 1183
990 1293
1105 1139
1150 1264
1166 1284
1146 1641
