476880634 528510916
1
sift 608
56 54
12 8
14 9
89 76
29 29
17 14
171 172
40 28
27 15
240 226
69 70
28 24
273 284
75 74
35 26
606 541
84 85
25 36
569 620
111 94
37 31
663 647
92 107
41 32
604 699
170 159
43 33
1131 1181
229 235
44 40
735 749
185 175
47 45
1276 1205
232 242
51 50
660 834
181 188
55 51
265 250
57 67
1615 611
222 218
62 65
248 265
71 60
220 228
72 58
251 271
76 68
280 278
78 72
286 280
81 78
275 297
80 79
279 296
88 69
287 309
85 81
306 319
87 82
307 325
94 95
304 342
105 88
314 337
98 96
318 344
99 99
327 352
108 92
345 364
104 100
343 369
119 91
350 373
109 102
357 377
100 115
355 387
114 109
369 374
115 110
375 388
116 113
362 390
121 116
378 417
117 124
385 395
125 120
409 431
129 137
383 413
130 139
407 443
144 127
390 483
131 146
469 420
141 140
419 499
135 149
435 478
159 126
442 474
145 150
478 516
167 154
457 467
179 162
590 627
177 182
506 550
172 200
614 614
187 186
528 545
201 181
611 655
196 190
544 560
198 206
634 661
165 272
599 608
211 204
602 687
214 214
625 637
221 219
662 646
247 212
649 672
219 261
664 677
255 234
629 689
233 254
742 690
243 246
648 691
239 249
819 660
216 291
632 735
245 248
782 772
274 239
665 704
263 256
867 909
259 267
673 720
266 283
929 852
254 299
698 787
268 286
1045 1053
285 273
818 745
290 285
1003 1146
264 341
825 850
294 305
1017 1225
347 263
861 810
293 330
1123 1148
305 308
830 854
298 322
1149 1119
311 310
859 862
301 317
1315 1185
296 356
846 1002
317 326
1366 1156
348 307
889 1018
335 339
1217 1324
325 354
956 992
352 324
1243 1442
336 358
1246 1353
278 439
1397 1296
332 375
1365 1343
381 320
1334 1522
403 303
1427 1453
358 368
1637 1589
368 361
1438 1501
319 409
359 371
379 345
339 400
323 445
353 408
376 398
440 331
398 385
380 402
394 391
388 399
392 405
401 410
391 433
555 328
387 462
413 426
428 442
436 437
384 522
424 457
406 491
433 465
444 454
363 639
458 480
437 496
499 441
453 493
464 485
450 504
479 482
445 514
512 455
463 507
475 500
490 487
513 476
483 511
480 527
482 530
496 513
494 518
491 529
542 477
485 534
481 544
460 566
617 459
524 520
477 574
610 486
452 673
508 580
655 492
580 536
561 555
539 588
709 502
548 589
530 635
680 531
540 648
593 572
592 578
584 596
676 546
790 503
583 600
586 603
589 607
814 512
642 606
630 622
620 630
644 624
624 645
608 670
635 651
656 631
581 693
552 740
685 585
613 674
645 658
669 623
534 770
674 640
679 652
757 581
722 618
677 675
619 712
832 557
682 679
683 684
667 707
710 682
694 702
652 760
691 713
704 716
706 718
678 751
707 730
751 697
1566 469
730 717
805 663
750 703
723 729
725 734
817 662
738 722
743 738
1205 532
675 802
657 840
795 709
740 755
760 739
693 800
755 754
720 774
672 832
721 778
719 784
753 771
792 746
984 634
786 765
764 792
768 801
824 750
780 785
756 814
770 819
816 780
843 768
774 847
794 827
754 892
800 824
883 759
880 762
732 935
823 813
833 811
863 781
897 764
878 766
767 913
758 924
1000 731
831 828
810 863
872 808
812 894
866 821
835 890
1038 752
787 960
898 831
858 899
890 855
853 910
820 941
741 1089
875 887
888 897
954 833
869 926
906 893
860 946
987 829
1026 820
944 876
881 931
959 880
941 891
964 884
966 888
925 916
921 929
1048 848
1044 859
1037 869
892 988
1082 836
877 1013
844 1084
1078 856
947 940
978 925
1120 842
899 1034
958 959
968 952
931 999
961 974
926 1017
970 966
789 1260
1015 955
1035 950
950 1021
1479 758
995 1012
985 1019
933 1070
1215 837
1195 857
1073 951
1077 949
1047 986
977 1046
1054 985
973 1058
1040 1001
935 1098
1051 1009
1204 886
1144 922
934 1111
1074 1010
1052 1032
1104 970
1255 882
949 1115
1354 845
871 1272
1050 1074
1142 979
1099 1027
1036 1092
1198 943
1112 1031
1160 983
930 1196
1180 968
1162 989
1118 1040
1100 1060
1121 1049
1125 1051
1261 938
1083 1102
1187 1025
1240 978
1137 1080
1055 1152
1084 1127
1011 1210
1087 1135
975 1275
1153 1095
1140 1109
1181 1081
1095 1150
1126 1128
1284 1008
1081 1173
1122 1143
1241 1045
1110 1175
1166 1129
1168 1142
1151 1158
1189 1131
1297 1079
1130 1230
1639 919
1259 1110
1279 1100
1378 1047
1059 1371
1226 1144
1605 947
1212 1154
1186 1192
1103 1313
1237 1157
1190 1215
1094 1403
1146 1308
1295 1161
1234 1207
1063 1506
952 1607
1085 1486
1290 1178
1200 1283
1317 1166
1159 1362
1302 1190
1270 1216
1294 1224
1222 1294
1321 1221
1280 1263
1626 1077
1206 1381
1369 1217
1249 1329
1391 1203
1341 1246
1404 1199
1216 1398
1223 1392
1328 1280
1403 1214
1238 1393
1253 1365
1318 1300
1359 1274
1433 1222
1264 1368
1484 1186
1326 1314
1191 1498
1323 1333
1312 1360
1350 1331
1298 1400
1425 1271
1271 1432
1469 1237
1482 1233
1443 1277
1251 1465
1495 1235
1377 1337
1513 1248
1410 1335
1512 1255
1395 1351
1287 1481
1508 1270
1343 1437
1545 1242
1465 1321
1148 1611
1399 1386
1486 1305
1500 1297
1589 1231
1394 1412
1436 1391
1578 1243
1506 1316
1478 1356
1385 1443
1439 1409
1480 1370
1625 1239
1613 1259
1560 1301
1339 1528
1303 1559
1463 1435
1292 1569
1389 1502
1423 1478
1351 1540
1529 1426
1584 1389
1493 1479
1437 1535
1580 1416
1561 1438
1505 1514
1635 1402
1383 1595
1569 1469
1652 1395
1532 1526
1598 1472
1491 1571
1461 1586
1577 1513
1522 1560
1638 1462
1596 1510
1650 1463
1662 1489
1617 1530
1530 1587
1670 1490
1459 1613
1677 1509
1591 1579
1647 1537
1645 1551
1556 1599
1627 1582
1655 1584
1494 1628
1590 1616
1704 1621
1725 1604
476880634 579717169
1
sift 393
150 194
12 19
27 18
171 171
40 37
37 29
273 215
84 110
47 28
172 178
62 60
41 44
432 387
133 125
54 54
546 882
94 103
81 72
839 1130
170 156
85 100
1083 1347
98 104
95 127
1434 1030
181 188
99 114
1480 1606
104 119
106 147
185 196
129 112
177 193
121 131
220 223
130 128
251 228
105 185
222 252
135 134
248 249
145 153
276 261
164 176
275 265
200 187
279 263
196 204
318 255
263 202
287 303
247 214
314 286
213 279
327 291
233 256
250 395
243 251
286 381
219 280
343 310
259 276
345 324
322 238
364 308
321 244
382 315
294 272
357 365
288 307
369 379
325 292
383 360
359 290
389 369
336 306
419 353
384 282
390 412
324 337
409 394
317 378
435 393
379 313
439 416
394 312
478 425
387 327
461 429
453 330
500 443
401 413
457 505
337 528
506 467
477 372
479 497
429 410
614 511
414 432
528 593
388 478
547 604
554 355
679 507
428 451
544 628
508 404
632 540
460 490
590 582
580 396
648 546
494 502
566 682
522 463
787 486
548 454
629 618
431 621
638 647
464 599
599 694
694 428
698 601
636 475
665 636
555 516
625 689
529 554
868 559
520 570
563 910
617 509
806 696
695 480
664 929
540 591
826 787
513 727
860 726
705 519
889 814
608 595
867 873
583 624
873 894
588 627
753 1132
681 544
1134 847
667 571
957 1098
592 670
818 1369
459 1022
1045 1091
613 649
1171 970
576 702
1123 1080
635 686
1217 1001
678 633
1380 904
740 577
1008 1323
721 609
1438 1015
770 561
1246 1201
584 782
1027 1663
642 724
1427 1217
561 819
1401 1402
618 781
1365 1551
650 768
720 675
706 735
764 684
880 579
702 775
872 607
725 760
712 792
786 716
730 797
820 705
751 796
800 757
755 810
726 836
756 813
723 854
745 834
768 815
794 798
863 721
875 731
897 770
831 841
684 1108
743 997
1044 748
892 828
896 826
958 791
1266 629
950 800
739 1068
869 863
714 1155
844 919
792 1017
935 861
1132 766
865 920
978 840
1075 802
834 1008
928 893
838 1051
1000 875
1198 789
983 900
947 937
931 971
883 1040
1037 888
973 949
900 1063
845 1177
940 1010
976 987
891 1084
1307 795
1051 923
722 1549
934 1056
944 1053
1036 975
1060 968
1035 998
920 1121
965 1087
850 1306
967 1107
1103 978
903 1247
1012 1115
1303 907
1029 1176
995 1234
1095 1123
1192 1016
1452 881
1099 1170
1015 1285
1063 1223
941 1377
1074 1220
1316 999
932 1414
1348 985
1162 1139
890 1554
1212 1085
1130 1216
1026 1385
1385 1012
1129 1258
1104 1305
1107 1322
1048 1438
1166 1265
1084 1384
1270 1154
1155 1280
1190 1242
1184 1259
1290 1157
1126 1356
1459 1060
1292 1198
1125 1403
1216 1279
1116 1446
996 1688
1389 1153
1204 1318
1343 1268
1530 1150
1383 1236
1281 1316
1542 1147
1201 1416
1378 1254
1410 1245
1381 1273
1215 1422
1414 1263
1186 1512
1488 1213
1328 1337
1622 1137
1569 1171
1240 1433
1390 1300
1237 1457
1168 1617
1498 1250
1121 1713
1222 1501
1656 1151
1555 1237
1285 1478
1194 1627
1322 1456
1464 1325
1439 1341
1352 1435
1291 1509
1358 1445
1251 1578
1484 1348
1261 1608
1189 1743
1267 1596
1429 1418
1287 1585
1226 1703
1346 1572
1234 1749
1279 1701
1481 1483
1546 1410
1399 1576
1526 1453
1298 1738
1388 1622
1425 1587
1283 1766
1593 1419
1609 1401
1297 1775
1578 1449
1539 1507
1567 1487
1635 1424
1517 1565
1496 1599
1431 1684
1630 1455
1364 1767
1242 1925
1444 1700
1356 1828
1457 1714
1570 1580
1433 1747
1537 1635
1596 1558
1649 1505
1661 1496
1413 1799
1588 1611
1463 1777
1404 1851
1560 1690
1505 1778
1436 1891
1568 1729
1486 1847
1624 1702
1508 1854
1529 1825
1512 1859
1493 1902
1561 1827
1725 1367
1540 1893
1545 1886
1532 1922
1613 1882
1594 1916
1514 1977
1617 1894
1610 1950
1662 1969
1652 1994
476880634 868876902
1
sift 53
251 163
99 77
94 129
275 198
255 211
310 243
343 250
353 430
375 309
315 373
872 300
421 378
599 533
359 824
673 526
665 642
864 468
539 671
726 594
644 655
652 733
1126 555
865 744
1054 831
881 1018
1125 912
1005 1007
1121 1052
1279 963
875 1491
1318 989
1283 1026
1146 1244
1435 1071
1140 1354
1443 1109
1238 1250
1297 1259
1062 1759
1302 1342
1170 1551
1540 1196
1328 1381
1216 1578
1272 1552
1338 1590
1597 1360
1294 1711
1572 1400
1425 1666
1623 1449
1645 1642
1633 1697
476880634 936120456
1
sift 611
7 6
14 20
1083 1249
9 7
18 28
12 18
27 24
42 38
25 25
40 47
34 29
62 68
33 33
84 101
35 45
103 88
47 30
111 142
37 51
94 102
43 42
133 146
44 44
98 111
41 52
137 164
46 60
99 115
54 63
170 169
55 64
104 123
57 71
161 180
80 83
184 177
81 84
185 193
67 105
177 203
83 87
163 233
85 95
229 211
102 92
220 226
91 110
232 237
95 121
222 261
109 130
251 239
117 128
248 246
115 133
279 265
108 143
275 269
138 119
287 290
121 145
318 271
129 141
304 283
130 150
286 322
135 154
280 326
124 160
314 296
125 170
306 307
145 163
307 309
144 181
327 305
164 175
355 291
168 183
270 395
196 201
309 349
160 256
343 331
207 189
345 343
200 208
364 329
214 200
350 344
221 217
362 338
213 242
357 354
201 266
369 377
205 263
390 351
233 252
382 358
247 238
383 371
257 234
389 378
239 258
386 380
243 251
409 383
245 262
407 411
266 248
419 413
282 257
435 408
259 270
439 431
250 299
507 406
225 330
489 402
319 247
478 439
290 277
461 421
294 275
457 489
293 284
464 505
300 272
506 484
310 280
502 470
298 295
500 503
288 314
661 414
321 287
532 521
322 289
528 562
325 310
544 566
311 324
566 565
324 323
631 559
336 315
590 590
384 278
632 574
317 327
614 596
359 306
599 621
285 392
562 687
340 346
648 602
352 356
549 717
342 376
637 649
358 361
625 680
337 384
634 691
335 390
572 764
412 317
611 728
371 360
673 668
363 370
665 684
391 342
662 692
394 345
804 558
312 452
698 663
410 336
855 620
387 362
846 737
348 427
806 794
388 401
753 878
598 293
830 830
401 404
889 769
368 456
873 808
392 449
860 817
453 389
825 859
413 419
867 880
452 391
818 941
467 388
859 990
420 426
1017 928
468 393
956 1002
398 472
993 981
406 457
912 1115
429 420
1042 986
430 428
980 1051
560 355
1061 988
424 438
1169 895
399 500
1171 911
477 407
1108 966
428 463
1134 954
440 486
1045 1067
463 464
861 1371
458 476
1027 1161
475 468
1093 1109
479 469
1123 1090
508 444
1008 1295
403 585
1217 1093
444 512
1380 1050
487 490
1438 1026
486 508
1366 1084
490 499
1246 1198
1229 312
1334 1153
505 502
1180 1471
431 597
1427 1283
492 541
1353 1450
494 538
1365 1506
554 475
1397 1588
520 511
1551 1560
522 517
1447 1721
509 560
1664 1482
539 537
1637 1602
459 690
524 580
1479 1940
480 710
513 629
540 577
381 1151
548 569
717 481
672 539
588 586
732 514
579 619
583 611
608 589
749 518
817 487
592 632
561 676
570 685
576 671
1382 394
613 637
654 628
667 615
584 712
644 665
642 674
635 681
705 598
620 695
628 693
679 634
610 709
658 673
674 639
691 623
624 700
619 702
994 485
678 654
711 610
694 653
737 609
493 1037
686 677
777 606
706 698
618 779
653 760
785 624
787 648
720 730
702 754
683 778
669 819
725 738
712 772
719 761
684 820
740 751
723 786
730 799
872 655
764 752
713 824
726 818
786 748
756 803
768 801
751 826
820 756
794 809
831 791
802 833
676 970
875 749
863 798
795 870
739 945
835 846
836 850
734 972
926 783
722 1021
823 877
1022 747
869 842
792 920
958 807
771 982
877 854
824 902
1044 775
838 908
834 918
816 962
865 901
880 889
925 864
1073 810
892 888
896 885
1037 828
890 914
1000 855
978 868
1007 858
906 915
989 883
844 1044
897 948
888 968
954 899
845 1054
1032 874
903 961
1036 882
1089 862
935 942
883 1025
853 1088
1051 890
878 1047
913 1010
950 955
944 969
934 992
947 1008
898 1078
931 1036
921 1058
1035 958
981 1017
982 1031
990 1027
937 1098
1307 843
1100 939
961 1083
1002 1055
920 1146
1060 1033
1029 1064
902 1208
1099 1013
959 1155
1153 952
893 1274
1103 1032
997 1137
1118 1023
910 1269
932 1235
1075 1085
974 1190
964 1200
1140 1022
1006 1175
941 1236
930 1272
1317 910
1040 1148
1193 983
1063 1126
1015 1184
1112 1080
1200 994
1132 1099
1204 1029
1024 1237
1012 1266
1074 1193
1264 1000
1146 1113
1190 1071
1069 1217
1348 977
1129 1178
1082 1232
1122 1182
1199 1102
1130 1188
899 1533
1059 1297
1208 1110
1126 1211
1135 1203
1107 1252
1084 1298
1216 1124
1303 1075
1212 1138
1034 1398
1121 1276
1048 1401
1230 1164
1137 1296
1389 1070
1166 1281
1253 1180
1125 1345
1077 1417
1251 1202
1261 1205
1270 1209
1095 1438
1156 1351
1094 1467
1176 1344
1227 1286
1232 1278
1173 1367
1476 1127
1151 1414
1274 1271
1097 1528
1148 1439
1327 1251
1248 1306
1508 1130
1249 1310
1495 1145
1189 1393
1237 1329
1378 1214
1186 1418
1290 1299
1279 1308
1167 1477
1323 1303
1076 1687
1410 1243
1439 1230
1281 1355
1220 1427
1120 1667
1351 1336
1267 1405
1695 1100
1346 1352
1392 1314
1521 1228
1530 1224
1224 1517
1369 1376
1322 1429
1283 1465
1328 1434
1295 1474
1289 1486
1596 1253
1480 1343
1302 1500
1433 1397
1505 1346
1488 1363
1297 1538
1377 1452
1578 1300
1421 1425
1298 1562
1291 1570
1359 1491
1383 1464
1222 1690
1385 1485
1331 1564
1138 1900
1414 1480
1512 1412
1399 1510
1443 1487
1502 1437
1509 1433
1547 1400
1481 1455
1642 1324
1268 1717
1526 1435
1336 1654
1568 1404
1424 1549
1463 1526
1609 1390
1569 1431
1655 1359
1452 1563
1260 1804
1656 1372
1431 1594
1597 1430
1590 1442
1457 1584
1423 1625
1429 1635
1238 1891
1404 1664
1425 1655
1350 1763
1594 1484
1624 1449
1556 1529
1486 1623
1478 1633
1529 1577
1588 1525
1393 1757
1552 1574
1635 1492
1409 1764
1465 1711
1633 1534
1413 1806
1540 1653
1468 1776
1699 1462
1500 1741
1649 1547
1564 1659
1531 1743
1573 1688
1522 1758
1630 1639
1534 1775
1532 1790
1652 1631
1586 1728
1593 1726
1610 1702
1651 1647
1565 1773
1681 1621
1506 1872
1613 1720
1561 1793
1662 1681
1580 1825
1603 1809
1667 1771
1598 1875
1674 1829
1650 1899
476880634 1029832138
1
sift 210
660 806
40 16
37 39
69 32
41 40
75 84
62 60
99 100
81 73
170 149
85 107
94 112
121 110
181 175
104 120
163 203
130 116
185 184
124 133
229 191
135 122
220 195
338 85
222 220
168 171
248 209
196 163
275 217
243 225
279 227
292 211
327 242
336 238
314 253
311 280
287 312
391 281
318 292
359 339
343 313
463 293
362 295
429 366
383 330
400 435
369 351
388 476
357 382
522 375
345 395
461 453
409 342
411 563
390 371
479 464
435 360
460 500
500 396
529 460
787 353
494 555
632 511
679 427
531 552
694 425
590 550
540 519
464 778
520 560
528 675
681 449
648 530
667 506
629 587
558 649
638 608
588 629
698 544
608 626
666 638
781 493
662 662
583 702
806 612
513 850
626 826
678 624
860 658
725 574
867 805
592 759
1353 605
863 505
873 853
635 749
889 909
897 510
1045 1050
786 600
1217 871
820 561
1123 1035
702 711
1246 959
561 903
1171 1062
844 586
1008 1342
706 730
1438 1079
712 748
1179 1772
994 527
1535 1560
831 632
730 756
794 714
800 765
995 625
892 688
755 813
1132 597
726 988
983 724
1307 588
808 923
1110 718
1051 754
925 823
888 868
970 1006
1303 773
1032 995
1001 1023
833 1285
1212 831
991 1068
1037 1046
1035 1054
1658 729
1270 857
1198 944
1208 963
944 1251
1074 1129
1029 1210
1130 1107
1314 943
1012 1265
964 1400
1410 971
999 1394
1555 912
1593 895
1094 1271
1006 1437
1129 1242
1084 1326
1249 1120
1216 1158
1326 1087
1166 1228
1156 1261
1175 1266
941 1704
1057 1501
1104 1408
1343 1163
1011 1673
1059 1641
1125 1505
1048 1770
1137 1590
1240 1393
1257 1411
1350 1332
1414 1273
1215 1499
1189 1568
1232 1483
1288 1446
1267 1534
1392 1426
1588 1260
1298 1555
1578 1276
1388 1500
1194 1777
1321 1617
1596 1335
1297 1697
1431 1553
1283 1759
1399 1630
1413 1648
1586 1462
1367 1713
1302 1782
1599 1466
1609 1457
1463 1647
1505 1642
1529 1623
1507 1653
1457 1710
1594 1625
1561 1664
1595 1643
1628 1708
1725 1577
476880634 1186326363
1
sift 80
12 19
41 45
84 102
81 80
170 164
98 144
185 210
121 117
229 207
135 131
275 212
178 226
222 287
363 150
279 279
292 260
276 326
324 384
327 267
463 305
314 300
428 516
362 309
479 468
351 377
468 686
409 331
680 445
435 378
520 646
500 467
667 579
390 847
725 570
599 567
786 586
590 639
710 702
648 589
794 780
637 606
896 681
528 1069
712 994
632 804
691 1059
806 661
982 756
662 929
891 864
826 1014
925 909
873 1254
1307 673
1217 926
1212 721
1123 1292
1115 851
1427 1545
1127 954
1312 853
1114 1108
1012 1246
1410 946
995 1422
1033 1392
944 1557
1230 1125
1006 1502
1216 1214
1094 1573
1379 1186
1104 1602
1234 1336
1289 1454
1707 1087
1249 1590
1359 1526
1599 1537
1628 1655
476880634 1203176847
1
sift 69
222 196
239 224
251 184
255 210
362 277
272 239
666 821
353 539
599 659
445 651
1108 817
744 410
584 579
512 715
537 742
539 770
635 681
652 852
706 788
586 988
646 1061
653 1141
702 1184
697 1269
1001 844
944 895
810 1094
840 1148
990 1052
774 1515
987 1101
863 1265
1048 1081
1054 1078
928 1220
1074 1208
1114 1179
958 1348
1125 1258
1029 1416
1189 1204
1005 1504
1297 1155
975 1732
1166 1413
1302 1263
1227 1363
1198 1435
1318 1296
1044 1836
1321 1324
1155 1610
1341 1323
1238 1506
1404 1359
1267 1748
1299 1706
1170 1946
1399 1659
1443 1696
1512 1626
1240 1983
1463 1783
1564 1754
1572 1811
1597 1863
1520 1947
1640 1830
1718 1904
476880634 1228518096
1
sift 185
89 130
12 9
17 14
129 128
75 37
20 16
171 210
64 41
25 20
145 157
62 49
32 28
240 237
242 140
28 29
172 228
98 81
33 38
273 285
181 194
44 30
316 400
99 89
65 44
735 978
220 225
73 48
670 830
94 103
71 52
660 1696
251 273
78 54
986 1103
177 233
80 69
1102 1781
350 298
87 77
940 1616
397 264
119 85
1615 1600
327 328
105 100
1083 1401
343 307
109 109
1446 1967
315 354
108 121
966 1673
375 329
114 107
385 316
116 122
1079 1518
362 371
118 114
383 380
176 70
1469 1496
442 347
110 148
421 394
139 135
461 434
203 83
528 477
144 154
506 520
167 167
478 691
199 179
552 606
180 247
599 587
200 271
590 637
215 267
673 707
363 181
665 870
239 257
826 973
216 317
695 843
264 279
846 1031
255 294
889 1079
288 320
867 1193
311 339
1108 993
322 325
1045 1215
337 341
1123 1635
293 425
372 359
1274 1501
358 374
380 418
342 557
368 555
392 529
444 457
453 495
482 489
497 468
485 570
505 670
524 638
509 668
493 710
680 535
486 821
570 749
515 881
617 701
555 810
644 741
624 771
537 961
539 972
620 849
683 819
646 941
635 1092
693 957
731 915
1228 608
748 923
592 1298
652 1242
810 948
795 1034
822 979
808 1072
930 895
880 991
883 1074
848 1184
730 1601
954 1081
1007 1043
896 1178
853 1300
913 1183
921 1216
792 1523
904 1291
961 1218
863 1384
1092 1082
878 1354
838 1542
1040 1213
1081 1190
1284 1060
898 1653
875 1768
1072 1407
959 1606
1057 1499
1034 1553
1082 1471
1118 1433
1091 1488
944 1853
990 1854
958 1919
1001 1848
1241 1358
1048 1761
1230 1485
1619 1293
1658 1304
1519 1406
1477 1642
1393 1752
1541 1813
1573 1786
1712 1493
476880634 1240301939
1
sift 61
147 132
5 3
170 124
16 16
185 230
38 18
220 205
37 32
275 222
81 51
222 292
107 110
232 276
211 238
251 284
259 202
314 321
244 306
327 342
428 450
343 403
561 447
357 434
744 419
364 443
771 455
375 436
589 569
383 417
524 688
351 499
995 472
435 500
824 540
478 533
694 785
528 532
490 1054
599 545
812 668
590 695
678 732
629 684
899 677
673 705
1519 524
699 783
890 897
797 701
1219 594
826 744
1284 841
956 697
1180 824
889 1000
1052 1098
1003 1014
1688 895
1045 1090
1591 1111
1123 1193
476880634 1358582240
1
sift 112
89 158
181 203
6 1
240 187
62 48
5 4
273 209
220 219
17 27
316 398
94 97
39 23
546 744
252 217
28 31
569 725
99 95
55 50
660 806
315 367
58 51
735 933
126 80
57 55
1143 964
327 387
50 78
963 1231
104 137
78 74
350 339
80 89
1668 1508
177 200
83 131
343 363
120 105
385 313
118 136
375 336
105 168
362 374
110 170
383 417
129 140
528 443
114 259
599 532
145 178
566 588
159 291
590 717
172 253
629 731
215 227
673 864
221 270
826 1032
180 391
1045 853
308 212
1180 770
262 281
1124 904
216 361
1108 1247
288 300
889 1621
255 382
311 307
322 342
337 326
293 547
363 499
444 460
264 1607
453 555
451 607
554 534
449 752
393 1041
524 639
555 721
667 644
570 757
388 1778
624 829
620 924
683 863
670 981
646 1119
592 1466
796 995
808 993
1519 647
896 1202
966 1118
883 1266
921 1216
954 1186
961 1226
1079 1145
1153 1221
1040 1391
898 1800
930 1887
1122 1747
1114 1829
1026 1940
1651 1299
1339 1722
1694 1881
476880634 1430327691
1
sift 132
56 27
220 160
10 9
51 47
62 41
34 26
150 161
222 191
60 38
54 45
96 60
67 95
241 114
251 231
94 68
83 98
99 85
139 101
171 150
280 250
126 65
129 117
104 97
114 143
202 190
419 194
105 171
145 151
177 154
108 225
316 373
327 265
176 165
172 184
335 172
363 178
660 595
315 276
221 210
322 310
243 379
310 205
1474 1949
343 260
216 326
394 420
350 257
311 323
375 266
293 484
453 446
385 262
337 471
383 307
413 325
402 713
421 311
630 408
457 333
461 312
580 810
424 404
429 586
528 414
464 541
940 701
478 545
393 747
599 489
493 599
1079 1765
590 547
554 526
673 606
505 603
1339 1574
695 538
523 617
889 512
509 687
826 759
524 674
1045 983
1229 447
1180 753
570 770
946 1093
494 1147
1109 974
624 768
1003 1220
537 1088
1123 1262
683 824
620 939
646 969
697 964
555 1381
669 1185
994 740
635 1357
668 1286
795 1010
808 1000
592 1857
702 1597
1284 809
896 1193
872 1273
706 1882
921 1272
739 1924
1014 1265
961 1460
848 1749
1007 1527
838 2338
914 2105
897 2210
1034 1868
958 2098
941 2285
898 2409
1114 1788
996 2312
949 2418
1230 1724
1432 1613
1651 1607
1272 2443
1671 1881
1573 2327
476880634 1474416471
1
sift 54
75 78
37 28
482 253
98 178
114 47
170 145
135 126
570 503
185 208
255 194
314 236
292 281
683 647
362 322
363 328
435 358
463 325
795 727
500 408
994 334
673 474
468 749
1241 973
624 567
667 600
806 626
934 524
1153 1114
993 958
913 736
1217 798
954 818
961 1125
1307 620
1003 1256
719 1236
1040 1108
995 797
1123 1435
925 925
1468 1561
1051 867
1012 1139
1130 1037
1230 999
1184 1217
1390 1071
964 1659
1707 994
1216 1531
1350 1385
1712 1103
1573 1315
1431 1686
476880634 1523815439
1
sift 64
170 190
37 38
451 301
98 186
41 50
185 236
81 91
482 307
314 256
135 152
435 349
255 232
624 591
500 429
292 274
421 544
463 323
683 690
673 493
493 585
806 654
994 382
796 777
528 1614
520 608
1218 793
1228 376
1241 1084
961 1165
667 600
873 1395
468 1205
1153 1256
1040 1144
786 543
1171 1023
680 818
1123 1385
934 627
794 805
1468 1655
719 1092
1307 609
1212 678
995 858
954 922
925 967
921 995
1051 850
913 1083
1012 1210
1130 1151
1346 966
1390 1066
944 1741
964 1770
1122 1523
1289 1624
1200 1801
1573 1522
1599 1496
1594 1549
1518 1765
1580 1727
476880634 1716575903
1
sift 80
170 140
16 19
57 73
218 165
37 34
181 178
41 38
118 91
251 200
62 56
185 197
81 64
363 253
248 204
114 51
222 248
85 68
482 218
307 371
94 124
279 224
104 113
451 314
421 395
141 145
280 296
135 151
491 546
390 474
164 166
314 281
178 190
871 932
547 671
255 230
287 332
310 239
961 1362
590 610
327 276
343 330
336 301
1573 1140
638 648
225 576
375 365
1248 195
549 846
357 419
385 373
695 489
1017 994
383 429
435 417
525 871
1045 1048
544 762
528 807
588 801
1123 1154
629 678
599 826
667 700
1397 1825
620 884
889 1073
583 1071
995 585
1582 559
820 1531
913 1299
816 1829
1127 1143
1500 999
1103 1518
1307 1269
1240 1330
1126 1610
1528 1259
1358 1786
476880634 1788219329
1
sift 95
89 70
220 210
6 1
316 406
62 54
5 4
171 184
307 294
23 27
569 673
99 98
55 52
273 201
315 383
58 55
735 909
177 197
50 82
660 694
350 329
78 76
886 1115
327 393
80 87
942 1294
375 340
113 72
1102 1432
385 331
120 100
442 307
83 167
383 420
118 125
528 451
129 127
599 530
105 193
566 638
145 173
590 650
172 194
673 732
199 177
695 746
159 259
665 864
215 222
826 900
221 265
889 1087
264 242
1180 748
216 349
1108 966
288 289
1045 1272
256 373
311 290
1436 1487
301 323
337 293
322 326
554 244
293 524
363 444
340 552
444 428
451 507
466 548
524 642
449 906
1229 446
1120 516
624 756
555 905
620 828
646 1077
601 1169
795 920
954 935
1284 782
702 1514
850 1121
703 1590
921 1094
966 1179
961 1199
1040 1239
1519 934
1091 1335
1241 1154
1079 1429
1153 1297
1084 1598
476880634 1799436415
1
sift 94
40 30
16 15
62 40
23 11
64 54
37 25
84 65
96 75
146 117
94 72
170 130
135 114
181 157
290 141
185 209
259 185
220 202
336 189
222 221
296 220
232 224
310 263
279 187
335 343
251 229
298 378
248 239
381 324
275 271
398 317
280 279
460 275
314 268
413 345
327 280
428 449
307 319
496 353
369 287
513 481
343 307
464 501
350 328
583 452
357 332
589 522
375 335
524 695
383 338
490 727
408 383
995 408
435 409
685 600
457 415
771 569
478 435
695 722
390 759
824 647
528 461
667 838
442 615
722 775
544 503
754 965
547 521
890 917
599 491
814 1073
590 596
1144 832
637 626
1051 978
673 639
1103 932
797 597
1284 867
861 553
1358 1160
889 611
1240 1140
698 844
1122 1565
956 645
1592 1273
826 764
1671 1300
867 1032
1003 975
1045 995
946 1196
1123 1092
1109 1349
476880634 1861578657
1
sift 94
84 72
16 12
118 105
363 370
35 25
170 144
37 37
482 298
390 700
62 53
181 174
85 66
570 620
549 724
114 60
185 202
98 114
683 838
631 778
104 126
248 192
135 147
796 882
1017 987
141 156
251 207
164 166
954 1017
1637 1614
87 1512
222 221
255 217
1014 1269
279 210
275 233
225 247
1040 1359
250 240
280 277
298 231
1573 1668
287 283
314 263
310 245
327 273
307 331
336 290
357 351
385 332
401 453
375 361
383 395
436 579
407 392
435 421
513 622
478 409
457 465
583 528
506 518
528 629
705 516
544 628
590 584
667 695
638 604
611 638
495 1341
599 673
826 897
734 786
743 781
867 852
786 777
889 828
859 901
722 1233
878 1157
1045 1116
1051 994
820 1364
1123 1202
913 1195
1582 751
912 1595
931 1329
1401 936
1397 1478
1127 1284
1037 1449
1103 1382
1193 1334
1607 1091
1712 1529
476880634 2014127030
1
sift 429
89 74
111 100
5 1
229 235
15 15
273 271
170 181
23 12
232 248
28 22
334 344
163 239
37 24
251 286
27 33
395 392
220 225
41 25
280 276
35 26
546 534
222 283
45 41
275 295
47 56
735 770
286 266
55 43
307 320
62 61
963 1187
279 299
76 71
350 370
78 66
1131 1323
287 318
81 78
421 433
88 72
306 297
87 85
409 518
86 87
304 359
95 98
435 505
108 88
362 292
119 79
390 622
94 106
314 353
99 104
478 582
98 105
327 357
104 110
634 610
109 108
369 379
114 113
590 666
116 119
357 397
126 123
649 685
123 125
385 390
117 143
782 899
148 124
383 415
130 142
867 965
131 144
442 451
135 150
1003 1275
201 173
457 470
196 183
1398 1230
176 201
547 509
200 195
211 191
506 578
198 203
214 222
528 575
239 228
255 205
532 572
216 277
243 247
544 589
274 218
285 224
599 618
337 197
259 256
625 649
233 289
263 264
637 669
272 262
290 258
673 682
266 315
294 308
665 725
262 361
311 287
632 778
342 270
289 331
818 676
312 293
305 306
861 692
310 319
298 340
698 848
352 284
381 267
830 828
495 219
335 329
826 858
296 378
336 358
859 863
368 323
325 374
929 855
392 325
398 336
846 1135
388 355
359 384
889 1082
322 447
376 385
956 1042
319 488
380 402
1108 1032
353 467
401 399
1045 1121
482 351
436 375
1123 1185
413 416
387 473
1061 1302
428 422
555 365
1353 1217
479 412
424 464
1365 1418
513 401
460 462
1334 1489
458 469
474 455
437 508
464 482
790 348
463 503
490 478
655 381
475 538
494 516
483 556
480 562
524 523
363 1004
481 597
487 594
654 450
561 504
450 674
515 579
508 609
512 643
584 545
548 628
757 487
540 665
722 528
583 619
645 585
552 658
612 602
589 631
620 605
624 606
595 637
539 706
642 616
959 457
635 640
683 620
680 630
587 713
685 635
706 653
696 679
817 598
719 687
730 688
725 695
805 644
672 756
667 760
704 730
677 757
738 702
750 712
743 723
646 814
916 604
832 656
723 746
834 668
771 720
531 1115
751 750
753 749
694 811
652 905
780 742
795 739
720 796
984 632
713 807
824 719
786 764
883 696
740 805
721 845
711 904
854 747
784 792
878 736
816 774
756 853
812 780
866 754
764 877
823 833
783 929
768 960
707 1072
831 881
767 980
890 798
741 1022
810 924
770 988
774 986
954 784
897 834
944 794
913 822
863 902
941 803
914 836
921 831
882 889
995 789
1037 793
875 933
1078 781
961 860
787 1102
850 1001
906 932
758 1173
968 888
1052 840
794 1155
860 1036
853 1063
934 954
1054 867
1029 894
1047 886
869 1056
1077 882
1144 826
967 974
947 995
987 976
931 1019
1040 957
1284 788
1074 941
1051 962
820 1246
1117 916
1026 1002
1099 939
1261 819
1121 931
973 1049
1180 896
907 1119
1129 937
1012 1044
958 1098
1571 761
877 1215
978 1107
1036 1071
1013 1087
1151 984
1137 996
1187 971
1181 981
1162 994
1198 969
1125 1038
966 1188
1114 1057
1626 787
935 1281
1032 1165
950 1266
1215 999
1297 964
1205 1018
1059 1162
1167 1062
1073 1158
1079 1175
1259 1013
1142 1120
1189 1085
1227 1051
1126 1145
1130 1154
1166 1128
1190 1114
1115 1194
1095 1216
1038 1315
975 1412
1241 1097
940 1486
1170 1169
1286 1086
1279 1111
1146 1248
1200 1192
1321 1112
1085 1397
1318 1137
1237 1193
1234 1195
1278 1180
1140 1375
1110 1424
1283 1208
1341 1181
1290 1223
1112 1479
1233 1288
1207 1355
1270 1270
1295 1254
1249 1295
1191 1386
1238 1325
1248 1317
1625 1076
1216 1371
1245 1341
1302 1328
1443 1212
1213 1423
1410 1232
1482 1197
1381 1264
1298 1357
1402 1256
1222 1444
1327 1340
1328 1347
1430 1255
1378 1287
1377 1296
1260 1422
1399 1307
1403 1305
1281 1442
1484 1292
1458 1312
1477 1333
1493 1352
1564 1276
1512 1320
1436 1399
1423 1431
1391 1461
1429 1453
1580 1306
1529 1372
1583 1321
1597 1313
1505 1405
1433 1491
1590 1374
1461 1485
1573 1428
1650 1366
1496 1493
1598 1413
1572 1465
1652 1380
1561 1472
1383 1515
1672 1408
1647 1455
1593 1503
1712 1488
476880634 2045004962
1
sift 173
56 52
40 40
1 1
52 65
64 44
5 3
89 192
170 175
10 6
129 137
62 46
44 30
150 270
181 184
54 54
171 216
98 92
80 75
240 205
248 189
67 112
172 227
104 120
83 77
273 337
220 247
99 76
432 418
279 224
126 73
396 1318
251 269
109 129
660 1481
314 325
108 139
1300 1257
327 319
105 201
1446 1418
343 321
144 157
1615 1417
350 316
145 171
1339 1606
385 313
166 160
1474 1723
375 336
178 209
369 345
196 272
357 367
215 260
362 392
221 253
383 406
247 287
407 382
363 212
457 430
239 317
435 475
282 283
567 413
335 246
528 477
264 332
506 537
322 296
478 592
288 362
599 524
293 393
590 571
311 395
665 797
374 411
826 879
394 399
867 1018
371 447
699 1529
480 341
1045 963
337 517
1108 988
347 503
1363 876
496 354
946 1297
424 438
1003 1389
392 502
1123 1314
453 434
1398 1117
461 432
444 504
429 572
554 483
485 590
490 595
1154 360
1229 356
580 549
522 622
505 684
539 652
695 536
524 722
636 600
570 768
667 670
617 719
459 1196
646 727
493 1068
624 825
537 1071
620 886
652 878
1710 492
592 1130
618 1213
994 775
796 1101
808 1090
701 1422
1180 832
750 1365
984 959
896 1037
1484 736
895 1060
880 1082
1306 822
937 1153
853 1373
913 1239
898 1377
1112 1123
802 1776
875 1531
961 1388
959 1616
1079 1412
1118 1371
1006 1604
1348 1151
982 1659
944 1725
1035 1670
958 1838
1230 1447
1528 1216
1073 1798
1146 1644
1140 1689
1122 1755
1274 1579
1298 1577
1393 1452
1356 1576
1148 1886
1264 1704
1651 1384
1459 1600
1624 1546
1555 1624
1481 1721
1573 1690
476880634 2095558067
1
sift 66
170 139
37 43
363 322
345 292
41 41
185 180
62 63
570 515
307 334
114 50
251 175
135 141
624 557
390 494
141 149
249 194
87 1023
683 674
867 854
164 163
275 179
178 192
795 819
1397 1608
280 261
314 252
336 250
954 855
327 254
287 306
225 755
921 994
392 288
375 314
667 596
961 1019
385 390
421 356
589 871
1040 1111
383 419
357 514
620 828
1573 1378
435 360
590 581
995 541
638 577
629 661
786 724
544 791
528 945
1467 466
599 949
626 903
1582 662
889 1123
1123 1242
913 1113
820 1473
1427 1364
808 1529
1401 823
1307 1190
1122 1524
1103 1656
476880634 2130703568
1
sift 153
56 63
170 160
33 14
54 53
251 168
28 23
150 191
181 180
44 28
129 125
232 204
57 60
171 188
185 237
62 52
145 132
350 310
51 100
273 526
248 178
96 82
187 136
390 506
99 87
240 887
222 243
98 88
172 174
435 518
108 85
334 795
220 251
126 71
323 296
566 442
94 118
839 1623
279 222
104 111
394 395
482 1327
105 187
1300 1403
327 301
207 146
1720 208
867 889
177 210
1446 1441
314 320
282 190
670 527
1003 997
363 177
369 281
358 213
851 602
1398 1227
262 372
343 323
288 385
1348 766
440 247
375 340
392 399
1079 1799
357 383
385 337
459 379
1339 1812
362 413
407 369
337 590
383 417
457 446
424 440
461 463
528 523
483 461
490 525
544 561
444 868
599 585
662 669
539 716
524 740
625 771
486 961
570 739
673 730
494 950
552 920
665 807
624 803
620 908
846 724
493 1615
652 959
825 1189
683 906
584 1163
889 1205
678 974
618 1184
1045 1191
681 1155
635 1288
1123 1393
796 989
726 1179
702 1429
750 1344
740 1365
739 1435
730 1502
712 1593
921 1193
954 1153
808 1488
883 1307
881 1367
792 1864
834 1727
1308 1014
913 1504
1118 1269
895 1633
934 1531
961 1479
1112 1303
958 1551
1041 1565
900 1929
937 1798
944 1825
910 1956
1000 1815
1528 1188
987 1927
982 1949
1356 1349
1037 1895
996 1991
1715 1121
1230 1575
1193 1713
1159 1928
1393 1786
1373 1917
1459 1835
1605 1682
1573 1791
1343 2019
476880634 2146998783
1
sift 133
56 71
33 14
89 103
150 155
25 20
171 201
28 28
240 166
32 34
328 342
44 36
942 1090
54 49
273 485
57 51
839 1454
80 90
660 967
108 77
1102 1617
109 85
735 937
87 113
1446 1545
114 89
113 101
105 110
119 108
118 111
120 123
117 127
116 130
129 131
145 145
180 213
172 230
216 189
221 235
214 270
255 250
239 285
210 344
288 299
293 376
311 372
323 364
308 444
337 413
392 334
394 407
444 363
348 551
459 443
453 464
380 596
451 503
483 547
449 607
670 474
864 414
486 693
508 684
494 734
644 566
524 704
570 649
555 710
624 674
539 829
731 611
584 758
646 709
620 752
984 523
683 767
592 919
645 856
642 897
619 917
652 923
853 685
681 1015
706 999
959 700
701 1032
738 975
796 910
761 974
810 906
720 1119
730 1110
930 822
838 966
740 1156
792 1085
770 1133
822 1034
808 1077
954 933
883 1035
845 1140
862 1100
921 1024
878 1104
848 1196
1082 969
843 1286
898 1167
910 1192
961 1202
966 1271
1040 1174
881 1457
941 1351
944 1357
875 1509
958 1349
895 1488
1000 1320
1006 1389
1053 1341
934 1530
1037 1395
1112 1296
1122 1403
1047 1551
1074 1590
1121 1516
1119 1526
1146 1533
1261 1541
1459 1595
1469 1599
