517252654 579717169
1
sift 54
1147 147
121 156
36 29
190 188
99 134
346 329
201 196
152 168
197 223
116 256
211 220
161 306
272 229
233 251
249 241
240 328
284 265
404 499
282 274
347 592
275 287
501 626
274 291
566 571
357 310
601 551
343 429
670 629
441 393
301 1870
393 443
547 803
487 482
477 1096
560 505
489 1234
987 412
786 776
568 593
1058 1554
677 582
1093 1647
651 618
1331 1642
604 694
1303 1863
661 814
710 787
883 688
1050 1080
1066 1091
1316 1209
1228 1942
1284 1867
517252654 936120456
1
sift 56
121 169
23 50
201 193
36 51
211 215
59 93
197 226
99 154
248 236
106 165
272 240
161 315
284 269
389 404
282 273
359 472
275 297
221 1222
255 308
397 598
274 305
460 515
357 331
501 587
343 421
466 723
441 408
566 615
393 503
335 1433
560 489
580 685
568 562
963 554
604 621
547 903
677 590
549 1032
722 576
654 982
651 668
669 1212
661 769
796 1036
883 679
914 1081
710 861
1058 914
636 1002
1118 1176
1066 1067
842 1761
1050 1090
1029 1533
1084 1558
1176 1468
517252654 1186326363
1
sift 72
415 979
121 164
36 33
290 341
192 158
129 112
122 315
138 105
300 569
190 190
184 95
201 210
151 114
274 267
137 133
275 299
145 130
441 378
209 113
651 663
204 162
291 1702
176 192
568 1069
189 184
722 803
143 260
710 1014
161 249
604 1367
182 305
1066 1211
281 209
1051 1291
322 256
329 253
375 282
240 412
368 369
479 352
539 431
453 573
737 407
750 435
566 579
846 439
858 442
656 548
502 823
778 593
549 876
447 1425
836 622
954 574
550 1174
771 761
935 640
1043 627
1020 680
1264 619
1225 693
943 870
769 1139
1030 892
1073 867
997 934
819 1493
1357 916
1289 1109
1072 1466
1037 1567
1207 1443
517252654 1240301939
1
sift 241
2 1
0 0
4 3
16 21
26 36
33 31
28 24
36 32
43 37
49 51
346 467
50 45
59 65
88 100
67 60
334 486
108 125
82 58
121 124
71 68
135 134
66 93
157 130
75 85
141 150
76 84
149 148
95 97
195 126
116 90
190 195
99 116
198 194
138 94
211 188
129 127
197 205
137 122
208 222
214 96
201 230
143 142
228 216
161 152
229 232
145 169
224 289
131 215
248 277
220 165
255 282
204 180
253 292
184 203
271 284
209 182
239 323
176 275
299 264
254 234
275 322
244 246
274 342
240 259
283 327
233 305
364 286
285 268
336 325
292 269
297 401
289 279
337 363
322 315
343 377
353 297
351 371
330 316
357 403
312 353
391 390
288 410
362 434
378 318
373 443
348 369
432 461
401 346
506 423
318 463
487 436
464 330
441 500
315 501
497 499
426 399
448 596
408 446
560 527
388 459
568 532
430 430
496 603
544 349
520 607
380 493
604 545
452 442
653 560
477 428
513 662
449 452
564 644
366 571
533 667
489 472
658 583
420 598
629 622
438 573
637 652
424 620
608 732
539 498
635 696
481 563
651 684
654 455
676 669
501 569
677 695
528 566
722 675
590 508
710 744
546 540
758 722
575 529
713 779
541 580
757 741
503 618
739 820
577 585
924 701
603 599
661 1000
530 658
959 759
616 617
903 925
534 678
776 1021
549 686
832 1002
557 679
1094 906
559 713
1008 957
771 589
1047 972
545 790
1098 956
863 557
987 1070
695 639
1205 930
705 638
1025 1045
567 773
1209 947
737 625
1066 1090
566 819
1050 1193
706 659
1316 1180
701 674
664 726
584 894
750 687
837 654
778 690
793 709
838 688
712 828
841 737
1082 633
754 831
796 791
694 890
862 738
730 864
935 694
735 889
876 797
850 827
1029 677
846 843
882 823
845 883
815 918
915 837
937 805
780 964
991 770
1020 766
786 981
847 934
943 867
933 873
914 910
897 928
825 1004
1022 861
1058 897
1010 951
1030 944
904 1128
1072 954
978 1016
1248 866
968 1092
1117 960
1115 971
1336 876
1113 1009
1076 1079
1325 909
1142 1072
1080 1135
1289 966
1123 1111
1179 1084
1077 1188
1288 1007
1180 1114
1160 1141
1034 1259
1359 1065
1354 1173
517252654 1474416471
1
sift 60
1098 424
8 5
123 124
675 567
55 32
83 37
300 149
1153 1107
151 68
129 89
580 503
1257 1126
184 64
145 110
717 647
137 136
209 103
877 728
189 162
161 207
917 766
204 166
143 281
1059 973
264 154
242 172
1118 1089
281 174
320 163
280 194
475 186
322 242
329 261
414 258
401 355
368 388
575 316
570 325
479 390
539 469
729 453
587 565
657 562
800 530
778 592
771 672
954 601
872 840
1020 688
893 818
935 784
875 865
838 955
943 890
997 863
1114 787
1030 871
1037 1140
1290 1167
1269 1283
517252654 1523815439
1
sift 56
8 9
123 98
889 829
38 14
55 48
328 172
1153 1143
83 55
184 89
290 301
1257 1164
129 114
145 139
675 591
209 129
137 227
717 690
264 185
320 191
877 777
242 228
322 271
1059 1084
329 283
475 290
401 358
368 417
575 338
615 336
479 407
539 479
737 408
750 458
858 460
846 470
656 597
800 546
941 511
729 640
778 622
954 664
771 851
935 779
1043 704
838 948
1020 762
943 870
997 859
944 994
1030 959
1073 970
1118 1117
1176 1177
1357 1034
1289 1229
1336 1809
517252654 1716575903
1
sift 119
406 473
101 68
24 19
123 67
88 85
49 64
190 178
99 151
1059 546
189 198
143 207
198 224
154 242
1258 1362
211 212
161 301
228 211
242 291
1269 1816
272 201
274 276
239 268
244 318
322 269
275 282
255 329
476 256
345 433
373 257
425 395
350 385
479 382
314 485
441 417
288 571
393 532
331 495
552 528
313 554
539 574
396 458
496 643
360 545
677 610
452 529
533 649
438 594
987 474
404 766
629 629
489 585
778 768
385 1029
651 678
501 800
935 1114
566 700
568 807
576 703
1066 1048
461 1067
637 752
559 830
943 1217
509 920
604 826
547 1171
1051 1155
562 1195
710 1050
698 872
1025 1216
601 1227
722 1070
683 988
1030 1219
785 897
738 1152
729 984
997 1426
771 971
1228 1205
671 1343
1290 1745
786 1148
1162 1358
932 1008
843 1178
1140 1414
896 1104
1000 949
1329 1240
805 1338
933 1130
1284 2024
1078 1026
878 1451
829 1797
911 1552
1200 1097
845 1901
904 1724
872 1963
965 1642
971 1656
1084 1470
978 1848
1091 1587
1046 1703
1053 1717
1107 1725
1114 1834
1124 1881
1231 1798
1134 2006
1214 1914
1201 1961
1233 1993
1351 1987
517252654 1785851268
1
sift 51
3 3
290 340
4 1
11 18
580 559
15 20
83 59
675 575
89 111
87 116
717 668
100 174
112 182
877 728
145 151
137 164
889 771
161 230
143 336
1118 1022
264 201
242 210
1153 1027
223 424
475 241
1257 1089
322 311
329 332
1176 1410
368 444
479 440
575 396
648 460
438 646
539 517
800 611
656 742
778 657
640 875
935 801
944 846
838 1082
901 1215
1073 1025
1357 772
997 1158
1269 1103
1122 1284
1336 1140
1289 1315
1359 1574
517252654 1799436415
1
sift 176
346 362
135 103
26 37
190 157
97 82
1147 1434
211 172
95 89
198 187
99 114
228 186
129 124
299 194
105 153
248 223
115 140
224 264
145 181
271 229
161 189
255 233
184 169
253 241
222 146
275 267
204 168
239 299
220 164
283 272
254 161
274 280
240 263
364 270
233 288
310 300
292 275
297 326
1159 150
337 315
378 321
357 307
358 313
343 336
348 345
487 335
312 373
441 409
353 361
448 437
288 507
568 461
315 467
604 491
452 369
513 545
388 442
521 549
479 395
676 456
420 495
496 583
489 408
564 562
509 440
533 614
408 585
629 532
680 394
637 617
576 452
532 660
539 483
661 611
450 577
677 596
501 522
636 645
546 511
651 639
534 636
757 572
574 592
722 676
654 569
710 764
584 662
758 745
545 707
987 759
553 714
1094 729
837 504
1066 995
559 710
1205 921
567 720
1057 1061
467 896
1050 1092
686 641
1162 1412
566 838
1140 1485
612 793
1284 1517
701 689
1306 1500
812 629
549 932
846 622
858 613
620 836
872 630
793 673
876 640
862 652
778 725
897 649
838 695
754 770
774 773
932 671
771 818
712 877
753 842
694 912
935 706
934 736
882 779
866 819
795 893
735 962
841 871
1020 739
786 978
777 1017
943 866
847 986
1010 827
1116 782
1049 855
1043 870
1073 876
914 1047
1058 917
913 1104
1024 939
1078 934
1077 950
825 1324
1117 973
978 1122
1141 1018
1119 1062
1114 1077
1039 1176
1180 1086
1325 1004
1097 1221
1289 1074
1107 1275
1160 1252
1354 1066
1213 1220
1087 1411
1359 1070
1352 1120
1315 1192
1172 1396
1214 1367
1318 1274
1307 1292
1239 1414
1264 1418
1313 1384
1185 1614
517252654 1861578657
1
sift 176
508 597
121 144
25 22
123 69
239 267
26 28
190 174
36 37
328 163
432 424
55 47
211 189
49 62
290 339
393 543
81 99
198 210
89 110
300 353
987 700
97 115
228 190
137 121
580 620
1205 968
99 147
253 239
184 124
717 838
1061 1420
145 172
284 233
154 171
857 849
189 201
275 262
161 290
877 882
196 261
274 273
280 217
889 975
281 224
282 280
240 245
893 1017
242 255
343 459
264 271
1085 1269
322 250
487 361
244 333
1112 1280
292 321
441 421
289 344
1153 1358
315 364
358 585
288 495
476 311
513 484
331 434
396 381
533 613
401 390
353 521
568 629
479 396
360 549
629 583
359 595
397 516
521 702
347 676
388 658
677 584
669 378
672 387
604 673
404 634
737 374
635 641
816 367
489 533
637 692
539 510
657 467
609 855
576 528
679 482
661 828
559 606
655 519
722 869
509 741
566 695
710 897
646 639
612 716
738 1091
577 777
550 1060
906 1069
744 711
846 657
1228 993
516 1152
690 762
1050 1202
601 960
778 709
1140 1271
932 684
754 815
549 1382
799 820
800 821
896 836
786 994
805 970
935 802
642 1381
866 949
743 1132
863 967
843 1036
838 1095
974 933
943 1009
968 1010
796 1329
835 1236
998 1004
1082 958
1223 868
1020 1041
1036 1037
933 1166
1030 1048
878 1379
872 1507
916 1418
1200 1025
997 1183
965 1293
875 1576
1049 1229
1091 1185
1080 1227
1045 1344
1046 1366
1101 1314
1160 1276
978 1572
1336 1139
1087 1522
1096 1506
1180 1385
1280 1262
1035 1629
1290 1319
1201 1484
1173 1549
1106 1621
1231 1494
1242 1473
1277 1434
1215 1563
1315 1432
1103 1655
1281 1556
1346 1498
1338 1641
1354 1634
517252654 1906096636
1
sift 53
3 2
123 125
11 11
89 101
300 335
104 138
193 84
675 618
137 136
145 137
717 691
209 139
161 237
877 727
143 315
242 215
889 876
264 208
223 372
945 968
322 295
293 332
1085 1031
329 319
401 433
1112 1052
368 475
575 360
1059 1120
479 444
737 435
1153 1105
539 550
750 575
1257 1162
800 637
729 687
864 628
778 694
771 741
896 744
935 854
943 984
838 1184
1020 917
1073 1083
901 1317
997 1203
1313 1125
1289 1418
1288 1509
1336 1694
1359 1530
517252654 2095558067
1
sift 97
406 339
208 179
24 25
123 109
239 233
89 110
275 253
99 141
167 166
242 243
152 155
274 254
143 185
580 515
393 489
182 173
282 281
161 250
675 557
552 418
237 213
373 223
264 238
717 674
987 494
244 358
425 356
331 429
917 780
1025 1150
575 293
441 360
353 503
877 820
360 662
513 443
452 484
893 855
487 482
533 602
461 535
889 963
404 714
634 577
489 541
944 995
385 1062
629 678
566 596
1257 1018
577 724
651 661
501 871
1153 1110
637 705
568 945
509 1217
1118 1162
604 949
710 983
750 841
1269 1315
729 955
738 1389
516 1678
800 889
1050 1242
549 1656
601 1488
1140 1336
786 1050
843 1022
1329 1177
896 972
671 1418
771 1438
701 1708
1078 1031
805 1560
904 1433
911 1487
933 1453
1043 1308
1020 1338
971 1474
1248 1173
1053 1506
1084 1460
1249 1240
1091 1498
1233 1426
1122 1593
1114 1644
1347 1381
1259 1601
1277 1624
1275 1747
