528510916 579717169
1
sift 260
8 19
12 16
65 60
31 29
85 110
45 28
95 103
32 44
159 156
78 72
96 104
92 148
184 220
99 114
100 119
116 131
242 241
139 128
175 196
148 133
270 229
182 193
228 223
256 202
264 250
246 251
240 275
254 256
296 263
267 276
344 255
305 272
321 274
309 303
337 286
310 318
280 381
352 291
369 310
371 290
364 324
314 325
377 365
358 306
374 379
326 378
413 360
507 267
431 394
727 236
434 342
405 331
388 482
462 327
478 393
410 413
483 412
427 432
516 425
442 451
617 443
467 505
482 497
580 404
627 582
518 502
545 593
500 518
590 708
639 426
652 507
589 454
700 696
485 599
671 506
566 490
677 929
476 727
691 546
560 628
964 771
564 679
735 540
600 624
777 946
578 670
608 694
607 626
909 873
707 571
689 618
753 542
969 970
637 689
704 636
606 724
1053 1091
702 617
787 601
651 686
1147 1081
630 710
849 787
755 577
1324 1001
596 782
946 726
819 561
1452 1218
751 633
1018 814
778 609
783 621
771 1132
808 607
718 735
1501 1015
695 785
774 675
1105 1402
734 760
609 897
1353 1201
697 796
765 716
764 728
717 797
900 622
781 721
818 737
838 723
728 855
731 875
859 748
887 731
762 856
801 815
941 705
916 776
828 841
719 1062
1084 690
723 1068
943 789
961 784
959 791
759 1040
873 885
925 840
869 888
1021 800
926 863
988 828
811 1009
940 937
876 1053
745 1369
883 1087
950 998
1057 950
989 1139
1163 938
837 1422
848 1438
891 1377
1111 1056
1027 1170
954 1284
1108 1079
980 1252
1010 1220
1012 1234
970 1305
877 1584
1153 1086
1047 1254
1113 1191
978 1433
1310 1048
1178 1157
1311 1066
938 1608
1216 1154
1443 1012
1129 1265
1051 1403
1078 1389
1499 1016
1215 1242
1128 1356
1429 1113
1143 1370
1137 1417
1335 1245
1502 1153
1469 1171
1049 1713
1280 1337
1288 1330
1398 1279
1613 1060
1179 1490
1279 1374
1220 1456
1100 1701
1437 1268
1079 1775
1142 1617
1192 1512
1587 1150
1243 1449
1256 1466
1569 1198
1417 1353
1131 1743
1294 1501
1372 1440
1402 1424
1595 1236
1271 1587
1269 1623
1201 1734
1509 1360
1364 1508
1207 1749
1343 1551
1222 1747
1386 1576
1199 1851
1374 1610
1301 1690
1406 1593
1541 1435
1304 1731
1333 1705
1465 1578
1255 1859
1480 1586
1603 1366
1270 1854
1510 1558
1258 1881
1399 1737
1441 1691
1305 1847
1435 1777
1548 1642
1426 1825
1476 1766
1391 1891
1438 1827
1449 1860
1457 1880
1479 1902
1395 1994
1526 1922
1345 2004
1489 1969
1553 1906
1619 1820
528510916 868876902
1
sift 53
178 166
84 92
166 202
233 212
191 255
304 401
252 238
408 430
313 406
360 385
423 431
580 601
834 992
575 635
588 671
1023 1198
719 684
760 733
1096 1450
742 811
678 961
1527 1828
982 796
985 831
914 1031
1051 912
931 1018
866 1113
1090 944
1100 963
1049 1052
1037 1177
887 1491
1300 989
1079 1259
1277 1109
1339 1080
1476 1026
1477 1115
1461 1127
1190 1342
1307 1243
1393 1250
1280 1381
1262 1536
1223 1710
1271 1666
1515 1414
1398 1578
1543 1556
1413 1778
1551 1642
1506 1758
528510916 936120456
1
sift 410
8 18
26 45
65 68
31 51
145 146
32 52
95 102
38 60
153 164
56 50
99 115
67 71
159 169
72 81
100 123
78 84
156 180
80 94
94 142
102 130
184 215
92 143
175 193
123 108
174 232
116 145
182 203
139 150
223 210
120 170
235 211
148 155
242 237
193 194
228 226
190 201
270 240
214 200
264 245
240 243
296 265
246 251
300 261
249 258
321 273
254 252
309 290
248 262
344 271
283 248
280 322
287 250
237 395
267 270
342 283
232 314
319 307
285 277
337 296
308 272
325 309
305 275
352 305
330 284
387 291
310 324
369 331
273 392
364 343
354 310
373 344
326 327
374 377
358 315
390 338
371 306
440 378
274 415
377 354
339 390
483 351
413 371
431 383
399 401
443 411
361 456
434 385
462 362
478 408
410 404
484 431
405 449
516 439
426 419
467 489
424 467
617 503
456 437
485 505
442 463
569 583
639 370
545 562
491 457
590 559
482 469
560 566
480 476
601 565
461 504
627 590
454 512
597 688
507 464
608 621
500 468
646 692
487 499
691 602
556 432
661 691
580 444
637 680
518 538
700 794
476 629
736 575
520 580
599 1051
662 487
704 684
486 709
1140 620
588 537
720 668
527 710
964 796
589 569
787 663
564 616
909 880
644 557
771 878
555 676
990 884
607 587
725 965
578 632
969 911
648 577
853 831
600 611
1003 1109
669 588
745 941
606 674
1053 1067
652 634
1002 737
624 665
1035 1105
596 712
849 861
630 695
1156 1084
651 681
946 817
645 700
1147 1091
707 615
1018 769
609 727
1431 954
713 623
861 991
702 653
1324 1093
935 514
992 1002
783 597
1521 1039
751 654
810 1371
718 698
1522 1153
623 819
968 1471
712 702
1452 1284
769 672
1501 1026
684 778
1341 1399
808 655
1353 1198
734 738
1303 1560
832 644
1343 1506
717 799
1295 1589
697 826
1278 1853
743 762
1589 1602
778 713
728 787
755 751
839 673
774 730
765 748
792 752
708 869
618 1021
960 648
719 863
781 798
731 855
801 801
814 803
818 815
828 791
838 784
887 749
859 775
750 902
723 945
1050 686
746 920
869 828
941 756
813 877
711 1041
837 857
764 948
959 807
900 852
780 962
812 918
833 899
926 842
947 838
916 864
766 1047
855 914
925 868
1013 854
876 969
897 968
747 1269
988 888
831 1078
886 1029
981 909
882 1053
950 958
940 1008
1092 882
929 1058
879 1156
1021 955
874 1173
1060 939
883 1201
999 1036
1027 1013
958 1098
974 1083
1095 952
891 1236
923 1206
1031 1080
1111 992
938 1205
954 1185
848 1401
1000 1149
1109 1022
933 1254
1010 1193
877 1454
1130 1061
977 1268
1063 1165
1113 1096
987 1285
1057 1190
1047 1214
1020 1262
1125 1111
1108 1152
1137 1118
1064 1229
1049 1276
1215 1071
1110 1189
1153 1139
1011 1358
1367 999
1313 1032
1347 1014
1143 1182
1080 1296
1105 1256
1051 1345
1100 1308
1235 1145
1163 1215
1270 1130
1129 1281
1307 1114
1127 1298
1230 1188
1216 1209
1034 1533
1196 1272
1398 1124
1310 1174
1157 1329
1178 1299
1502 1070
1131 1393
1267 1241
1288 1221
1365 1180
1079 1538
1429 1160
1559 1075
1243 1300
1167 1384
1315 1251
1158 1414
1506 1126
1335 1243
1142 1476
1409 1230
1192 1418
1160 1473
1222 1397
1333 1303
1465 1202
1328 1311
1220 1429
1282 1377
1256 1403
1440 1267
1255 1412
1189 1501
1345 1361
1280 1434
1437 1332
1372 1392
1262 1494
1277 1487
1274 1491
1337 1452
1281 1520
1587 1224
1199 1664
1179 1706
1309 1511
1514 1346
1403 1467
1540 1336
1402 1492
1386 1510
1469 1431
1271 1655
1443 1485
1305 1623
1258 1719
1449 1496
1476 1465
1399 1561
1435 1526
1294 1690
1584 1359
1356 1633
1374 1618
1426 1577
1321 1711
1297 1741
1395 1631
1331 1763
1364 1735
1405 1704
1478 1625
1454 1692
1210 1929
1316 1872
1417 1746
1595 1464
1489 1681
1421 1768
1611 1439
1354 1870
1632 1302
1438 1793
1616 1442
1599 1529
1451 1810
1394 1890
1565 1629
1487 1782
1515 1737
1471 1874
1526 1790
1560 1758
1463 1899
1619 1837
528510916 1029832138
1
sift 122
159 149
32 40
65 60
78 73
184 202
99 100
235 191
116 110
264 208
140 95
228 195
139 116
296 227
148 123
240 289
246 225
321 230
352 242
337 253
439 319
344 292
309 312
369 313
507 293
431 342
390 295
413 330
1087 261
478 360
482 464
483 371
437 671
590 565
652 427
485 778
648 519
627 550
476 850
545 675
707 506
646 662
691 530
736 513
607 630
909 805
608 643
704 639
564 719
1053 1050
781 505
787 544
734 574
1325 870
860 517
725 827
751 624
1147 1036
651 749
946 658
765 600
775 634
1018 909
718 730
828 632
1133 1317
717 756
801 687
1501 1079
961 583
1012 625
712 883
900 744
988 688
719 1005
1009 754
916 823
1175 718
869 1046
966 1006
950 1054
812 1284
1057 968
876 1251
1216 857
1010 1129
883 1401
1114 1069
1335 971
978 1393
970 1408
1230 1107
1129 1228
1288 1095
1061 1473
1398 1158
1044 1634
1243 1276
1437 1163
1256 1331
1271 1351
1079 1697
1131 1568
1267 1382
1403 1271
1331 1332
1441 1263
1440 1264
1221 1617
1210 1673
1510 1335
1364 1488
1304 1631
1189 1783
1399 1554
1471 1466
1317 1653
1386 1630
1371 1641
1426 1623
1435 1647
1438 1664
1603 1576
528510916 1186326363
1
sift 56
8 19
31 33
159 164
25 46
488 115
32 45
235 207
78 80
296 279
148 132
352 267
248 176
337 300
390 309
372 377
507 305
431 331
434 364
478 378
442 516
617 467
433 961
483 847
619 638
627 639
608 567
691 589
707 579
700 661
734 570
545 1069
564 840
1325 927
765 586
862 590
682 702
1035 1250
1075 487
735 804
719 1197
1147 1291
849 1014
1452 1544
916 909
966 1122
1360 853
876 1557
1048 1186
1335 946
933 1532
1012 1422
970 1602
1143 1370
1207 1336
1398 1214
1403 1573
528510916 1203176847
1
sift 90
178 170
255 207
60 39
170 261
84 70
191 233
82 76
252 253
141 136
293 499
291 111
313 392
201 155
233 211
360 507
249 224
341 272
748 903
290 352
375 310
401 299
316 414
304 449
530 296
423 385
386 495
425 576
455 715
481 718
528 691
595 580
633 658
651 681
580 750
588 770
575 835
718 788
724 805
719 813
731 843
760 852
678 1137
721 1069
876 895
874 902
829 1101
848 1081
863 1094
781 1265
985 1078
1229 848
819 1390
914 1318
847 1515
925 1303
1010 1208
902 1448
1079 1155
959 1348
945 1396
1045 1257
943 1435
1051 1258
987 1362
1030 1295
1131 1204
1190 1263
1129 1413
1090 1606
1220 1325
1199 1359
1036 1789
1141 1516
1300 1296
1103 1896
1255 1626
1150 1827
1393 1506
1277 1696
1275 1732
1348 1640
1386 1659
1383 1688
1399 1706
1477 1619
1407 1806
1479 1710
1435 1783
1438 1818
1405 1927
528510916 1228518096
1
sift 184
76 130
184 173
14 14
134 80
65 49
22 26
143 112
159 208
36 20
137 128
89 61
35 28
165 158
280 193
33 33
150 157
119 59
47 36
170 163
270 274
42 44
178 168
96 81
48 40
191 195
372 299
59 42
172 210
100 90
60 52
252 290
369 307
78 46
198 200
95 103
72 54
429 287
337 355
79 69
284 285
196 183
82 77
474 347
91 85
313 334
188 194
88 100
443 365
86 115
479 486
182 233
104 95
627 637
92 121
748 977
228 225
102 109
909 1193
109 107
611 1600
215 303
112 114
1053 1215
113 122
834 1696
352 328
127 154
1147 1634
161 137
1096 1209
395 316
154 167
220 148
888 1673
390 371
176 185
528 86
1022 1518
413 380
193 192
267 197
1102 1401
467 397
261 221
213 267
1237 1496
453 429
249 257
233 295
545 477
232 320
257 353
656 496
268 340
294 304
560 582
291 317
639 181
608 587
310 339
246 446
740 606
304 361
368 374
720 707
330 425
445 326
671 817
340 450
334 468
704 870
402 418
426 403
1075 703
361 555
405 529
968 796
454 457
327 809
849 973
1194 260
493 495
1002 1031
489 510
530 489
1018 1079
523 500
433 643
534 562
520 638
644 540
412 1065
471 863
481 951
641 701
624 741
623 759
645 771
621 833
630 849
684 819
657 882
588 972
594 1002
708 1033
552 1622
762 991
800 957
855 896
759 1074
760 1242
833 1081
999 955
766 1354
1588 710
781 1384
858 1284
920 1184
1196 895
929 1216
910 1300
974 1218
1000 1212
836 1471
1095 1204
880 1606
1359 1004
961 1441
1045 1358
887 1768
1041 1432
1098 1351
1090 1491
959 1919
1197 1459
1349 1357
1099 1794
1524 1316
1163 1747
1608 1224
1390 1502
1137 1925
1388 1660
1482 1883
528510916 1240301939
1
sift 53
184 188
31 32
228 205
78 51
296 194
148 115
297 222
285 142
242 276
309 216
270 283
245 306
298 328
300 292
337 321
486 318
369 403
352 342
377 434
442 450
388 436
413 417
372 499
632 524
478 500
434 421
516 533
607 569
483 1070
545 532
608 545
750 540
627 695
1012 472
689 684
765 585
1053 1090
720 705
788 782
842 655
1146 1014
849 744
968 824
1034 677
1147 1194
855 897
1018 1000
999 791
1008 841
1151 839
1032 1098
1359 909
1580 1113
528510916 1358582240
1
sift 125
3 3
184 165
22 24
143 125
65 48
24 31
135 155
325 302
51 50
178 169
89 87
52 51
191 179
338 367
59 52
166 220
99 95
67 55
252 263
372 340
72 74
284 209
95 97
79 89
429 234
388 336
119 80
313 236
100 137
112 136
369 363
88 168
620 725
196 175
84 212
601 588
137 140
834 806
182 200
109 259
627 717
150 178
748 934
188 203
193 207
1053 853
161 281
1096 1203
294 167
213 227
1147 904
187 257
228 219
198 251
215 248
395 313
219 270
232 300
352 387
169 597
233 381
390 374
310 307
291 361
434 373
445 341
330 547
413 417
442 442
467 437
545 443
328 721
454 460
656 473
479 479
493 555
608 532
939 347
639 499
671 572
469 738
520 639
689 731
523 670
405 1094
720 864
1612 385
707 644
968 770
645 829
630 924
849 1032
684 863
695 855
1075 1481
708 995
999 775
1018 1621
761 1029
835 991
1421 704
759 1266
1359 751
833 1186
888 1118
717 1688
722 1681
929 1216
1345 850
770 1639
1022 1145
974 1226
1095 1221
831 1800
1000 1392
1524 1021
1194 1280
1349 1300
1063 1751
1197 1609
1143 1747
1390 1489
1588 1471
1444 1721
1383 1848
528510916 1430327691
1
sift 95
159 145
64 38
1245 116
65 41
109 143
184 133
89 60
1445 2424
95 68
102 179
270 230
119 65
99 85
92 225
278 250
100 97
182 154
193 192
325 281
228 160
267 152
213 224
337 275
215 198
294 162
310 323
372 256
339 172
245 380
304 344
369 260
352 265
388 266
340 447
444 378
395 262
413 307
330 484
483 507
426 325
489 306
639 390
516 545
467 333
457 404
504 487
627 547
545 414
656 365
405 686
909 1131
485 541
560 495
520 674
1053 983
608 489
720 606
481 1111
1146 1220
1018 512
849 759
645 768
1147 1263
518 1147
691 1006
702 731
684 824
968 753
630 939
594 1168
788 1553
623 1185
708 1011
1078 1108
761 971
651 1357
797 1027
578 1857
835 1033
783 1465
718 1882
723 1924
929 1272
775 1779
974 1460
887 1685
1261 1169
920 1749
891 2285
959 2098
1063 1849
1588 1352
1137 1996
1419 1598
1594 2118
528510916 1689478995
1
sift 62
178 144
84 48
166 150
868 671
233 156
191 233
291 175
252 201
1195 1102
530 192
1181 1196
304 367
313 407
505 266
386 348
360 444
408 401
439 477
514 478
575 527
580 531
588 551
624 605
760 622
817 787
985 704
859 777
819 902
931 829
914 867
987 795
925 886
1045 860
902 1020
1255 815
947 1111
1090 989
1300 827
1277 924
1109 1171
1189 1096
1280 1048
1262 1063
1484 955
1338 1055
1307 1085
1096 1352
1399 1081
1362 1119
1374 1120
1422 1114
1597 1023
1382 1223
1368 1286
1427 1271
1515 1189
1419 1310
1485 1283
1502 1510
1441 1632
1424 1660
1587 1460
528510916 1788219329
1
sift 112
3 3
184 175
2 1
76 70
65 54
20 15
134 67
271 350
22 26
143 110
95 92
51 52
170 168
325 294
52 55
178 161
99 98
59 62
252 266
372 328
72 76
429 280
119 86
128 81
942 937
338 383
118 103
620 673
100 133
112 125
388 340
88 193
748 908
196 174
137 127
474 307
150 173
182 197
109 285
627 650
166 185
294 144
172 184
1053 1272
193 183
228 210
198 195
213 222
395 331
284 201
219 265
352 393
290 249
169 536
413 420
233 373
310 290
467 421
291 349
274 570
452 437
340 446
445 325
545 451
330 524
563 301
608 530
328 905
493 550
720 732
639 444
520 642
740 742
576 665
1496 405
968 748
481 1016
842 568
849 900
645 756
630 828
1018 1087
632 889
834 694
1133 1457
594 996
695 892
1391 1487
708 919
588 1146
999 764
866 861
761 1017
833 935
826 982
1359 751
717 1467
718 1552
808 1282
929 1094
888 1179
816 1477
1261 914
974 1199
1045 1154
1000 1240
1066 1205
1022 1429
1095 1297
1110 1527
1383 1347
1345 1593
528510916 1799436415
1
sift 108
74 57
12 11
85 65
31 25
108 73
53 39
95 72
89 75
155 117
149 114
159 130
229 156
184 172
188 157
228 202
285 141
242 224
267 185
296 187
356 220
270 228
309 186
264 240
411 205
298 271
300 241
342 235
304 282
337 268
352 280
325 319
320 324
374 287
201 805
369 307
339 343
372 327
385 317
377 332
489 296
388 335
322 378
413 338
426 345
444 383
566 275
467 415
477 358
478 409
442 449
480 471
433 492
601 356
476 481
516 435
632 434
474 615
485 501
545 461
600 452
483 759
560 503
608 491
409 896
627 596
487 727
691 614
612 517
909 1032
607 522
720 639
642 527
1053 995
585 600
810 553
1012 408
1146 975
537 765
1018 611
481 1167
1147 1091
618 775
849 764
750 647
1082 1308
842 643
787 844
707 838
979 629
1075 786
941 716
922 832
978 1140
855 917
892 965
1106 1256
1008 867
999 894
1415 777
1313 932
1359 1004
1168 1145
1275 1138
1552 1084
1493 1224
1572 1264
1580 1273
1385 1546
528510916 1861578657
1
sift 80
85 72
32 21
530 298
156 111
31 37
159 144
65 53
684 838
237 242
78 62
184 189
96 114
708 882
639 370
139 130
264 191
148 148
761 975
483 700
188 174
270 208
285 193
833 1017
617 543
296 210
298 233
240 287
1000 1358
590 778
300 239
321 280
309 283
905 650
337 263
325 331
352 273
710 1138
358 290
388 361
308 333
1589 1614
340 324
443 392
395 332
377 351
478 421
434 340
413 395
516 409
410 453
467 465
627 584
437 579
476 622
786 638
480 631
545 629
909 852
560 628
608 673
1053 1116
707 695
656 862
1147 1201
1012 533
691 822
1296 1478
618 1233
784 908
849 897
862 901
1018 828
981 944
1009 994
1105 936
941 1364
999 1329
1282 1217
1391 1291
1313 1382
528510916 2014127030
1
sift 624
77 73
8 14
1 1
143 134
43 59
2 2
165 129
70 93
12 12
178 180
98 112
10 15
191 231
117 127
14 13
252 257
144 147
16 19
293 414
156 153
18 21
429 437
153 161
24 22
942 1020
155 160
31 24
1124 1231
195 176
32 25
1181 1323
159 181
23 33
180 200
35 34
1195 1308
184 184
40 40
225 207
36 52
230 217
44 38
223 237
46 39
237 230
51 43
235 235
45 56
242 248
52 45
250 255
60 51
255 242
53 65
278 276
65 61
280 266
72 66
270 285
68 71
343 265
69 72
298 295
84 64
296 299
78 78
325 320
82 85
319 297
83 84
321 347
80 87
337 353
91 79
350 395
92 88
342 359
104 80
372 371
89 99
374 379
94 100
387 423
96 105
420 383
99 104
417 449
95 106
464 404
101 107
488 396
100 110
435 445
112 102
443 435
109 113
440 475
113 119
431 518
119 123
474 451
129 118
472 484
132 132
484 493
124 143
517 465
141 135
483 622
139 142
516 582
118 165
548 573
123 158
625 581
146 144
660 580
148 149
601 624
154 148
661 610
168 138
627 666
166 174
617 690
181 173
655 681
164 187
672 685
201 169
597 752
190 183
690 700
196 186
643 759
185 195
687 737
204 191
710 726
206 203
590 987
215 220
772 899
214 222
786 883
233 204
927 919
228 225
852 855
241 213
909 965
239 218
964 961
268 196
1241 776
229 243
905 1081
249 228
1082 997
263 227
1139 943
240 249
962 1211
245 246
1053 1121
273 224
997 1253
257 260
1149 1083
260 263
1120 1113
256 264
1118 1179
267 256
1146 1275
262 269
1147 1186
285 258
1295 1230
254 289
1306 1263
284 271
1225 1462
291 277
1431 1400
300 283
320 267
1522 1489
283 315
310 287
301 294
324 284
305 308
414 232
308 306
314 302
299 341
309 318
326 298
317 313
341 291
316 328
304 349
332 322
348 310
322 340
333 342
339 329
313 362
390 292
361 323
328 365
418 281
352 357
329 372
358 358
385 336
272 489
381 350
354 374
405 325
356 378
279 521
399 355
351 407
371 384
377 397
360 428
395 390
397 386
486 321
386 410
816 233
477 339
402 402
410 399
437 375
503 348
413 415
424 408
530 351
407 441
426 416
404 461
442 422
408 467
492 381
476 401
421 456
409 488
482 412
445 448
403 526
489 425
401 548
367 639
457 464
462 473
467 470
552 387
480 469
468 495
487 478
485 482
481 498
497 476
632 380
465 540
495 507
507 503
461 590
471 577
572 443
518 516
500 538
520 523
513 532
566 462
455 643
511 556
555 504
657 439
505 586
547 519
527 562
581 487
790 391
545 575
553 578
531 630
544 597
618 528
560 589
644 527
595 544
580 609
737 515
880 457
658 585
559 674
606 616
600 619
656 592
589 628
608 618
630 605
585 635
662 598
645 606
565 680
607 631
680 588
654 617
634 632
688 599
651 640
637 649
684 620
663 644
620 671
648 665
588 706
671 655
633 691
686 663
543 856
718 653
649 734
670 721
674 714
562 850
740 658
724 675
720 682
981 537
717 688
711 693
745 676
703 712
734 695
573 862
719 703
722 702
704 725
759 696
716 730
739 715
697 750
738 723
743 718
750 719
784 687
635 851
761 710
728 745
707 760
812 668
810 692
846 677
766 736
939 634
857 678
735 778
702 811
748 771
771 749
785 742
691 865
765 764
755 805
780 774
821 754
892 716
802 767
832 756
774 796
764 834
937 707
838 769
778 845
833 784
760 905
806 813
727 972
787 848
856 781
813 833
791 876
855 798
869 793
842 815
814 853
894 780
876 794
874 800
725 1033
854 828
804 904
891 803
828 881
849 858
1099 709
730 1072
818 909
793 938
861 864
801 960
900 846
878 889
922 826
938 819
929 831
863 924
883 920
1008 788
1012 789
819 988
1123 743
829 976
887 933
820 1002
893 932
847 986
948 866
800 1065
837 999
949 882
916 927
974 860
1077 787
952 888
985 867
957 895
1032 840
968 896
986 886
907 970
913 980
980 922
1020 903
943 969
752 1315
940 995
1010 941
827 1155
1000 956
910 1063
1027 939
1009 962
1049 931
864 1127
989 994
926 1056
1025 971
946 1036
972 1007
1075 942
1101 930
999 1019
925 1107
1079 964
987 1050
992 1042
888 1188
1081 981
1063 993
1111 954
959 1098
1117 950
960 1102
1080 996
924 1173
1051 1038
1087 1004
1018 1082
911 1222
1057 1048
979 1120
951 1158
1089 1022
1268 900
1145 978
1229 923
1110 1013
1002 1135
1158 984
1045 1097
941 1246
1103 1058
1415 872
988 1204
1022 1175
1142 1061
1013 1215
1100 1111
1122 1091
1131 1085
1517 875
1064 1171
1163 1084
1021 1266
1090 1176
1036 1258
1097 1169
1129 1128
1248 1035
1162 1103
1390 982
1128 1145
1170 1104
1197 1096
1047 1287
1239 1076
1201 1110
1019 1392
1221 1112
1215 1114
1184 1152
1098 1281
1069 1346
1157 1193
1106 1297
1230 1154
1440 1045
1206 1191
1031 1479
1207 1195
1096 1370
1161 1254
1252 1166
1300 1137
1078 1435
1109 1375
1246 1181
1233 1197
1359 1117
1510 1055
1493 1074
1283 1192
1348 1150
1186 1292
1216 1270
1277 1212
1273 1228
1223 1279
1371 1162
1189 1329
1282 1243
1214 1305
1135 1440
1299 1238
1153 1423
1307 1249
1335 1232
1255 1320
1345 1239
1240 1361
1175 1424
1280 1347
1422 1218
1327 1294
1552 1132
1337 1296
1462 1200
1385 1271
1203 1461
1315 1340
1476 1208
1159 1504
1290 1394
1275 1412
1386 1307
1448 1274
1427 1283
1389 1322
1245 1466
1393 1325
1434 1291
1416 1306
1381 1354
1222 1491
1378 1360
1347 1378
1518 1226
1372 1369
1399 1358
1294 1444
1398 1371
1374 1382
1414 1364
1395 1380
1343 1418
1454 1332
1391 1399
1461 1331
1426 1372
1449 1368
1439 1373
1477 1334
1457 1365
1463 1366
1364 1449
1479 1352
1485 1398
1498 1386
1429 1463
1520 1367
1472 1413
1494 1407
1408 1483
1438 1472
1492 1416
1478 1431
1568 1341
1514 1405
1515 1409
1537 1455
1565 1426
1534 1474
1533 1499
1616 1374
1586 1485
1595 1515
1597 1517
528510916 2045004962
1
sift 130
76 192
8 15
7 6
54 52
43 60
99 76
134 132
74 41
65 46
137 137
96 92
103 77
165 151
159 175
119 73
172 216
100 120
127 157
174 169
148 149
198 229
184 167
132 185
265 189
150 171
284 337
188 184
183 209
280 213
196 198
365 532
187 261
267 208
236 274
228 247
611 1417
296 224
219 253
270 268
213 260
834 1481
342 298
215 279
337 325
248 289
1527 1607
352 319
339 246
372 315
294 276
369 321
246 369
374 345
395 313
388 336
330 393
359 375
377 367
390 392
385 364
443 382
391 399
413 406
445 349
474 408
434 400
467 430
426 425
478 475
371 561
601 412
456 439
483 533
329 706
545 477
453 466
516 592
493 434
560 558
433 497
627 571
492 457
608 524
572 405
1082 714
442 543
849 879
487 595
909 1018
462 747
861 945
607 573
1053 963
409 1089
1075 859
846 488
1306 876
635 626
1295 1117
552 750
1147 1315
585 683
1184 1308
675 614
1146 1389
671 655
892 525
641 719
707 670
645 825
750 765
900 731
615 1303
855 902
968 832
762 1082
1106 1058
974 1388
1378 1006
1022 1412
959 1838
1108 1688
1109 1689
1617 1078
1307 1643
1197 1841
1368 1704
1524 1620
1391 1847
1611 1886
528510916 2130703568
1
sift 118
134 66
159 160
65 52
137 125
235 156
89 82
184 170
99 87
150 132
242 204
96 88
264 179
119 71
186 136
372 311
95 118
342 305
188 180
198 173
359 334
261 146
337 320
182 210
323 186
483 506
196 215
369 323
187 237
445 296
478 518
228 251
388 340
214 280
284 526
590 641
215 287
443 369
267 238
391 395
664 625
300 243
677 615
368 213
479 447
1082 640
240 350
646 669
322 285
1608 1970
909 889
639 177
1146 997
294 326
1295 1227
352 301
1053 1191
330 348
1614 1484
304 424
1147 1392
395 337
377 383
390 413
413 417
434 421
408 450
456 441
467 446
453 472
668 356
656 402
487 525
552 496
545 523
471 681
560 561
481 760
671 546
608 585
588 716
645 803
594 857
720 730
704 807
846 660
684 906
740 920
751 974
808 880
769 1155
797 1087
761 1226
775 1175
858 1042
755 1365
850 1189
860 1222
1106 982
1075 1026
1078 1083
788 1635
1018 1205
931 1367
1031 1303
1378 1001
961 1446
974 1479
959 1551
947 1682
1000 1565
1036 1735
1133 1550
1367 1899
1362 1928
1422 1900
1546 1757
1437 2019
1613 1835
528510916 2146998783
1
sift 139
4 7
49 33
1 1
54 71
255 240
34 25
134 139
35 34
143 133
40 36
170 163
59 46
165 173
67 51
178 164
60 64
172 201
79 90
191 187
92 77
252 269
101 86
942 1001
82 113
1623 1563
109 89
91 108
112 111
123 101
113 130
124 127
137 131
150 145
166 158
167 237
198 228
219 235
261 205
233 249
213 271
232 299
323 222
249 285
304 336
327 318
269 413
310 372
290 434
330 376
284 485
340 411
405 334
445 364
423 488
402 596
493 464
639 420
471 564
634 523
481 768
520 704
624 566
518 734
576 680
580 684
645 674
595 757
630 752
588 829
633 807
578 919
594 890
684 767
606 897
678 792
552 1132
649 916
910 685
708 910
712 917
879 728
615 1159
722 975
748 936
718 999
760 923
761 942
719 1063
717 1110
759 1035
611 1491
783 991
746 1085
833 933
834 967
836 969
755 1156
766 1104
747 1192
742 1217
774 1119
731 1320
929 1024
831 1167
860 1294
1397 810
888 1271
876 1357
869 1395
891 1351
974 1202
1000 1175
874 1452
961 1274
1099 1097
902 1465
887 1509
959 1349
985 1342
1090 1172
931 1457
1031 1296
1193 1081
1096 1233
1163 1184
1022 1459
986 1551
1063 1442
1049 1516
1010 1590
1197 1318
1143 1403
1111 1530
1108 1553
1307 1532
1237 1599
1342 1601
1594 1512
1613 1595
