561836557 751210311
1
sift 191
51 174
59 34
115 39
1472 902
96 69
131 70
278 250
109 67
170 65
121 72
144 77
304 255
161 95
193 82
336 199
171 115
556 451
175 134
286 122
349 212
273 128
707 737
219 157
243 182
407 209
247 183
989 935
276 177
249 246
387 228
244 272
310 218
581 173
423 293
395 197
356 299
449 281
457 308
513 231
527 334
409 343
619 389
446 321
586 318
405 377
655 437
542 335
596 360
520 352
727 417
435 461
608 371
507 442
628 520
609 394
634 422
612 480
667 543
702 405
641 453
679 467
803 508
1041 369
773 475
729 517
696 622
840 530
828 541
795 562
957 500
718 631
865 553
945 515
983 524
804 600
976 536
722 674
850 644
845 621
1101 512
791 678
1156 567
811 663
716 762
532 1227
924 685
886 610
709 894
927 617
1222 645
873 657
1023 713
875 662
1422 689
774 739
1091 940
843 707
1582 838
932 661
1491 777
1051 607
1520 927
818 766
1549 913
855 735
1362 1037
1124 599
1562 919
942 722
1532 976
935 753
1629 942
1029 718
1540 1005
990 742
1353 1085
1006 740
1786 1319
1100 717
1711 911
1134 708
1146 712
1249 1219
883 884
974 812
1612 1064
1108 756
1316 680
1306 1353
1305 703
1030 813
1499 1238
1190 752
1094 804
1598 1166
978 978
1123 854
1824 1012
1395 767
1307 785
1803 1056
1062 994
1328 801
1795 1209
1349 793
1135 948
1783 1325
1066 1030
1245 898
1169 991
1517 809
1430 841
1196 998
969 1372
1275 946
1214 996
1271 955
1089 1185
1398 907
1529 889
1251 1074
1427 975
1536 953
1175 1232
1467 990
1458 1018
1561 979
1385 1106
1216 1305
1609 1026
1518 1121
1384 1222
1691 1044
1703 1067
1769 1048
1567 1181
1556 1218
1579 1211
1490 1308
1745 1138
1438 1403
1424 1482
1623 1280
1621 1335
1761 1236
1754 1261
1768 1289
1628 1465
1720 1359
1708 1395
1791 1352
561836557 856798745
1
sift 229
1815 1825
161 65
80 53
799 520
240 78
131 76
273 82
144 84
767 543
180 115
146 104
344 110
186 92
903 538
310 133
138 132
356 138
204 117
1117 1014
395 130
286 103
586 243
205 136
1166 1079
596 241
246 146
570 285
235 178
1240 1055
608 304
243 182
702 291
245 224
1249 1180
634 363
244 240
1041 266
257 263
1464 1295
773 365
148 959
840 376
371 258
1440 1726
865 482
590 196
716 619
405 313
1015 500
369 373
1491 549
375 379
1380 641
343 436
1690 621
376 422
1066 1078
449 342
1549 795
542 306
1673 755
452 377
1352 896
477 387
969 1442
436 448
1607 856
435 458
1659 877
585 372
1711 876
561 398
1499 1035
519 412
1803 930
541 406
1795 963
500 444
1306 1265
507 474
1783 1127
523 463
393 813
557 509
609 469
551 627
479 772
612 566
669 572
511 909
777 565
1371 423
692 695
804 631
886 570
785 675
718 751
845 659
902 614
795 714
791 731
664 931
873 645
843 700
837 712
774 803
818 757
855 718
800 834
811 829
861 784
816 867
1029 648
898 756
851 819
932 726
945 721
931 738
927 781
875 887
732 1208
942 824
985 796
1146 690
1046 789
752 1304
935 925
990 889
770 1432
1006 957
1079 924
1282 826
929 1278
1059 1077
1100 1061
1071 1161
1208 970
1201 991
1245 994
1057 1316
1126 1186
915 1680
1085 1312
1185 1151
1329 1006
1570 894
1171 1216
1215 1142
1403 1004
1209 1174
1189 1223
1196 1270
1497 999
1200 1329
1307 1236
1253 1333
1369 1204
1086 1687
1251 1364
1433 1154
1395 1203
1142 1583
963 2238
1110 1689
1470 1202
1203 1550
1398 1343
1087 1987
1173 1739
1358 1395
1481 1280
1363 1451
1420 1434
1430 1455
1447 1436
1349 1541
1216 1820
1261 1743
1175 2015
1524 1429
1239 1852
1581 1425
1691 1325
1609 1402
1277 1861
1340 1728
1360 1688
1427 1640
1677 1394
1611 1468
1242 2041
1421 1703
1578 1537
1536 1614
1649 1510
1341 1893
1316 2106
1424 1885
1623 1623
1826 1392
1413 2008
1385 2057
1444 1986
1770 1545
1592 1802
1449 2042
1514 1936
1817 1526
1705 1731
1567 1950
1745 1744
1561 2066
1723 1792
1622 1976
1703 1844
1754 1783
1552 2145
1717 1926
1682 2157
1791 2003
1556 2464
1761 2105
1373 2605
1704 2323
1747 2408
1756 2459
1808 2385
1709 2587
1822 2449
561836557 868876902
1
sift 124
159 73
22 28
407 384
35 30
367 162
40 32
656 436
80 47
276 217
237 91
619 514
182 143
349 229
190 133
716 614
129 327
398 300
205 252
803 570
243 206
545 380
280 191
696 634
254 211
634 362
409 161
667 689
245 244
608 473
247 272
965 517
268 260
472 740
324 344
850 707
305 393
641 667
452 319
1156 569
375 379
924 664
679 263
976 651
425 422
1317 753
490 413
1091 1159
542 408
1249 891
590 374
1362 960
477 458
1422 952
600 466
1222 1119
559 515
1219 1190
849 508
1786 1370
685 613
1674 1016
797 619
919 561
1499 1156
845 635
811 657
1711 1066
721 806
875 679
1352 1761
1125 578
807 769
1803 1562
908 671
854 755
719 902
664 1002
1051 645
927 739
795 882
934 798
1049 757
768 1024
654 1593
800 1092
1556 644
1134 792
883 986
1305 733
877 1151
1189 842
1307 839
1436 823
1282 912
1200 980
1080 1122
978 1282
1061 1158
1136 1104
1150 1116
1275 1008
1430 948
1058 1332
1173 1195
1427 1018
1395 1148
1536 1123
1447 1165
1420 1200
1458 1171
1791 1034
1628 1152
1118 1790
1303 1474
1669 1168
1404 1464
1107 1846
1761 1177
1677 1250
1538 1596
1621 1534
1581 1653
1720 1726
1768 1771
561836557 1076394345
1
sift 454
506 658
10 6
8 7
1109 1595
7 9
15 13
788 996
33 42
20 14
52 49
21 15
59 64
28 22
58 56
44 20
96 97
35 31
107 113
36 32
108 110
40 37
103 126
45 47
142 102
70 52
141 142
66 61
156 151
72 63
159 148
74 69
161 154
78 67
163 160
82 74
183 162
81 76
147 218
106 78
171 194
80 94
215 206
86 93
240 196
93 90
219 250
92 92
256 209
100 104
262 241
126 88
269 239
94 122
261 253
104 118
274 242
128 99
251 289
137 111
273 306
138 117
223 373
122 135
276 312
112 152
308 287
133 133
312 307
140 128
310 331
158 123
344 314
150 127
297 392
146 145
319 361
169 134
364 318
177 129
317 382
144 173
336 370
160 158
351 355
153 168
397 320
201 140
363 410
181 172
407 360
190 175
337 473
197 178
374 425
186 226
387 430
228 191
423 402
202 236
395 443
211 217
404 434
189 286
340 563
222 245
367 514
243 230
402 448
275 202
398 469
271 222
415 456
279 219
417 463
249 247
439 455
246 257
531 419
257 258
430 518
270 274
446 502
293 261
440 510
259 340
462 516
260 341
480 505
392 207
483 506
289 319
370 728
327 264
472 530
314 311
457 590
286 372
533 517
280 411
527 526
408 300
465 588
376 335
471 589
346 375
487 591
378 337
513 570
350 381
545 575
371 362
492 669
377 359
564 600
373 380
509 668
335 429
570 619
365 397
586 637
332 486
642 608
393 400
628 663
403 396
601 710
414 399
608 705
412 414
641 694
375 522
619 742
405 499
634 752
424 459
709 673
421 479
677 724
482 421
713 684
419 497
656 795
572 383
696 761
450 485
757 718
449 501
716 738
479 465
667 834
558 432
630 957
481 496
729 770
517 450
702 813
524 458
712 809
485 529
689 940
453 596
823 741
542 515
727 906
551 521
803 865
519 542
764 942
550 534
779 916
452 646
840 876
590 504
826 893
571 535
724 1096
561 546
828 934
477 656
789 1001
523 599
802 989
543 609
769 1051
621 544
850 960
579 616
773 1126
557 704
860 954
585 640
820 1060
594 632
878 974
614 612
924 908
685 547
865 1007
615 662
952 886
631 674
901 1013
637 692
808 1222
664 666
896 1055
682 670
983 992
639 745
906 1112
785 605
928 1090
693 702
969 1065
690 716
957 1121
917 552
965 1124
732 697
976 1149
692 733
984 1183
721 717
987 1237
752 693
832 1688
725 723
1040 1230
660 871
1021 1245
726 775
936 1447
743 771
1023 1272
776 750
1219 1085
770 764
1056 1313
797 779
1098 1326
793 783
1091 1411
695 904
1212 1269
1013 610
1333 1180
836 756
1092 1568
806 787
1487 1135
841 762
1102 1603
775 826
1222 1384
824 792
1249 1375
855 786
1281 1397
774 883
1289 1386
1049 664
1164 1620
804 878
1165 1628
883 806
1291 1483
768 961
1323 1521
795 949
1317 1664
844 874
1352 1633
794 972
1309 1701
771 1020
1457 1599
809 948
1422 1665
848 894
1558 1699
843 914
1681 1680
777 1027
755 1106
915 852
691 1260
818 1034
894 896
858 970
811 1064
954 900
935 931
796 1185
807 1167
949 918
854 1068
909 964
1163 772
861 1074
851 1115
869 1086
944 975
942 1028
1128 850
870 1160
873 1159
1004 968
988 1000
1031 959
900 1134
1006 984
932 1109
977 1049
908 1169
1034 1011
1016 1024
922 1151
990 1092
863 1339
879 1304
1009 1116
974 1163
1113 1006
1094 1032
1205 930
1296 882
856 1501
1086 1089
1087 1101
923 1332
1002 1203
1055 1147
1159 1033
1057 1166
1182 1029
1029 1201
1148 1070
1111 1129
1089 1145
1090 1146
1043 1228
1059 1210
1123 1165
1033 1267
929 1493
1065 1250
1169 1155
966 1472
1345 998
985 1460
1008 1417
1138 1225
1076 1333
1053 1403
1181 1211
1174 1238
1093 1377
1061 1465
1439 1069
1235 1244
1298 1198
1079 1542
1248 1262
1303 1215
1251 1270
1257 1268
1126 1506
1268 1265
1228 1351
1214 1370
1338 1246
1150 1559
1207 1428
1312 1328
1116 1655
1239 1437
1218 1477
1175 1600
1206 1520
1384 1277
1108 1695
1171 1611
1208 1536
1252 1453
1210 1547
1241 1504
1144 1676
1265 1475
1282 1494
1516 1318
1835 1048
1396 1430
1617 1292
1437 1470
1358 1577
1339 1607
1404 1560
1387 1589
1436 1526
1413 1575
1701 1323
1639 1406
1509 1555
1382 1693
1514 1614
1750 1408
1583 1598
1420 1713
1560 1672
1367 1720
1771 1594
1831 1421
1670 1692
1834 1591
561836557 1203176847
1
sift 395
788 524
108 67
2 2
799 558
96 86
8 8
997 1252
127 107
12 10
1240 785
159 100
17 14
989 1320
156 94
21 18
1117 998
175 122
31 21
1211 1161
161 127
35 27
1351 1130
171 139
40 34
1603 1006
178 132
49 32
1440 1392
219 146
60 44
1789 1657
229 121
80 54
1464 1410
291 197
84 53
338 108
146 89
367 183
137 92
310 268
119 110
349 245
113 130
317 297
152 103
395 271
138 126
398 284
160 131
417 315
236 96
495 277
180 147
440 317
190 149
480 308
204 154
510 305
200 176
439 350
188 202
407 397
293 142
431 448
197 192
527 504
283 168
596 372
243 194
619 554
148 469
513 412
254 210
709 479
245 220
545 407
234 238
628 617
249 232
570 443
268 209
696 563
280 200
634 423
247 241
713 594
244 278
641 487
257 302
802 586
258 361
586 555
411 247
730 644
325 309
608 542
581 203
667 717
305 405
501 884
375 331
828 611
346 368
702 584
372 349
803 619
350 425
765 655
449 344
850 689
409 384
878 696
425 388
965 654
477 362
1486 498
376 523
716 1035
436 438
865 797
452 431
924 860
482 414
896 774
590 373
957 890
371 649
1102 720
414 568
1657 723
503 457
1023 766
463 511
1060 1079
542 435
1041 775
524 447
835 1756
565 446
1015 881
558 449
1219 1077
490 549
840 1211
421 669
1156 1175
559 515
1267 746
592 463
1462 953
523 557
1101 886
479 630
1091 1428
557 560
1317 930
601 534
983 1762
621 536
1222 1276
550 628
1441 1145
419 967
1690 1049
547 682
1422 1207
588 641
1644 1095
796 495
1290 1339
771 518
1352 1307
551 787
1306 1542
750 553
1558 1278
685 614
1362 1481
660 653
1473 1379
612 745
1532 1358
691 631
1562 1412
695 635
1540 1555
729 623
1499 1616
853 556
1602 1490
722 652
1457 1674
637 782
1801 1445
768 650
1659 1511
682 737
1629 1683
708 718
1711 1580
791 657
1783 1535
777 679
1707 1791
869 622
1795 1973
664 837
1803 1908
794 698
614 1036
849 656
797 714
945 603
837 700
721 819
811 779
718 927
917 693
744 900
895 728
758 883
875 747
780 864
726 1019
654 1224
845 835
757 1011
858 840
793 984
725 1122
1177 645
854 876
871 850
863 868
994 753
818 977
683 1257
776 1067
800 1034
851 932
927 822
898 855
843 985
883 914
897 917
1049 781
886 946
752 1240
1436 627
1585 613
844 1105
978 871
939 935
1094 784
774 1247
984 899
966 923
1003 877
1001 894
855 1134
1051 866
1166 789
931 1052
969 999
1125 858
1391 734
1146 857
985 1058
932 1139
929 1156
1238 818
836 1486
1108 981
1100 993
935 1220
1046 1086
1079 1041
1029 1107
990 1178
949 1267
1305 852
1209 945
1236 925
1043 1164
1193 988
842 1755
1059 1152
1168 1042
1016 1217
1129 1098
963 1332
944 1424
1584 812
1190 1051
1071 1199
1150 1190
974 1497
915 1722
1160 1197
1213 1132
1034 1440
1089 1323
1201 1233
1571 991
1069 1514
1307 1154
1200 1268
1065 1605
1087 1551
1086 1576
954 1956
1394 1162
1282 1258
1221 1335
1196 1405
1181 1457
1155 1525
1433 1187
1133 1618
1316 1277
1253 1352
1470 1173
1144 1630
1349 1264
1312 1301
1359 1261
1380 1251
1137 1686
1392 1269
1171 1652
1111 1822
1276 1448
1519 1225
1360 1348
1570 1204
1425 1294
1421 1297
1174 1741
1449 1349
1458 1346
1419 1421
1834 1038
1560 1303
1341 1574
1561 1333
1340 1607
1403 1523
1533 1409
1430 1545
1496 1472
1264 1839
1544 1446
1369 1672
1329 1737
1514 1487
1542 1464
1303 1816
1363 1811
1652 1452
1536 1623
1411 1828
1572 1632
1592 1606
1318 1952
1576 1644
1677 1506
1332 1941
1581 1656
1725 1466
1413 1864
1663 1567
1556 1739
1600 1688
1633 1677
1385 1966
1398 1957
1583 1769
1611 1757
1660 1697
1545 1886
1621 1847
1717 1750
1578 1927
1754 1753
1606 1928
1676 1881
1761 1788
1687 1893
1768 1827
1778 1824
1682 1934
1764 1869
1691 1968
1759 1912
561836557 1228518096
1
sift 119
232 168
108 76
55 45
437 313
159 98
80 51
1451 967
175 142
66 77
319 194
85 102
359 215
91 138
276 372
151 97
1551 107
180 171
367 274
190 187
310 347
200 250
348 299
234 226
374 307
245 261
345 349
280 259
417 329
254 294
495 371
305 247
398 483
372 304
402 480
424 403
533 434
558 361
545 429
490 421
724 407
403 557
634 476
542 478
619 541
498 535
527 704
544 539
713 531
590 487
709 625
1088 319
702 839
479 650
802 786
771 427
850 775
557 677
803 1001
523 792
965 834
551 1032
924 1160
1436 420
1102 1011
758 682
1457 940
722 781
1249 1116
664 917
1441 973
695 943
1101 1501
902 716
1317 1227
708 951
1156 1468
884 814
1352 1505
984 727
1520 1750
785 1073
1602 1798
794 1138
718 1317
908 972
752 1418
793 1415
1234 811
1065 1094
909 1353
836 1705
1049 1189
985 1350
966 1414
1196 1200
931 1854
1059 1453
1064 1445
1236 1221
1142 1372
1305 1242
1458 1110
974 1928
1556 1087
1009 1964
1086 1930
1349 1383
1213 1669
1425 1398
1397 1564
1200 1949
1430 1780
1360 1919
1615 1716
1536 1936
1720 1718
1525 1957
1725 1901
1722 1965
561836557 1305823326
1
sift 132
162 93
131 57
903 466
457 335
254 137
276 158
243 155
767 587
423 387
247 193
367 188
426 186
1166 832
727 338
349 215
586 320
452 268
1240 846
677 399
365 344
596 356
375 376
1117 1049
619 500
376 413
635 331
405 431
803 477
542 353
608 378
519 368
667 583
435 474
563 401
477 433
696 692
708 350
641 434
558 507
850 650
597 492
703 408
729 480
983 551
612 577
840 666
842 489
1156 531
869 464
709 882
791 519
1222 679
664 757
1657 470
695 744
1422 750
718 727
1249 785
811 648
1091 1045
875 591
1491 873
873 600
1362 1018
614 964
1674 884
927 569
1532 1022
682 779
1711 925
917 616
1786 1019
800 734
1499 1061
532 1630
851 714
1612 1236
721 870
1146 586
1784 1120
843 844
1029 749
1352 1639
1100 710
855 899
1534 1657
932 796
732 1203
768 1122
752 1260
942 914
1305 708
1094 792
1248 758
1107 888
978 1069
1349 774
974 1150
1034 1088
1245 860
1304 839
1196 954
1395 833
1135 1081
944 1557
969 1465
1173 1142
1430 958
1363 1068
1447 1041
1561 1013
1427 1078
1615 1010
1536 1072
1340 1329
1513 1182
1303 1483
1251 1668
1385 1490
1611 1314
1404 1568
1717 1262
1761 1267
1505 1524
1628 1405
1663 1384
1583 1637
1621 1625
1768 1455
1751 1491
1756 1500
1688 1671
561836557 1358582240
1
sift 97
1246 1124
319 203
42 58
359 238
55 39
1451 1065
300 406
80 61
372 244
179 172
1632 1544
348 340
234 180
367 338
200 231
374 363
245 245
417 336
254 382
495 374
375 334
492 387
412 348
388 511
424 354
509 612
339 558
709 494
479 420
596 608
436 463
713 522
542 458
655 588
590 468
712 717
498 700
808 748
664 528
803 898
611 591
969 813
544 785
865 941
639 653
924 1012
776 824
1102 858
752 881
906 1247
718 1022
1441 1032
818 891
1521 1060
695 1158
1015 1938
785 976
1267 1481
836 984
1309 1484
725 1249
1317 1733
963 851
1629 1526
898 931
793 1172
794 1227
853 1119
985 937
982 1051
1089 996
1049 1056
1079 1078
1064 1113
1144 1043
974 1270
1065 1244
1086 1306
909 1742
967 1694
1216 1370
1193 1529
1427 1303
1471 1319
1720 1205
1360 1477
1404 1520
1579 1381
1345 1638
1430 1580
1514 1549
1771 1443
1756 1499
1395 1932
1641 1717
1652 1725
1600 1848
561836557 1430327691
1
sift 75
1451 862
219 133
42 55
1248 1034
323 165
80 50
359 167
85 107
1581 2341
372 162
112 235
367 230
200 226
348 256
234 189
345 360
205 316
424 325
259 400
533 312
375 268
585 598
490 341
865 1150
558 344
1089 980
479 579
1441 759
542 529
1102 989
590 597
1317 1110
611 586
969 1268
609 604
1249 1308
669 617
1352 1346
544 914
1324 1734
758 677
1520 1620
664 965
1602 1763
708 1111
1629 2019
1049 731
785 1223
718 1493
818 1276
794 1475
1079 1167
1067 1191
836 1850
1392 964
879 1923
1341 1049
1179 1433
1064 1628
842 2460
974 2067
1133 1560
1213 1489
1245 1724
1702 1326
1307 1677
1181 2075
1460 1624
1720 1443
1404 1863
1201 2404
1360 2098
1544 1934
1652 2095
1722 1987
561836557 1689478995
1
sift 116
1815 1251
159 67
40 26
460 355
84 45
175 96
237 81
709 423
138 138
276 162
129 250
802 453
180 157
368 134
205 189
696 521
243 166
349 194
254 155
803 504
280 149
398 225
409 132
667 563
247 198
545 322
268 206
965 473
446 145
634 297
305 384
850 569
324 340
608 399
737 266
976 589
542 333
1229 284
558 367
924 729
559 417
641 479
520 431
1156 659
657 362
1317 601
590 481
1222 790
600 477
1757 590
869 440
1422 767
685 539
1091 1077
970 445
1362 865
842 509
1562 802
845 527
1532 912
551 859
1457 1021
797 583
1306 1390
908 551
1711 913
1125 501
1754 1168
927 566
1674 1039
795 667
1786 1260
750 714
1499 1163
1021 584
683 860
1352 1527
614 1113
1051 621
800 808
873 770
843 869
883 822
793 1024
1305 622
935 800
768 1154
1307 674
1210 759
1100 846
1237 810
1369 762
1523 764
1458 784
1470 788
1427 829
978 1344
969 1391
974 1431
1276 1020
1360 979
1316 1017
1556 928
1303 1092
1536 997
1107 1539
1004 1731
1592 989
1761 945
1467 1191
1704 1120
1669 1221
1545 1371
1764 1327
1676 1526
1767 1548
561836557 1788219329
1
sift 96
1246 1015
219 175
55 43
319 208
80 66
1451 1011
359 240
179 166
372 230
200 234
1632 1341
276 425
245 269
348 328
386 251
367 351
412 366
417 340
424 359
492 393
479 443
388 587
551 608
471 527
498 680
570 514
544 757
642 451
639 621
509 565
600 792
634 496
732 749
596 598
692 800
619 687
695 822
563 886
836 790
713 620
818 840
709 640
708 1016
667 689
843 821
712 650
725 985
808 677
837 895
850 723
793 962
586 1244
945 881
803 842
1064 794
860 852
853 1077
865 990
1089 884
906 966
1049 929
976 968
1079 936
1441 900
1002 1032
1102 1208
1058 973
1091 1423
1065 1003
1352 1230
974 1144
1785 1462
1055 1064
1675 1566
1086 1110
1579 851
1071 1365
1181 1197
1305 1109
1213 1306
1298 1227
1135 1523
1720 1036
1410 1233
1345 1361
1404 1373
1307 1520
1514 1458
1413 1550
1626 1450
1768 1308
1722 1408
1335 1647
1525 1612
1576 1633
1483 1648
561836557 2014127030
1
sift 58
315 231
1597 1187
84 63
437 332
66 85
105 91
254 205
294 242
406 279
478 316
482 328
558 349
481 515
565 483
796 410
771 426
708 498
869 468
737 586
734 596
902 559
960 643
970 639
879 702
884 728
908 706
909 735
683 1097
856 830
776 1037
1701 608
1255 873
1436 782
1430 824
1305 905
1282 1038
1418 1014
1447 1010
1360 1098
1621 1029
1536 1100
1570 1085
1560 1107
1485 1158
1434 1198
1542 1143
1576 1148
1358 1330
1628 1139
1592 1176
1703 1169
1835 1027
1768 1216
1677 1325
1761 1259
1556 1478
1704 1382
1731 1447
561836557 2019709110
1
sift 70
162 85
80 66
727 274
247 167
803 345
375 385
957 324
376 401
1040 712
436 369
1532 865
542 365
1558 943
523 388
1786 955
590 479
1711 995
551 747
718 737
1608 1200
805 668
795 681
664 925
1046 533
695 884
873 682
800 799
855 769
1029 645
908 768
794 1240
932 887
942 912
1570 573
861 1177
1085 817
1369 666
1059 850
1497 635
1200 849
1201 957
1307 922
1470 831
1261 1036
1395 1084
1542 981
1135 1600
1642 1027
1421 1237
1529 1143
1467 1273
1173 1800
1420 1342
1817 1072
1340 1599
1277 1782
1449 1517
1615 1369
1770 1247
1567 1536
1271 2012
1447 1716
1556 1598
1649 1516
1424 1914
1663 1648
1623 1753
1761 1752
1768 2034
1791 2090
561836557 2045004962
1
sift 62
1632 1551
1726 26
80 56
142 99
713 530
180 194
276 513
190 187
1180 1052
709 673
280 257
667 744
372 276
1306 1461
840 593
375 292
702 946
424 425
850 842
558 366
924 848
490 409
976 841
542 487
1176 772
479 546
1441 879
609 550
865 1426
611 572
1156 1786
1133 422
1102 1011
668 622
1674 1650
708 774
1317 1146
695 983
1754 1565
794 1103
1352 1416
718 1619
1049 1100
1089 1051
967 1290
943 1386
969 1508
1058 1463
1157 1360
991 1791
1084 1578
1076 1765
1307 1362
1213 1540
1179 1758
1201 1890
1720 1317
1404 1787
1360 1838
1652 1678
1621 1891
1736 1806
561836557 2124113243
1
sift 52
563 190
238 114
840 240
247 137
641 337
375 327
1491 343
376 345
1711 833
542 310
523 364
551 525
842 394
597 601
718 672
664 891
1029 513
843 638
1046 516
774 735
931 607
816 753
861 770
855 816
1282 539
942 775
908 836
990 979
1201 853
1059 1085
1677 771
1433 893
1251 1228
1304 1204
1142 1494
1261 1267
1470 1072
1642 1018
1578 1075
1467 1203
1395 1319
1430 1343
1058 2311
1253 1670
1214 1775
1770 1190
1421 1624
1817 1241
1340 1843
1536 1594
1649 1519
1688 2195
561836557 2146998783
1
sift 90
1451 834
159 116
35 29
1597 932
84 63
80 58
175 151
190 182
619 692
305 213
349 316
254 250
709 613
280 237
398 470
245 273
667 852
433 185
545 486
372 323
802 848
247 936
635 484
558 336
965 842
446 438
608 782
424 460
850 1022
490 416
865 1111
771 341
976 1045
503 503
924 1135
542 608
1156 1593
517 860
1317 1055
758 658
708 768
902 638
837 770
664 1069
811 889
939 762
1044 778
879 975
718 1380
884 996
794 1287
1125 788
1001 900
966 971
842 1222
909 1103
1209 803
927 1121
1049 981
816 1484
1134 920
1079 1010
985 1186
1059 1082
1274 929
1305 923
969 1436
1089 1275
1150 1254
1046 1468
1200 1176
1555 1026
1261 1283
1201 1391
1425 1155
1238 1390
1458 1229
1360 1349
1276 1465
1592 1172
1470 1337
1430 1444
1427 1457
1460 1463
1628 1456
1561 1529
1544 1592
1725 1455
1576 1609
1652 1607
