579717169 936120456
1
sift 664
30 32
4 6
2 2
39 46
19 18
7 10
52 65
21 40
12 21
137 134
36 48
13 23
167 182
60 68
18 24
171 195
65 88
28 30
177 198
63 100
32 50
387 425
68 118
42 41
501 409
103 102
41 51
672 522
104 111
44 52
882 548
110 101
50 60
1030 1142
114 115
53 59
1187 1312
119 123
54 63
1346 1250
124 147
67 72
1130 1531
132 162
72 84
1246 1444
152 164
80 89
1606 1343
156 169
83 92
162 177
96 97
205 180
99 94
196 193
92 103
192 202
105 125
209 190
126 109
220 215
127 121
223 226
112 141
233 233
155 110
228 239
106 161
266 214
115 157
241 237
131 145
249 246
128 150
252 261
148 143
275 243
133 155
263 265
161 137
265 269
143 152
274 273
139 167
286 296
149 160
283 282
160 159
291 305
153 163
303 290
189 168
356 285
176 175
308 329
164 189
310 331
182 178
323 326
185 184
324 343
217 170
315 358
210 173
395 299
187 208
381 322
204 201
365 354
257 181
342 385
206 247
346 382
214 238
360 371
242 221
369 378
232 244
379 377
251 251
371 387
256 252
412 351
279 242
353 413
245 274
394 383
237 288
344 435
244 287
420 380
285 262
393 408
276 270
320 558
272 275
416 431
234 334
429 421
301 260
425 439
282 278
443 503
290 306
467 484
292 310
358 774
368 263
497 469
297 317
505 489
313 292
452 567
306 315
599 505
307 314
486 648
294 355
511 596
340 303
539 575
318 324
593 562
401 281
582 590
337 323
555 625
312 345
566 634
334 325
628 566
351 320
573 657
327 362
682 565
378 327
708 559
367 337
600 664
362 346
618 668
336 372
646 651
364 360
694 621
330 389
636 684
349 379
615 724
339 393
688 679
350 396
565 881
321 432
1035 546
434 330
696 794
354 412
726 817
372 407
771 796
426 370
890 678
383 410
814 769
355 475
560 1134
413 404
852 802
444 390
787 861
410 420
700 951
404 444
894 808
432 418
640 1144
418 438
944 837
431 428
873 880
423 434
847 954
478 401
970 911
528 384
899 984
445 447
903 1049
476 449
1132 878
451 463
1015 1026
437 493
1131 928
465 464
1021 1035
484 465
1000 1092
500 460
1098 1001
492 480
867 1293
462 516
1023 1084
611 415
1129 1005
518 468
1152 993
535 472
1181 981
481 540
1175 987
454 569
1090 1068
532 487
1080 1090
587 457
931 1380
513 519
1398 952
502 538
1369 941
594 473
1201 1198
605 474
1345 1109
517 531
1217 1283
658 467
1618 1163
570 511
1402 1256
613 508
1663 1161
522 571
1879 1135
695 485
1314 1556
519 598
1720 1270
525 592
1390 1601
616 542
1732 1554
673 518
1551 1506
597 556
1693 1785
537 609
1924 1588
591 577
1866 1674
595 589
1871 1707
571 615
1773 1811
794 500
1927 1695
544 672
1909 1882
547 673
626 587
621 597
572 640
624 611
631 604
607 655
617 653
633 654
648 636
670 632
679 616
743 578
669 641
609 713
917 504
853 534
577 751
727 629
531 840
701 669
686 681
776 607
724 674
620 766
638 741
710 695
693 711
691 715
675 730
735 698
707 718
671 768
684 752
705 756
716 748
622 852
731 749
819 676
782 712
760 738
739 763
723 784
721 798
754 759
748 775
775 754
737 815
750 805
777 785
792 772
781 779
778 816
791 807
797 799
798 809
744 846
812 804
815 801
796 826
643 974
830 792
773 845
897 727
841 791
795 843
854 786
730 900
836 818
1022 690
957 740
804 891
863 842
888 828
770 948
839 867
660 1157
719 1056
826 885
1044 742
828 888
857 874
1158 710
875 855
805 933
745 1080
856 889
972 827
1043 797
769 1086
919 862
940 853
809 1020
861 942
1159 767
802 1085
923 890
920 901
975 882
908 924
1155 825
1149 832
1062 863
976 915
941 940
926 959
947 947
1008 918
900 1030
1018 921
937 1008
1051 908
998 958
953 1009
985 977
907 1075
1014 976
968 1033
978 1032
971 1036
1068 945
1082 935
1053 969
1047 994
1056 992
1040 1025
1180 917
1092 983
1078 1004
1075 1010
1006 1094
1100 997
1007 1102
1054 1059
865 1335
930 1210
950 1190
938 1215
913 1265
1205 962
1161 1018
1170 1013
1052 1133
1247 961
1076 1117
1303 934
1093 1111
1228 1003
1153 1070
1177 1054
1048 1174
1176 1064
1306 949
1085 1138
1079 1152
1249 1027
1121 1146
1196 1076
1112 1159
1190 1097
918 1410
1087 1201
1242 1071
1289 1044
1206 1110
1386 978
1318 1029
1362 1007
1267 1098
1223 1126
1235 1128
1154 1209
1637 906
1150 1224
1650 909
1115 1266
1279 1124
1215 1180
1216 1188
1219 1192
1258 1178
1012 1485
1287 1164
1165 1288
1157 1299
1284 1185
1254 1214
1224 1247
1549 1021
1245 1243
1241 1259
1151 1372
1179 1339
1417 1118
1200 1318
1313 1208
1291 1240
1302 1237
1264 1280
1370 1182
1334 1213
1330 1221
1210 1353
1356 1211
1340 1231
1322 1252
1582 1087
1171 1431
1213 1363
1268 1332
1377 1236
1520 1150
1281 1351
1072 1662
1414 1235
1443 1216
1193 1490
1504 1197
1316 1355
1384 1298
1236 1464
1426 1273
1462 1257
1263 1480
1578 1202
1449 1300
1608 1205
1403 1345
1413 1340
1434 1336
1560 1251
1558 1253
1511 1287
1457 1329
1096 1850
1309 1475
1337 1434
1491 1306
1383 1406
1401 1390
1440 1392
1438 1401
1328 1514
1870 1151
1466 1403
1226 1727
1360 1515
1570 1338
1456 1429
1513 1385
1572 1352
1232 1761
1537 1383
1447 1458
1713 1276
1512 1418
1424 1492
1705 1303
1437 1498
1538 1409
1483 1455
1406 1537
1701 1308
1596 1405
1673 1369
1546 1486
1584 1454
1793 1319
1752 1354
1418 1635
1505 1547
1353 1746
1442 1626
1324 1797
1778 1346
1617 1476
1509 1570
1517 1568
1455 1639
1576 1510
1743 1393
1729 1404
1747 1397
1600 1523
1581 1542
1611 1525
1419 1726
1702 1449
1514 1637
1510 1638
1619 1546
1555 1603
1557 1610
1490 1706
1610 1618
1508 1735
1859 1412
1587 1655
1471 1821
1684 1594
1737 1561
1700 1591
1777 1526
1452 1885
1714 1584
1775 1538
1770 1545
1764 1553
1607 1730
1594 1755
1860 1496
1459 1902
1709 1656
1696 1682
1559 1835
1916 1484
1802 1576
1795 1581
1790 1597
1771 1616
1825 1577
1530 1894
1884 1540
1588 1877
2003 1360
1725 1745
1846 1624
1730 1759
1742 1760
1768 1731
1993 1436
1951 1548
1850 1665
1710 1844
1893 1653
1739 1833
1659 1904
1782 1799
1881 1719
1806 1796
1799 1806
1827 1793
1826 1803
1820 1837
1840 1813
1950 1702
1929 1734
1961 1686
1969 1681
1937 1724
1864 1816
1940 1751
1984 1670
1938 1756
1861 1862
1921 1789
1994 1631
1920 1838
1930 1839
1958 1818
1988 1752
1999 1780
579717169 1029832138
1
sift 544
57 45
4 3
28 20
56 49
10 6
24 25
254 186
19 22
32 27
335 178
45 51
40 37
288 213
60 60
41 39
338 270
68 46
44 40
672 526
65 54
58 52
464 430
104 103
51 74
650 568
103 112
71 64
665 578
125 111
78 66
1261 803
110 128
72 73
1187 931
119 120
80 65
1678 1403
152 135
81 68
162 127
74 80
156 149
96 70
188 175
108 77
180 181
101 90
196 184
106 89
223 195
100 107
191 241
142 83
220 202
131 110
233 203
128 116
227 237
133 123
249 209
126 145
241 223
149 133
252 220
155 126
265 217
150 134
263 227
163 159
274 230
206 130
291 242
168 169
286 253
208 144
275 289
202 150
358 228
184 171
283 299
204 163
315 258
207 167
308 269
284 155
302 292
210 215
266 358
232 207
309 288
251 225
303 312
246 235
346 266
272 221
310 313
276 234
323 348
234 296
360 330
322 200
324 395
306 238
371 349
292 265
356 377
242 362
379 351
279 323
394 342
326 244
365 382
297 287
393 360
285 317
261 837
299 314
412 371
318 280
381 394
339 256
407 401
301 322
389 408
327 276
486 353
382 281
480 359
364 305
443 396
334 329
416 458
375 309
429 453
357 326
565 365
328 350
507 427
351 336
497 464
325 363
491 471
399 306
560 469
316 405
566 467
370 384
482 618
398 354
539 513
575 257
505 598
410 366
550 530
367 423
640 492
408 378
573 548
437 356
582 550
400 417
600 545
865 245
583 585
422 390
618 587
418 398
604 617
431 388
485 860
652 294
646 609
489 352
593 675
462 376
708 565
465 380
636 639
413 434
628 659
629 321
696 612
428 425
590 768
421 454
726 658
440 457
598 777
532 386
767 682
481 431
867 603
441 473
771 710
484 452
1021 535
514 433
694 784
478 476
958 581
522 426
688 826
553 418
931 689
500 475
899 725
519 445
699 1002
537 438
682 1041
490 500
720 1014
423 633
873 805
544 449
852 852
494 507
814 909
492 525
903 820
587 442
894 853
502 555
1131 774
496 576
1000 870
461 693
890 1110
588 497
1023 992
571 506
970 1062
591 519
1015 1079
535 573
993 1063
570 560
1080 1035
639 539
1090 1051
965 420
1201 959
674 523
929 1303
721 505
1129 1133
513 747
1297 1025
695 527
1181 1156
595 626
1390 1092
666 551
1497 1132
748 518
1323 1342
770 510
1175 1614
671 577
1209 1606
626 630
1345 1596
662 593
1551 1474
633 624
1643 1591
616 652
1837 1410
705 561
1960 1528
722 549
1871 1676
690 586
1848 1701
793 528
1732 1791
716 600
1866 1739
676 634
1953 1775
750 582
760 574
624 702
769 564
634 705
766 597
744 616
784 583
837 536
622 744
707 663
795 588
623 757
572 807
679 719
612 791
764 670
842 590
692 738
670 759
686 749
754 696
658 781
735 730
841 632
775 711
809 679
773 722
815 687
778 728
798 714
828 688
757 765
792 748
797 756
826 726
733 818
893 685
727 850
916 683
756 842
996 649
900 724
810 813
933 737
739 997
1070 681
896 771
926 761
861 810
907 773
1234 625
1144 666
806 907
783 953
789 944
781 972
819 903
938 780
968 775
803 979
1238 672
859 920
836 988
913 859
978 822
961 839
889 942
919 937
875 1024
967 923
1326 734
1085 831
949 969
888 1046
1054 915
1078 885
1082 891
1063 922
960 1031
1154 857
947 1059
935 1077
1042 966
1165 881
998 1054
1061 994
1051 1015
1041 1022
1179 901
1062 1005
868 1258
1028 1055
1151 947
864 1308
1147 973
1629 763
1237 912
1189 961
939 1213
1127 1020
1206 963
1184 998
1043 1128
1150 1044
1245 971
1292 936
1267 965
1227 999
1039 1180
1434 854
1190 1069
1215 1033
1419 895
1068 1215
1008 1284
1135 1143
1057 1226
1254 1047
1232 1074
1195 1100
1116 1189
1114 1195
1315 1019
1162 1138
1053 1251
1228 1086
1309 1032
1510 908
1395 977
1462 948
1196 1157
1219 1130
1002 1438
1176 1210
1289 1105
1115 1265
1213 1167
1211 1174
1330 1095
1287 1141
1279 1158
1442 1056
1639 952
1445 1066
1647 962
1087 1401
1264 1227
1256 1243
1447 1109
1263 1273
1281 1261
1160 1434
1597 1072
1393 1184
1441 1153
1310 1257
1515 1112
1458 1165
1188 1464
1322 1287
1295 1338
1076 1681
1301 1343
1412 1235
1380 1270
1324 1339
1340 1324
1386 1288
1465 1245
1305 1408
1384 1326
1479 1244
1449 1276
1670 1197
1417 1364
1466 1331
1356 1472
1433 1393
1611 1260
1335 1512
1853 1126
1557 1316
1504 1370
1558 1335
1334 1570
1358 1550
1581 1347
1613 1320
1691 1263
1403 1505
1587 1351
1607 1341
1366 1576
1422 1499
1789 1252
1508 1488
1461 1533
1633 1383
1590 1423
1570 1444
1585 1445
1456 1618
1377 1704
1813 1293
1793 1345
1406 1699
1622 1500
1450 1682
1596 1534
1513 1628
1673 1484
1887 1311
1735 1439
1541 1632
1576 1630
1438 1770
1684 1553
1470 1764
1904 1396
2013 1148
1737 1554
1743 1568
1589 1716
1806 1524
1770 1565
1731 1631
1818 1538
1768 1599
1908 1491
1938 1455
1767 1638
1739 1670
1761 1651
1724 1687
1627 1777
1778 1642
1869 1559
1777 1647
1714 1710
1825 1623
1799 1648
1730 1725
1802 1662
1775 1697
1827 1664
1873 1640
1905 1612
1916 1625
1681 1794
1754 1762
1766 1759
1840 1696
1790 1747
1821 1731
1772 1786
1982 1594
1979 1626
1941 1688
1931 1709
1918 1758
1900 1788
1988 1723
1993 1748
579717169 1150832366
1
sift 56
335 1538
64 119
0 0
1398 1460
156 229
44 51
371 295
133 152
426 309
285 262
618 521
332 277
1000 1065
328 395
1297 1074
476 380
1583 1195
465 453
1855 1029
865 360
1643 1428
777 436
591 568
766 610
571 776
716 681
744 676
750 683
710 768
679 904
857 717
795 837
627 1253
598 1383
798 935
861 855
790 1092
1179 753
923 1123
949 1141
963 1149
1075 1046
1214 951
1092 1177
1160 1289
1613 945
1032 1529
1115 1400
1300 1192
1445 1109
1162 1524
1289 1472
1279 1604
1780 1240
1794 1724
1916 1740
579717169 1186326363
1
sift 225
335 1702
36 28
33 21
60 90
44 45
64 82
78 50
79 94
72 80
104 144
111 103
152 147
131 117
119 154
133 132
156 164
149 138
188 190
163 224
196 210
192 226
220 250
321 198
265 212
306 249
233 242
317 247
241 278
339 245
252 287
292 322
263 279
283 362
291 267
359 285
261 326
382 286
286 300
337 384
329 268
328 412
308 296
465 305
302 376
322 460
303 400
377 428
365 333
486 330
342 364
544 351
394 331
421 496
393 378
484 474
371 414
407 625
443 467
451 516
416 568
497 468
356 850
514 543
560 448
502 624
412 847
605 491
546 589
749 455
491 764
513 674
582 639
571 579
646 607
777 476
618 663
784 479
539 805
769 488
640 684
728 515
696 661
570 646
867 558
616 642
771 719
716 586
628 807
766 564
593 1069
760 570
787 1014
595 718
694 1367
705 633
874 1000
754 634
847 1081
547 866
1000 927
744 673
1021 978
676 760
852 1286
626 824
1069 1038
633 808
894 1254
572 955
1201 947
775 699
903 1394
634 860
1080 1292
655 879
1297 1141
795 708
1217 1545
679 840
1643 1452
828 685
670 930
798 780
735 921
587 1225
1483 486
756 903
926 682
598 1359
861 790
707 1076
900 755
796 945
792 994
857 858
968 773
978 771
1085 721
741 1340
889 1037
831 1155
949 965
781 1290
668 1676
1061 899
923 1051
996 997
875 1150
1082 935
1179 876
871 1275
1303 848
1190 958
1292 881
1245 946
947 1251
914 1371
1471 846
864 1589
1160 1095
1041 1219
1062 1197
960 1378
1214 1056
1462 887
935 1438
939 1457
1442 925
1047 1297
1445 953
1051 1327
1115 1246
1330 1060
1288 1126
1310 1102
1008 1528
1333 1107
1253 1186
1263 1192
1668 963
1162 1319
1300 1180
1053 1557
1279 1214
1020 1682
1458 1131
1557 1104
1234 1422
1604 1100
1291 1387
1170 1599
1813 1041
1302 1447
1243 1531
1370 1370
1221 1606
1755 1108
1289 1521
1315 1472
1446 1338
1304 1603
1508 1403
1341 1604
1406 1522
1776 1213
1380 1577
1546 1454
1493 1538
1749 1336
1908 1221
1812 1298
1509 1611
1818 1318
1581 1559
1685 1465
1793 1542
1854 1497
1988 1366
1696 1690
1767 1649
1772 1661
1944 1565
1548 1733
1938 1645
1993 1657
579717169 1228518096
1
sift 78
137 125
188 194
50 35
112 128
220 173
148 121
174 130
228 273
185 100
153 157
291 328
164 221
171 210
287 354
257 154
463 195
310 307
187 271
352 511
360 380
237 326
350 486
582 637
307 320
887 1953
618 707
318 339
664 1405
1148 1967
330 495
1347 1401
1398 1204
426 366
1255 937
1996 1911
397 489
476 529
1010 1616
441 653
509 701
516 810
1167 535
710 849
562 1102
634 1119
686 1092
654 1176
794 964
781 1046
670 1298
577 1698
856 991
826 1178
967 1072
731 1768
1040 1074
976 1167
960 1196
797 1601
789 1812
859 1516
1022 1239
1075 1183
791 1919
981 1388
972 1538
889 1767
1017 1523
1004 1599
938 1747
1051 1542
1068 1569
1460 1224
1053 1853
1110 1856
1438 1761
1491 1836
1417 1925
579717169 1430327691
1
sift 117
39 36
60 41
7 8
54 45
188 135
53 49
137 113
252 191
75 71
112 117
291 265
83 105
174 119
287 276
106 158
153 151
429 312
166 123
171 150
593 414
182 144
177 185
618 606
185 171
194 161
814 512
164 237
245 219
645 598
195 181
352 474
1848 1877
248 255
237 309
1991 2151
243 287
625 1153
262 319
312 420
319 321
844 1464
318 323
330 446
334 342
1246 1115
299 441
280 650
364 369
1148 1940
350 571
455 542
437 452
331 686
698 1199
484 476
349 719
1058 897
410 586
528 471
664 1672
431 604
500 521
1255 889
442 854
477 747
930 2056
494 722
504 890
1055 2268
611 821
502 1147
1373 1839
695 740
713 732
1420 2146
516 1381
517 1378
1582 2372
710 939
607 1273
1858 2204
704 1173
616 1432
686 1357
809 1202
826 1193
967 1000
959 1009
775 1597
914 1474
770 2210
859 1828
940 1644
1028 1590
933 1905
1078 1578
972 1909
889 2388
998 2156
1068 1924
1354 1448
938 2337
947 2417
1110 2023
1538 1433
1288 1723
1079 2243
1057 2326
1051 2338
1362 1885
1352 1913
1499 1773
1417 1996
1377 2285
1802 1752
1687 2311
1736 2349
579717169 1474416471
1
sift 96
5 3
44 33
10 6
131 106
36 12
133 125
79 34
190 128
64 59
168 274
205 181
328 337
196 208
465 325
286 236
534 382
308 265
777 367
393 358
503 588
443 408
784 412
582 665
769 437
899 475
571 600
696 626
639 548
640 713
716 512
1000 799
770 491
1201 804
676 556
1297 938
766 504
894 1475
750 563
1080 1435
744 620
1074 1507
572 880
1643 1419
857 625
1996 1539
795 692
861 645
735 844
907 648
798 775
679 987
707 962
741 1018
705 1094
792 921
790 964
1085 714
923 867
806 1106
962 954
1234 797
949 1074
1075 996
1374 765
1667 697
947 1266
1330 912
1115 1139
1400 974
1300 1071
1613 885
1062 1346
1376 1076
953 1669
1401 1081
1259 1217
1445 1096
1162 1361
1289 1219
1366 1144
1087 1658
1221 1515
1279 1531
1547 1249
1478 1309
1780 1146
1370 1648
1751 1292
1417 1629
1407 1649
1546 1573
1831 1330
1776 1403
1938 1365
1684 1686
1963 1532
579717169 1523815439
1
sift 134
5 5
44 50
36 30
72 91
79 46
131 136
64 74
133 153
156 190
306 235
205 214
359 252
196 236
382 261
265 226
328 325
329 255
325 377
308 275
465 323
261 402
591 532
342 335
769 467
303 457
784 474
393 349
571 600
443 429
570 608
583 642
621 571
582 657
716 543
640 606
766 527
696 654
750 583
593 1614
744 607
1021 512
547 852
1000 793
572 924
970 1023
775 693
1297 825
795 669
874 1377
670 843
894 1395
828 671
1080 1385
857 656
1643 1334
797 716
1855 1320
679 897
1997 1553
735 822
798 805
707 965
587 1200
907 688
756 909
861 740
1056 627
792 933
692 1133
1085 678
949 802
705 1226
923 850
875 988
741 1389
889 1076
781 1317
831 1276
1179 899
947 1129
1075 1083
1245 938
963 1289
1330 949
1374 945
1611 849
1458 942
1300 1066
864 1717
1115 1210
1445 962
1041 1308
1160 1178
1613 894
941 1525
1401 1011
1008 1454
1376 1080
1572 966
1279 1156
960 1626
1062 1441
1162 1300
1639 1003
1007 1669
1057 1574
1289 1313
1366 1253
1053 1741
1315 1318
1221 1483
1094 1718
1047 1788
1243 1505
1087 1771
1819 1109
1938 1064
1370 1523
1304 1674
1508 1466
1380 1592
1422 1556
1908 1192
1509 1529
1780 1301
1504 1636
1854 1388
1592 1640
1751 1665
1916 1549
1624 1789
1756 1742
1840 1740
1993 1584
579717169 1716575903
1
sift 77
20 35
33 19
220 212
44 38
60 56
128 114
228 200
104 116
103 124
133 152
241 191
119 113
156 140
202 145
249 204
176 166
188 178
306 301
412 474
192 190
196 197
433 565
582 610
263 224
252 248
499 766
604 671
291 276
286 281
592 627
646 647
275 339
303 332
535 736
708 695
310 330
395 283
571 700
944 722
342 363
365 419
624 703
873 911
360 429
371 407
628 762
1090 1047
393 417
482 365
626 800
1080 1154
618 678
593 807
1234 585
1879 1640
694 826
787 1050
562 1944
1924 1825
814 1073
1583 1334
635 1778
705 1531
1693 1967
965 939
795 1269
1848 1870
923 1148
824 1540
1871 2025
1092 1054
978 1518
1858 1072
1433 1330
1301 1542
1313 1592
1356 1610
579717169 1785851268
1
sift 60
36 21
0 0
64 131
44 61
156 234
133 174
308 318
256 313
393 418
426 303
443 475
325 393
583 777
328 412
696 719
476 429
1000 920
570 628
1298 922
716 550
1583 1109
571 726
1643 1286
766 581
1867 1608
676 650
1996 1597
744 659
795 656
710 723
572 951
598 1125
1085 642
798 929
861 828
692 1247
1179 710
741 1268
923 919
949 924
1082 878
1075 956
1667 720
947 1239
1300 1020
1115 1205
1092 1277
1162 1236
1401 1055
1445 1051
1160 1324
1289 1301
1547 1168
1597 1157
1366 1352
1637 1206
1279 1548
1780 1151
1478 1405
1794 1588
579717169 1799436415
1
sift 102
56 44
60 40
109 50
167 165
103 72
96 76
254 246
156 130
90 100
335 289
188 157
106 116
387 277
220 172
126 127
338 318
196 209
182 254
672 594
223 202
276 185
1187 1272
263 187
210 294
650 657
228 229
251 288
241 224
232 359
665 692
252 221
246 385
249 239
259 398
265 271
355 282
286 268
357 297
291 280
334 370
323 279
340 368
310 307
351 413
360 338
437 342
429 336
398 466
482 335
410 454
393 409
431 420
425 435
462 402
505 415
399 668
593 461
553 424
412 759
865 354
694 491
500 558
582 596
484 604
618 639
529 602
646 624
496 740
814 611
494 795
600 845
571 838
787 764
623 814
689 1349
764 754
944 1006
893 853
1090 994
616 1519
1080 1092
926 909
1693 1596
916 941
1433 1140
884 1029
1848 1522
967 1082
1871 1518
945 1249
1238 1001
985 1395
1028 1327
1133 1214
1288 1177
1184 1314
1309 1167
1510 1365
1765 1387
2009 1143
1976 1285
1802 1581
579717169 1861578657
1
sift 90
60 53
41 37
412 700
72 62
119 126
128 130
886 569
156 144
188 174
176 166
708 778
218 159
196 202
206 220
1972 1420
220 189
228 207
269 252
249 192
263 210
328 245
252 221
265 233
306 290
274 280
275 287
325 316
286 263
291 273
490 321
395 240
342 340
432 468
365 351
360 395
592 362
371 400
393 421
629 377
425 409
482 361
499 634
429 459
505 465
535 595
467 518
582 584
624 528
593 629
646 603
628 628
571 695
694 673
769 580
727 622
689 780
719 662
633 854
944 667
716 777
1234 533
814 828
803 765
572 1360
787 897
634 1222
562 1594
873 852
997 781
705 1364
1090 1115
993 898
692 1550
1402 936
741 1570
781 1460
1080 1202
839 1408
1167 1060
971 1329
875 1567
978 1382
1165 1126
965 1440
1301 1050
1092 1284
1551 1224
1755 1159
1389 1670
1671 1584
579717169 1906096636
1
sift 84
335 1120
36 28
0 0
317 205
64 102
44 50
156 210
133 154
397 468
261 381
459 244
308 303
332 384
1398 1242
426 340
476 415
393 408
465 453
443 465
451 640
583 711
777 429
814 560
619 584
582 789
570 660
640 756
716 598
696 731
571 749
1000 910
766 591
1069 891
676 658
1297 1077
744 673
1643 1523
750 713
1996 1712
710 777
1855 1823
627 1066
795 815
679 994
735 930
798 833
707 978
705 1093
861 831
790 1130
949 979
923 1036
1082 927
1245 855
741 1790
1075 1042
947 1263
1376 958
1115 1204
1400 989
1300 1100
1053 1439
1062 1467
1462 1070
960 1726
1163 1423
1092 1568
1443 1183
1401 1239
1938 981
1780 1092
1279 1498
1221 1587
1548 1359
1267 1746
1637 1372
1360 1686
1749 1333
1854 1414
1794 1614
1993 1507
1761 1792
1840 1779
1916 1771
579717169 2014127030
1
sift 155
625 1265
19 14
44 25
241 248
60 61
103 106
72 78
228 286
104 105
114 104
128 142
265 295
119 110
156 181
143 139
274 347
133 149
220 184
204 183
393 505
202 264
223 225
251 247
394 518
233 239
275 249
276 256
425 582
252 283
263 299
256 289
412 622
272 308
286 353
325 302
582 666
303 318
291 357
292 374
873 965
379 379
365 397
478 355
360 415
505 470
492 366
451 422
491 513
382 563
404 609
467 578
502 516
727 401
604 509
454 628
599 482
506 655
532 598
593 575
694 618
819 504
626 631
618 682
724 616
686 640
647 670
735 653
688 648
539 777
577 805
636 725
601 848
760 695
617 811
787 858
609 845
797 688
1132 749
633 799
622 846
814 1082
675 796
796 750
1090 1122
783 792
854 746
1080 1185
997 723
776 927
1068 701
1062 703
888 793
841 881
789 969
815 960
791 1098
1155 806
840 1107
937 995
1234 789
800 1266
857 1165
949 1049
1176 894
975 1071
1107 974
1377 803
1170 939
861 1281
1139 994
1258 937
1115 1044
1127 1144
1623 901
1242 1114
1016 1385
1265 1128
1403 1038
1713 931
1154 1270
1086 1423
1244 1233
1291 1203
1752 973
1356 1145
1775 964
1558 1055
1464 1104
1112 1464
1254 1287
1637 1094
1457 1193
1743 1085
1502 1198
1701 1111
1734 1110
1316 1442
1440 1369
1389 1435
1576 1307
1418 1453
1508 1449
1610 1382
1419 1503
1737 1358
1599 1493
1825 1372
1864 1351
1778 1405
1860 1368
1902 1352
1891 1399
1747 1491
1827 1472
1994 1380
579717169 2045004962
1
sift 189
34 26
1732 1669
0 1
30 27
9 16
39 37
50 45
112 137
54 54
137 131
53 58
181 142
74 64
174 192
70 68
171 216
81 79
177 229
75 103
167 259
80 91
194 270
83 93
254 290
96 107
387 418
92 114
352 480
107 104
501 461
105 128
455 547
126 130
468 604
148 139
844 1318
143 147
1148 1418
150 158
1187 1461
141 179
1130 1639
153 171
1246 1471
164 163
1480 1851
182 156
199 160
185 201
210 174
222 188
212 277
242 226
214 287
246 238
230 264
232 305
237 297
248 324
341 251
328 304
307 362
299 401
318 395
312 399
340 374
334 417
330 434
333 449
411 368
364 447
399 410
349 507
367 499
383 485
426 431
391 518
396 549
422 506
397 556
410 572
476 502
431 550
437 557
377 821
528 517
484 578
475 600
462 623
441 746
518 607
500 644
492 735
508 707
509 719
504 753
611 628
534 724
616 726
623 785
695 775
543 967
531 1000
733 754
1092 568
698 853
635 926
664 903
659 908
631 954
572 1053
516 1310
710 886
621 1069
755 977
670 1130
577 1362
745 1123
877 904
660 1347
809 1042
884 927
794 1081
788 1102
865 972
826 1037
824 1071
729 1302
781 1213
856 1082
784 1340
731 1531
831 1231
1278 831
775 1423
930 1131
967 1090
985 1151
1062 1054
1306 898
839 1522
938 1294
1022 1196
859 1498
791 1838
928 1379
1075 1239
1004 1372
1315 1057
1267 1153
972 1549
1143 1293
1078 1383
998 1670
1057 1532
1104 1494
959 1813
1060 1600
947 1852
1352 1282
1632 1109
1053 1725
1079 1688
1243 1437
1133 1637
1252 1435
1552 1192
1287 1447
1184 1610
1237 1624
1213 1664
1319 1646
1363 1657
1370 1755
1492 1642
1483 1721
1537 1675
1417 1807
1779 1456
1702 1546
1510 1754
1420 1840
1538 1758
1737 1578
1828 1576
1825 1603
1636 1801
1802 1699
1851 1829
579717169 2095558067
1
sift 59
60 63
33 25
317 323
324 292
41 43
104 113
44 41
873 854
133 140
156 139
168 155
176 163
196 180
306 250
192 192
228 175
328 452
220 203
241 190
433 606
265 179
250 194
499 714
233 274
286 252
571 596
274 281
291 254
535 910
303 306
308 320
592 806
342 384
371 354
628 791
393 360
360 419
716 724
365 514
482 482
626 871
582 581
646 578
1234 541
618 661
593 945
551 1488
688 903
694 949
705 1473
787 983
944 895
795 1190
814 1123
1080 1242
978 1504
1583 1014
1217 1364
1179 1656
579717169 2130703568
1
sift 164
30 30
60 52
8 7
39 39
228 226
25 12
137 107
114 87
53 47
54 53
335 154
62 48
177 173
103 118
74 49
112 125
288 268
70 80
171 188
156 160
80 81
153 132
425 516
92 101
167 205
188 180
148 85
194 191
588 695
126 112
254 263
192 211
150 119
237 296
646 684
143 196
338 423
196 237
210 137
245 374
642 791
214 149
468 550
249 178
185 187
312 395
665 792
187 235
650 867
252 243
246 157
330 388
764 1282
242 255
955 1100
291 301
276 238
350 447
1088 1319
426 177
1678 926
286 320
248 335
351 455
275 350
1130 1623
310 323
307 385
985 766
334 433
360 417
333 458
1420 1499
349 490
506 546
794 309
1460 1970
495 540
593 523
484 574
500 564
694 585
431 712
616 510
618 730
1022 379
462 691
636 807
441 827
528 590
688 772
492 750
504 735
600 1636
865 535
502 950
814 1205
611 899
612 960
1090 1192
516 1281
544 1155
541 1174
562 1145
710 908
572 1322
577 1365
676 1175
686 1288
756 1185
749 1222
884 934
782 1163
781 1184
806 1147
745 1303
836 1179
775 1429
940 1088
897 1178
784 1446
739 1605
754 1578
824 1358
797 1502
791 1551
914 1257
805 1505
792 1593
885 1341
859 1509
1315 1010
1039 1306
967 1488
1062 1351
875 1815
972 1591
1068 1435
888 1895
1057 1503
1632 1035
1075 1504
900 1950
957 1827
1008 1727
975 1924
1017 1864
1053 1825
1060 1835
1299 1476
1112 1888
1169 1771
1287 1575
1211 1710
1286 1668
1267 1798
1528 1477
1290 1922
1828 1349
1516 1603
1268 2019
1396 1964
1688 1991
2009 1620
579717169 2146998783
1
sift 75
177 228
60 72
214 184
114 93
103 126
187 243
156 206
188 204
280 205
220 174
192 256
237 364
228 234
252 254
251 357
222 509
291 349
349 455
287 374
310 331
492 575
360 435
425 616
502 734
550 492
593 502
516 710
636 491
582 615
572 718
694 578
814 631
562 886
634 831
688 952
544 1015
702 801
782 758
670 919
561 1133
724 897
577 1156
693 1002
735 999
729 1026
675 1119
775 1031
698 1194
754 1208
797 1110
745 1296
749 1294
784 1274
731 1509
791 1349
889 1105
1017 1085
875 1320
1062 1063
888 1395
1177 1140
1252 1070
1255 1088
972 1439
1053 1357
1056 1530
1079 1553
1060 1595
1235 1438
1377 1351
1220 1590
1309 1505
1584 1376
1608 1541
1713 1516
