580816557 742308222
1
sift 378
12 11
23 24
1 1
59 75
49 46
26 29
721 556
41 44
64 53
79 70
57 62
737 833
84 57
63 67
91 63
69 78
937 871
111 93
66 92
115 94
73 89
898 1194
140 133
93 87
233 224
92 108
1544 1417
193 269
101 95
286 273
108 104
1708 1371
298 335
117 107
377 291
128 105
416 316
125 112
373 363
106 142
412 362
124 122
595 382
130 120
459 350
137 116
561 468
88 233
642 412
139 132
715 413
143 138
529 484
146 134
600 492
142 141
543 508
149 162
727 588
161 149
1291 326
155 169
851 525
157 171
513 619
167 159
711 641
171 156
521 620
235 131
1199 460
188 160
638 543
223 151
967 563
210 157
733 584
208 164
992 568
220 166
663 646
238 168
801 732
199 205
590 712
218 188
672 1004
240 179
648 1096
219 203
658 1443
236 186
1118 817
234 249
1349 741
293 192
1093 941
251 237
1113 1039
183 331
1606 684
266 246
1812 1112
274 256
1052 1019
306 243
1829 1307
301 245
1137 1036
282 254
226 378
1678 889
342 255
295 288
1105 1428
358 266
338 292
1566 1259
371 271
366 323
1807 1570
360 337
399 325
397 339
378 356
375 358
391 357
411 352
448 355
477 342
495 344
421 384
367 462
395 425
443 391
481 402
645 334
525 373
535 381
564 377
1144 307
560 466
539 487
608 440
849 372
581 490
444 720
554 538
683 454
551 562
686 457
661 486
662 481
651 495
607 531
655 513
635 528
869 423
567 612
677 520
679 539
678 555
643 602
693 589
757 519
709 582
681 623
768 550
780 547
1902 365
794 593
751 634
698 687
853 598
835 631
1006 586
974 596
765 689
840 665
797 682
762 722
796 694
978 630
816 692
804 703
918 657
772 756
1015 643
690 965
1003 654
854 728
885 709
844 746
771 809
903 713
820 787
864 755
1014 674
867 775
1058 668
823 840
1310 600
802 858
931 747
910 764
888 789
916 770
964 743
826 883
963 745
1029 711
879 830
1063 696
1043 710
950 784
936 826
1005 772
1298 652
939 838
1102 739
1284 659
909 903
1053 804
1091 802
1025 861
1007 884
1041 846
959 928
1110 821
1115 856
1068 901
1148 860
1077 915
1119 892
1104 905
1140 878
1128 890
1131 894
1088 919
1178 867
1089 938
986 1047
1107 956
1065 992
999 1062
1145 955
1211 898
1321 819
1290 881
1417 822
1277 914
1150 1041
1183 1000
987 1196
1085 1091
1191 1002
1244 975
1256 982
1196 1042
1296 959
1194 1056
1160 1099
1168 1089
1216 1050
1240 1020
1246 1016
1192 1080
1383 957
1286 1027
1204 1116
1283 1044
1446 963
1235 1104
1823 786
1031 1404
1498 970
1370 1026
1271 1102
1512 969
1420 1028
1276 1138
1326 1109
1598 984
1229 1264
1380 1105
1324 1145
1245 1253
1302 1162
1381 1122
1278 1208
1242 1257
1547 1048
1363 1155
1612 1043
1299 1261
1826 933
1609 1049
1300 1279
1389 1174
1405 1169
1533 1107
1641 1059
1362 1249
1231 1438
1353 1265
1613 1078
1410 1226
1437 1193
1243 1427
1520 1147
1266 1410
1488 1191
1452 1231
1426 1254
1651 1092
1623 1119
1427 1271
1465 1251
1887 961
1632 1130
1421 1305
1528 1209
1470 1281
1525 1246
1559 1211
1225 1556
1483 1332
1590 1219
1462 1368
1654 1166
1704 1141
1608 1228
1281 1538
1588 1276
1640 1243
1517 1392
1531 1402
1673 1302
1814 1161
1637 1358
1574 1401
1684 1337
1694 1327
1624 1387
1676 1361
1551 1458
1549 1474
1779 1287
1653 1416
1656 1432
1691 1413
1516 1550
1562 1527
1630 1494
1497 1578
1727 1420
1666 1478
1712 1436
1871 1274
1658 1499
1553 1566
1749 1450
1660 1516
1643 1528
1828 1411
1464 1636
1836 1451
1700 1547
1697 1582
1730 1561
1710 1569
1780 1548
1729 1588
1841 1524
1706 1620
1866 1544
1816 1612
1879 1595
580816557 789706637
1
sift 193
121 81
21 10
32 29
215 142
63 60
325 203
140 145
73 55
298 228
69 68
272 319
286 244
86 67
329 251
96 100
343 255
300 701
101 102
373 427
108 111
558 619
374 763
123 97
459 594
124 114
913 719
521 582
119 132
432 1000
130 139
750 472
125 172
658 788
143 150
574 672
146 149
1113 807
155 140
663 858
142 163
157 148
149 161
161 183
196 179
194 189
202 188
188 230
219 217
261 197
247 239
240 277
251 246
236 317
266 256
321 216
274 279
281 272
295 257
282 283
277 289
312 265
305 323
358 268
338 303
278 387
357 287
318 345
378 282
276 488
347 415
354 395
398 325
390 330
493 261
1011 201
408 389
520 314
371 585
423 460
421 490
393 577
483 436
420 529
379 661
443 504
560 366
438 522
466 501
405 673
463 560
448 612
764 324
425 674
470 567
567 438
653 379
478 599
485 616
519 549
556 519
495 695
532 601
589 578
621 564
530 738
697 530
564 712
593 679
635 631
614 658
601 682
656 626
634 683
535 927
645 723
581 821
588 820
762 570
775 566
668 784
768 656
679 818
740 720
651 910
680 883
676 956
678 960
608 1138
809 704
700 893
930 664
709 953
726 855
681 1049
677 1066
881 706
661 1132
842 751
970 678
871 739
870 747
696 1123
746 942
829 812
743 981
716 1059
699 1148
780 916
826 879
773 957
802 925
799 970
823 946
892 837
765 1051
866 901
787 1038
926 847
1097 757
804 1103
952 868
827 1097
845 1153
1001 907
1156 791
890 1104
1017 938
897 1111
1116 845
918 1102
999 1031
1269 756
944 1130
989 1088
990 1095
916 1183
1083 995
1107 1015
1157 975
1005 1159
1234 894
1043 1168
1503 825
1182 1210
1298 1094
1189 1212
1449 1007
1278 1158
1465 1040
1383 1161
1889 1010
1519 1231
1781 1223
580816557 856798745
1
sift 69
139 95
382 520
581 365
277 221
253 396
494 538
677 481
261 388
354 283
539 543
885 755
393 298
588 334
698 1079
1211 795
634 492
549 563
1183 1826
1131 857
566 663
591 808
1244 1021
1136 561
511 1304
1303 1037
1153 687
1072 735
1088 1412
951 840
974 838
1640 1028
758 1121
862 1023
1589 1246
822 1077
1444 707
1253 858
870 1214
1027 1045
1343 875
1037 1131
1135 1056
1098 1092
894 1390
1314 1116
1515 1094
1767 993
1690 1029
1455 1182
1412 1262
1610 1185
1254 1550
1403 1489
1122 1936
1873 1117
1652 1319
1238 1703
1103 2086
1611 1391
1571 1435
1384 1635
1696 1533
1654 1728
1770 1710
1449 2122
1798 1781
1650 1987
1332 2464
1498 2292
580816557 962831950
1
sift 318
140 176
32 29
750 957
56 72
543 694
69 70
67 80
574 722
73 74
86 67
663 909
94 86
116 99
733 995
104 103
96 116
129 85
101 115
108 124
119 121
123 119
117 159
124 139
137 125
125 148
130 172
293 84
146 183
155 165
157 184
184 158
195 150
161 215
208 188
194 200
196 242
197 245
188 281
234 231
219 264
327 182
240 262
261 217
253 234
260 226
400 173
251 293
236 344
238 372
321 270
235 415
294 289
305 285
281 299
282 306
277 341
338 286
301 311
312 318
295 335
358 284
306 334
318 351
339 339
357 312
328 379
354 360
430 297
378 355
359 395
493 301
413 373
347 522
411 377
276 827
390 412
398 416
423 399
391 457
404 444
408 453
415 469
1814 228
421 499
483 435
463 491
371 706
583 386
863 314
520 447
438 572
560 413
487 513
443 597
425 629
477 557
478 583
420 727
535 514
460 636
532 551
448 755
495 627
481 652
379 1051
556 556
836 392
554 577
764 417
631 520
551 599
645 528
568 589
519 661
653 524
635 537
667 530
564 621
571 620
718 507
588 613
614 607
621 615
609 643
589 674
634 635
652 630
647 638
702 649
593 829
601 812
680 714
608 846
775 609
581 931
676 782
611 879
690 772
723 701
870 600
756 680
762 679
809 647
651 894
700 833
709 822
869 646
679 900
661 939
678 929
716 865
930 654
768 790
842 741
739 852
787 792
1538 502
722 889
811 778
771 824
829 775
794 810
740 882
926 719
958 713
881 788
668 1169
681 1139
897 803
799 892
844 884
696 1202
772 945
699 1204
687 1271
802 950
845 925
765 1021
915 871
928 866
803 985
1028 789
813 983
933 869
1038 815
757 1150
945 913
747 1227
918 940
823 1066
1030 875
1070 856
804 1140
946 947
871 1036
1017 902
932 973
1189 793
743 1325
896 1024
798 1195
864 1074
862 1117
1323 740
1005 954
1156 868
989 986
909 1081
832 1249
1116 915
889 1149
866 1211
892 1178
880 1236
1298 826
867 1270
1098 970
1048 1016
1043 1020
972 1132
1107 1000
854 1366
1157 963
916 1247
906 1272
999 1126
1014 1112
858 1372
1179 961
1001 1170
964 1231
950 1263
1110 1056
1109 1062
1308 899
912 1351
1095 1080
944 1313
1091 1119
990 1280
939 1365
1007 1278
1008 1276
952 1353
1072 1186
1025 1285
1042 1254
1096 1207
1133 1176
1151 1168
1225 1073
1122 1258
1125 1252
1183 1161
1153 1224
1145 1245
1210 1146
1088 1343
1234 1137
1351 1018
1176 1244
1041 1432
1331 1060
959 1500
1345 1063
1068 1442
1104 1419
1077 1452
1277 1165
1141 1400
1455 1085
1401 1141
1348 1217
1164 1470
1168 1465
1332 1260
1383 1213
1204 1446
1444 1192
1550 1108
1382 1266
1534 1143
1450 1239
1262 1411
1521 1183
1610 1122
1231 1463
1420 1305
1433 1308
1543 1235
1296 1453
1263 1476
1461 1348
1413 1389
1283 1497
1518 1385
1436 1456
1554 1378
1519 1408
1486 1443
1685 1309
1417 1479
1846 1172
1612 1403
1743 1321
1720 1370
1862 1273
1740 1393
1730 1410
1835 1341
1749 1417
1735 1450
1756 1433
1696 1478
1820 1412
1848 1440
1823 1466
1772 1490
580816557 1064082008
1
sift 139
584 856
140 150
63 70
96 128
69 75
1391 1057
543 901
104 61
663 924
101 116
108 129
773 967
123 111
117 132
124 127
130 155
143 172
146 169
149 167
157 156
155 162
161 207
196 198
208 196
219 236
261 210
251 272
236 331
266 262
278 267
277 318
312 279
296 309
339 266
357 292
338 326
359 335
276 541
328 439
347 409
378 334
366 384
390 344
354 443
520 297
408 424
371 626
393 562
568 372
443 496
404 602
420 611
466 517
448 624
653 400
495 535
532 494
556 488
519 543
589 514
572 605
571 644
614 589
635 584
621 640
601 697
634 672
656 662
581 825
652 746
1028 472
525 1105
775 588
735 689
609 909
728 710
768 665
651 851
740 745
809 693
871 656
680 935
588 1183
700 944
681 1006
678 1012
881 721
930 723
826 831
829 845
802 889
823 885
915 798
870 888
746 1129
892 908
765 1115
1084 775
866 976
1156 743
827 1037
990 847
804 1071
853 1016
897 970
855 1038
1017 870
999 892
1001 942
1029 918
1096 879
889 1090
1116 872
1157 931
1269 818
1107 987
1178 980
1234 923
1083 1086
939 1231
1091 1127
1122 1152
1189 1145
1150 1194
1278 1119
1255 1197
1357 1146
1449 1084
1436 1095
1383 1147
1519 1072
1569 1100
1554 1132
1815 1024
1575 1199
1609 1219
1765 1223
1858 1175
1885 1178
580816557 1347700863
1
sift 76
214 212
49 95
101 147
157 174
137 111
325 289
298 270
117 162
146 197
124 148
501 471
310 326
130 185
155 191
125 213
575 642
374 556
196 208
219 260
247 294
569 742
251 313
773 991
236 419
1113 1160
277 343
802 974
358 358
366 398
879 980
354 468
443 538
492 480
404 679
448 658
631 486
556 602
572 601
607 629
1028 410
566 776
637 701
564 884
571 913
634 878
871 599
581 1030
809 693
588 1081
740 797
829 770
901 765
680 1151
823 867
870 839
892 824
716 1086
681 1217
882 871
1001 783
1156 739
826 1020
747 1165
827 1149
803 1186
804 1192
894 1080
1189 858
1083 987
1179 923
1095 1140
1122 1247
1356 1052
1383 1115
1518 1075
1494 1091
580816557 1745211470
1
sift 363
107 87
21 11
15 8
49 62
22 17
162 147
91 107
26 21
69 79
32 30
329 296
111 113
60 57
151 98
73 65
343 504
114 143
64 76
140 139
77 101
452 360
233 215
93 90
157 154
104 77
732 706
255 223
94 93
161 172
95 95
1402 1371
298 268
113 88
208 175
106 91
1753 1502
286 300
101 102
300 286
108 111
373 448
117 117
371 416
123 110
377 569
119 119
374 587
124 124
412 584
130 134
474 491
146 142
521 804
149 153
574 742
155 146
561 809
184 140
658 767
167 162
663 856
168 165
638 940
171 173
733 1230
234 150
772 903
183 202
727 1397
188 206
802 911
218 188
1399 775
225 186
885 1106
196 221
1052 1373
240 191
1148 1272
200 239
1396 986
219 217
1105 1464
210 258
1137 1452
247 227
1194 1318
236 252
1568 1096
253 234
1119 1474
251 248
276 232
1128 1457
266 255
261 256
1243 1350
295 244
282 253
1266 1345
277 274
311 262
1216 1482
306 275
201 573
1302 1493
301 321
357 298
318 341
359 324
337 349
633 210
305 414
360 343
386 310
398 309
378 327
328 397
366 352
384 347
447 307
338 465
408 355
397 371
520 312
375 444
420 393
421 426
448 405
443 419
393 502
413 462
511 376
493 399
404 539
466 451
423 508
438 520
425 546
495 457
463 505
477 482
567 396
483 533
478 553
560 445
556 489
764 365
530 531
653 435
593 496
535 574
589 515
532 580
571 559
670 487
697 472
625 534
564 606
631 557
601 586
579 615
581 631
617 594
591 680
690 589
634 668
683 613
548 873
611 731
635 710
781 549
679 654
714 618
588 849
678 712
651 756
652 755
681 732
728 638
735 636
639 821
661 802
726 665
723 675
811 598
699 791
740 700
842 614
676 843
700 815
701 825
768 688
680 885
687 886
838 670
762 749
751 779
778 752
840 713
696 947
841 751
823 783
871 727
798 807
979 642
709 960
1034 624
892 728
746 884
645 1176
716 979
780 868
912 759
945 757
829 879
765 943
952 781
809 909
1028 721
901 838
804 932
928 833
803 965
743 1101
893 896
881 935
870 945
1085 772
787 1041
826 1017
800 1052
990 864
807 1065
813 1061
950 908
845 1040
832 1070
867 1027
854 1042
869 1037
827 1107
1151 818
890 1029
880 1054
858 1129
903 1053
931 1038
789 1311
999 980
951 1022
760 1431
1107 916
911 1111
939 1092
1030 987
1058 961
916 1145
949 1088
1033 1023
942 1169
944 1189
897 1297
972 1181
1001 1116
980 1179
964 1198
1116 1005
986 1192
956 1221
821 1498
1017 1159
918 1332
906 1359
1007 1186
959 1250
1043 1118
1025 1184
989 1247
974 1277
963 1316
1023 1214
1099 1148
1150 1079
1096 1170
1014 1279
1015 1284
1178 1073
1006 1330
1157 1110
1063 1234
1145 1149
1083 1232
1070 1260
1122 1205
1077 1267
1060 1288
1005 1416
1177 1153
1088 1274
1069 1307
1136 1225
1104 1305
1480 920
1091 1369
1065 1408
1089 1378
1268 1084
1168 1254
1055 1438
1101 1392
1131 1355
1449 984
1095 1419
1072 1443
1234 1182
1359 1034
1155 1335
1140 1391
1163 1348
1171 1339
1609 944
1202 1298
1326 1136
1397 1115
1192 1423
1316 1207
1153 1485
1196 1434
1182 1458
1191 1448
1242 1381
1211 1450
1176 1492
1516 1126
1255 1411
1582 1067
1299 1395
1287 1420
1519 1190
1413 1289
1383 1320
1332 1387
1394 1352
1380 1396
1543 1226
1275 1495
1417 1393
1437 1410
1592 1295
1889 1020
1554 1400
1650 1312
1518 1481
1370 1517
1575 1471
1695 1436
1826 1326
1879 1333
1885 1328
1730 1504
1847 1462
1913 1520
580816557 1811936640
1
sift 277
1416 1399
140 100
1 1
73 35
93 60
543 483
60 49
69 50
94 62
663 551
104 39
96 68
113 58
638 576
101 69
117 77
119 137
1138 963
108 81
123 85
137 120
1523 1520
124 83
130 99
167 128
143 98
146 102
188 173
157 95
149 108
183 203
155 116
210 169
194 202
219 159
247 154
276 166
208 189
236 175
257 200
197 222
251 216
306 197
282 211
312 212
293 252
277 269
371 312
261 327
359 254
581 341
318 293
398 237
593 397
386 263
357 302
525 646
384 278
391 270
773 605
301 400
520 246
802 658
378 321
366 354
765 698
489 268
358 367
804 709
354 383
397 385
879 741
431 363
421 374
939 737
495 379
393 546
916 762
424 545
483 548
867 835
463 606
589 447
903 820
699 401
556 507
949 807
478 650
697 427
964 953
1463 309
485 696
1025 925
764 425
611 587
886 1110
693 530
532 700
1077 995
866 452
811 501
1148 920
735 558
631 660
1266 822
651 675
751 582
1131 935
683 656
596 739
1058 1017
798 575
1182 442
1155 971
740 634
634 744
1089 1029
840 579
661 730
1088 1034
952 532
591 828
1104 1026
635 789
990 537
1065 1085
892 620
826 666
1194 962
871 662
641 924
1242 896
759 736
778 718
1243 931
1085 602
609 1067
1302 1007
696 974
553 1493
1216 1102
645 1111
700 985
1235 1079
726 881
743 862
1192 1192
809 800
680 1076
1362 1056
829 829
716 1097
1246 1186
950 779
807 957
1297 1132
863 902
1097 745
1300 1139
841 960
931 874
1271 1199
1107 775
746 1208
1276 1225
853 1025
901 982
1283 1265
845 1117
912 1020
1325 1236
963 970
794 1230
1423 1189
787 1248
827 1228
1464 1219
1001 976
789 1263
1410 1307
800 1257
836 1224
1468 1270
803 1264
813 1259
1563 1245
1083 943
1177 878
1389 1448
780 1423
869 1295
1621 1403
989 1175
1553 768
1656 1417
1359 836
1122 1101
1427 1718
1150 1081
1005 1289
1660 1506
911 1508
1178 1121
1691 1610
1017 1302
956 1426
1700 1779
1095 1251
1316 1014
1630 1871
1650 839
906 1635
1871 1598
1168 1217
1889 742
1780 1921
1533 906
1030 1419
1145 1298
1103 1391
918 1757
981 1629
1381 1099
1101 1480
974 1751
1176 1354
1063 1557
1449 1084
1133 1453
1099 1569
1072 1621
1023 1736
1010 1837
1281 1320
1033 1831
1334 1279
1788 992
1726 1038
1380 1275
1326 1321
1234 1498
1053 1894
1157 1758
1298 1473
1885 997
1264 1601
1296 1545
1255 1628
1363 1486
1516 1368
1518 1390
1436 1518
1358 1613
1348 1643
1489 1594
1383 1731
1277 1879
1610 1501
1569 1575
1619 1541
1332 1900
1618 1630
1636 1606
1847 1364
1595 1675
1426 1884
1626 1795
1810 1615
1696 1781
1668 1844
1611 1895
1662 1856
1710 1845
1638 1906
1846 1833
1858 1861
1820 1917
580816557 1865606473
1
sift 223
646 780
543 523
73 26
69 50
94 65
873 825
663 635
101 78
96 85
113 87
891 946
1568 929
108 93
117 91
125 108
943 978
1523 1707
124 100
130 109
119 142
1391 1538
143 118
146 115
137 126
149 114
155 123
257 82
196 139
219 158
188 197
247 161
210 232
276 188
236 200
251 201
282 194
306 191
312 192
293 195
277 266
581 433
261 321
347 279
593 439
318 313
357 308
677 614
391 280
520 225
802 648
358 362
378 335
773 682
354 416
421 376
765 736
589 284
495 397
804 757
450 504
424 592
879 741
439 571
404 720
939 764
483 553
601 492
916 800
556 585
532 734
867 857
485 890
697 572
1025 1010
635 649
728 547
1266 823
823 505
631 672
1397 792
751 567
535 870
1077 1081
699 636
656 698
1194 967
647 723
634 743
1148 1032
614 785
564 920
1242 936
651 767
652 776
1124 1087
866 587
871 582
1131 1101
826 652
763 711
1104 1153
683 858
588 1120
1303 927
892 687
809 746
1243 993
661 1027
609 1181
1090 1197
775 786
716 999
1216 1191
829 861
645 1357
1271 1122
990 752
743 1075
1353 1089
700 1257
950 835
1192 1326
930 864
687 1384
1246 1340
1056 821
869 1025
1468 1137
853 1071
881 1051
1276 1334
901 1008
1097 865
1464 1201
912 1040
915 1057
1423 1227
803 1245
1001 977
1531 1203
951 1063
870 1202
1325 1406
827 1346
832 1358
1563 1236
813 1378
780 1496
1410 1397
845 1452
1079 1103
1529 1441
747 1713
1017 1205
1570 1455
1150 1067
800 1619
1389 1636
1336 877
854 1532
1640 1398
1157 1093
808 1656
1621 1446
1316 943
1116 1198
1470 1612
1082 1373
1178 1265
1574 1541
1030 1482
1095 1417
1660 1488
918 1726
1081 1468
1427 1741
1519 1000
1016 1595
1673 1556
1695 951
1043 1570
1691 1788
1072 1554
956 1754
1871 1599
1103 1524
1234 1295
1101 1568
1033 1727
1401 1229
1091 1693
906 1883
1840 979
1501 1215
1449 1304
1334 1435
1421 1391
1264 1593
1133 1850
1380 1509
1581 1336
1518 1425
1569 1395
1255 1770
1788 1258
1445 1609
1649 1426
1610 1522
1348 1778
1650 1510
1516 1659
1277 1872
1417 1782
1474 1806
1893 1420
1696 1734
1618 1804
1831 1608
1749 1700
1754 1699
1765 1755
1730 1791
1858 1716
580816557 2019709110
1
sift 100
101 104
494 661
161 138
188 167
277 240
539 576
903 852
251 281
354 314
698 1085
1149 1094
522 405
581 423
864 1592
571 460
530 489
1244 1081
634 468
591 597
1089 1302
640 587
608 670
1303 1259
601 745
661 728
1216 1515
651 766
492 1643
1389 2102
1063 646
758 820
951 742
977 758
822 850
1153 687
862 835
805 942
870 885
1053 782
1135 797
1072 833
1253 796
974 1034
911 1103
1445 787
964 1110
930 1179
1296 842
1295 845
916 1215
1333 848
826 1479
1290 906
829 1636
1641 879
1455 1009
857 1907
1025 1526
928 1742
1238 1237
1088 1513
859 2050
1254 1290
1314 1238
1581 1065
1434 1199
1578 1102
945 1994
1479 1211
1770 1066
1353 1414
1380 1398
1008 2071
1646 1223
1611 1245
1651 1235
1412 1433
1640 1297
1403 1520
1767 1230
1332 1598
1704 1301
1498 1597
1817 1326
1696 1428
1413 1752
1873 1328
1545 1698
1654 1599
1600 1682
1843 1472
1688 1694
1515 1904
1410 2067
1527 1939
1570 1895
1804 1657
1798 1675
1670 1898
1794 1828
580816557 2124113243
1
sift 109
140 98
69 74
795 366
101 75
125 165
543 435
146 102
124 127
188 137
1118 492
161 105
219 195
354 291
1678 563
251 198
443 271
397 351
421 505
581 389
378 616
522 477
678 391
591 493
681 442
644 690
757 394
634 482
916 595
661 558
640 601
805 669
601 652
635 895
1131 684
758 768
621 1078
964 798
1063 677
974 737
1119 765
568 1607
817 1053
1148 777
822 1085
1201 750
1244 733
911 961
826 1136
1090 851
1027 1034
1303 760
1088 953
736 1620
1025 1022
1216 862
1296 888
1195 962
1007 1325
829 1543
1135 1156
1008 1330
1253 1011
1444 886
1196 1147
912 1521
1640 866
1325 1141
775 2101
1588 1008
1192 1395
1086 1501
915 1789
1276 1264
928 1774
1066 1592
1272 1334
1290 1314
1590 1096
1283 1369
932 2081
1389 1303
1574 1199
1403 1322
1571 1201
1779 1120
1150 1655
1411 1420
1656 1289
1238 1624
896 2449
1570 1362
1380 1517
1190 1821
1700 1417
1156 1952
1651 1375
1841 1804
1696 1377
1455 1561
1780 2097
1326 1816
1822 1435
1727 2381
1489 1766
1804 1487
1576 1844
1578 1932
1428 2457
1875 2465
