670484749 856798745
1
sift 64
239 181
583 394
335 221
397 282
428 298
598 326
578 351
620 360
563 431
769 408
635 455
1103 370
672 468
877 464
860 475
853 502
764 530
1007 498
850 561
1059 525
892 578
974 574
871 637
845 769
1178 618
1328 628
1255 687
1164 735
789 1008
1519 677
1082 861
1362 708
797 1117
1497 724
1429 778
1648 749
1480 820
1245 915
1566 807
1576 840
1099 1077
1601 866
1683 853
1325 986
1070 1319
1310 1156
1228 1283
1352 1218
1529 1143
1206 1444
1726 1053
1532 1186
959 2292
1509 1350
1087 1927
1514 1371
1655 1269
1257 1703
1299 1728
1688 1447
1734 1435
1456 1992
1453 2153
1756 2362
670484749 1115818466
1
sift 74
240 134
192 114
382 185
278 137
400 203
295 171
772 433
410 239
890 322
586 250
1443 609
563 315
1292 569
537 347
530 386
1414 532
634 320
535 393
1476 582
602 378
594 385
1716 714
658 373
686 362
1652 769
687 361
534 494
1621 801
673 406
780 364
1704 813
782 369
841 358
667 437
702 461
787 447
829 445
892 462
822 514
869 540
912 515
974 520
918 562
747 757
831 825
1050 633
1012 660
1082 622
1141 616
1007 832
1572 559
1362 623
1422 635
1431 662
1174 839
1053 1013
1721 607
1650 639
1463 751
1670 661
1441 852
1348 932
1701 737
1566 848
1479 921
1266 1137
1290 1153
1631 983
1585 1018
1748 870
1726 931
1620 1037
1654 1100
1744 1051
670484749 1150832366
1
sift 127
142 127
4 7
19 18
6 8
26 28
117 154
42 60
58 69
73 52
76 72
189 168
109 109
86 143
172 219
124 165
242 254
131 159
151 148
173 234
163 152
251 296
211 243
192 187
240 284
179 223
306 318
278 321
210 222
358 412
217 221
437 420
293 343
231 250
373 410
255 228
473 460
300 562
244 253
382 465
291 352
487 537
433 1030
303 347
608 731
295 363
498 685
614 732
431 553
579 823
370 1040
756 633
565 1022
1001 453
835 736
378 1518
736 723
714 1065
587 662
735 1156
723 557
1003 1102
772 1073
548 776
1073 795
583 789
999 1147
916 996
613 986
826 1150
843 716
934 1228
775 1345
661 990
890 1374
747 875
1013 1364
987 1448
1276 604
1544 1737
726 982
1326 1121
1642 1488
654 1191
1279 622
1033 1464
757 945
1104 699
1181 1417
884 861
689 1196
814 984
937 857
1190 715
1025 837
867 1103
1151 808
839 1168
952 1112
811 1386
1289 840
1557 806
1379 885
1063 1217
1016 1311
1475 966
1735 838
1338 1068
1142 1266
1040 1477
1285 1173
1669 972
1048 1560
1385 1167
1219 1370
1091 1664
1513 1246
1196 1563
1188 1650
1256 1634
1374 1631
1470 1593
1336 1707
1518 1596
1322 1744
1623 1535
1639 1570
1582 1683
670484749 1186326363
1
sift 62
85 93
8 9
2 1
128 228
26 21
251 256
226 190
45 45
211 212
58 58
306 253
299 290
90 112
358 378
96 104
437 325
410 387
86 130
382 558
163 132
487 431
614 590
255 249
625 607
236 272
737 547
929 505
284 260
1727 443
534 181
866 901
681 948
282 273
714 927
445 412
999 873
735 1113
378 550
772 1142
548 579
1003 934
891 1148
554 586
1294 1601
583 796
1013 1097
843 700
937 680
1033 1273
1086 633
1025 708
1181 1111
1112 771
1151 876
817 1238
1063 1028
867 1256
1091 1665
1243 1441
1314 1356
1101 1714
1639 1504
670484749 1474416471
1
sift 114
34 45
8 6
2 0
73 35
26 16
51 32
131 113
45 33
76 44
58 40
85 70
124 134
90 89
211 196
86 110
126 109
226 191
163 125
250 290
117 133
142 136
280 256
217 168
299 254
219 167
229 162
279 306
210 212
358 358
442 140
251 242
633 243
244 216
399 363
255 207
310 225
300 525
231 239
382 413
236 274
306 261
449 404
284 281
579 599
303 278
437 355
614 590
295 336
625 595
378 329
473 375
758 539
445 337
681 803
376 481
487 469
714 799
554 512
835 724
498 591
736 561
608 1207
1001 378
772 939
1051 381
756 577
890 1256
548 600
893 1628
583 624
1088 767
1754 978
587 612
1545 1188
1276 403
1003 863
1294 1419
747 685
1292 1538
1086 602
944 1300
1321 1549
937 744
1381 1566
839 820
1326 955
1025 692
814 1060
1013 1260
1106 831
1151 834
1033 1247
867 1148
1063 995
1181 1166
1035 1120
1596 809
1142 1111
932 1403
1016 1272
1190 1119
895 1572
964 1440
1048 1439
1188 1624
1518 1346
1323 1547
1554 1325
1656 1262
1336 1569
1669 1511
1639 1645
1635 1674
1736 1720
670484749 1523815439
1
sift 115
51 48
8 11
2 0
73 47
22 20
189 165
109 83
26 24
76 53
45 50
142 227
131 128
58 89
124 167
90 114
251 271
125 169
86 139
179 233
163 153
306 283
211 226
217 195
226 215
266 202
437 358
240 265
210 248
260 229
111 1368
473 393
280 270
244 246
299 304
255 235
487 479
410 299
231 285
358 349
236 286
498 623
300 517
284 274
382 446
303 289
756 576
449 422
395 278
565 634
258 575
737 596
614 586
445 325
625 599
378 374
1088 775
681 830
384 377
714 793
554 543
1003 859
772 824
548 600
633 1196
552 645
866 1053
890 976
587 601
608 1620
1001 430
898 1353
1727 878
583 652
1066 1395
551 845
1326 948
1545 1189
839 541
1381 1312
668 847
944 1345
1292 1553
1086 613
661 1034
1033 1264
1025 669
1276 585
1181 1230
937 762
947 931
814 1149
1151 832
952 1050
1106 899
1063 1018
882 1217
1275 879
1023 1113
1596 791
1035 1197
1142 1145
1307 1110
1136 1381
1197 1392
1190 1449
1102 1694
1639 1157
1392 1495
1518 1441
1656 1354
1554 1512
1470 1679
1563 1618
1574 1739
1736 1630
670484749 1636735110
1
sift 265
80 52
22 23
382 270
20 24
207 131
29 28
400 305
79 67
278 212
87 85
412 304
93 96
676 291
121 99
1073 313
122 103
630 604
118 127
772 553
170 110
890 516
179 129
904 514
217 118
928 632
159 158
735 770
192 155
714 921
244 208
781 840
212 257
1268 651
255 218
1443 717
218 282
1067 1022
303 206
1292 966
232 269
1414 1037
295 232
1329 1165
267 272
1294 1343
403 198
1476 1209
374 226
1599 1271
284 319
233 419
1652 1249
338 344
339 347
1716 1254
395 331
367 364
1621 1407
390 362
356 398
1704 1747
365 405
397 376
389 390
460 343
428 435
409 443
445 440
586 408
508 448
624 409
519 452
483 550
743 386
578 446
520 527
560 480
685 432
562 511
554 519
592 501
576 529
529 601
563 556
620 489
589 522
621 495
566 571
535 620
688 463
598 568
605 567
733 450
602 585
611 574
682 508
634 590
687 542
686 597
693 629
601 747
658 674
665 672
1307 417
597 772
616 755
843 518
663 713
673 706
780 616
940 540
627 865
836 609
667 825
907 644
534 1288
859 687
845 725
760 791
1063 607
896 704
704 934
822 758
787 800
803 798
860 764
829 784
710 991
747 904
823 811
937 736
871 781
852 796
1298 594
892 842
842 932
877 905
946 818
1179 703
807 1023
912 917
1190 710
869 1001
818 1068
954 903
867 1057
924 973
918 997
989 936
769 1211
927 1059
980 1000
1050 949
938 1098
1099 923
920 1117
975 1088
1178 895
1218 869
1104 1014
923 1228
1335 836
1301 875
878 1362
1152 1026
990 1216
1059 1134
1141 1070
795 1693
1518 815
1257 964
1070 1162
1299 944
1228 1021
1317 945
1082 1189
1289 999
1031 1281
1142 1155
1134 1173
1028 1342
1423 959
1199 1126
1208 1133
1260 1094
1007 1434
1265 1096
1122 1245
964 1565
986 1576
1549 946
1535 969
1046 1448
1525 993
1387 1073
1344 1111
1538 1015
1563 1029
1263 1208
1163 1364
1215 1322
1310 1222
1206 1353
1169 1429
1155 1460
1053 1758
1171 1482
1486 1160
1444 1193
1721 1052
1502 1178
1379 1338
1422 1318
1686 1129
1347 1382
1224 1572
1560 1212
1306 1463
1519 1287
1656 1194
1305 1552
1650 1200
1266 1650
1269 1652
1547 1302
1536 1337
1213 1797
1220 1760
1315 1614
1590 1298
1431 1468
1670 1259
1420 1525
1618 1323
1480 1456
1348 1659
1290 1752
1463 1519
1725 1267
1490 1540
1466 1585
1574 1470
1482 1602
1440 1684
1497 1648
1395 1770
1596 1498
1537 1616
1362 1830
1434 1786
1510 1749
1639 1568
1609 1662
1550 1723
1631 1669
1576 1718
1541 1805
1676 1636
1629 1823
1726 1768
1588 1912
1703 1855
1748 1844
1758 1777
1744 1903
670484749 1643728630
1
sift 60
208 200
211 140
78 48
286 211
193 106
459 621
248 177
163 121
343 272
294 153
866 1038
358 279
258 285
1066 648
346 222
944 1100
369 320
445 317
1762 1085
300 467
776 481
456 351
557 321
826 645
643 308
548 433
1294 749
518 499
679 446
1292 906
695 439
1008 388
1329 977
693 478
823 516
1398 965
583 669
747 571
1691 1183
586 683
1010 522
1621 1643
867 718
954 677
1716 1536
1416 602
1339 770
1288 839
1475 814
1086 1000
1297 885
1395 850
1337 924
1735 864
1342 1155
1542 1185
1227 1428
1650 1149
1729 1533
1721 1602
670484749 1716575903
1
sift 68
85 95
217 228
117 125
281 247
219 193
255 301
251 269
384 337
306 316
392 377
473 424
389 545
487 574
605 494
944 1320
519 571
1033 1493
663 513
1013 1615
592 677
1181 1746
667 635
795 583
635 765
584 859
844 587
589 924
787 704
688 855
621 1031
1031 727
803 873
918 808
767 931
829 883
1208 739
871 988
746 1223
982 1101
980 1178
1103 1104
1025 1269
937 1480
1236 1099
1454 1016
1481 1028
1085 1396
1289 1164
1257 1261
1086 1531
1288 1321
1243 1470
1142 1724
1616 1204
1644 1199
1063 2046
1422 1447
1431 1468
1264 1848
1318 1758
1491 1560
1570 1511
1497 1636
1553 1634
1637 1656
1572 1828
1736 1729
1748 1809
670484749 1785851268
1
sift 133
51 57
4 8
19 19
42 78
22 25
126 146
73 64
26 33
109 122
58 70
117 181
125 179
86 151
131 177
151 153
142 164
172 227
163 174
170 188
189 193
229 221
173 251
192 196
211 258
179 239
251 311
248 271
143 349
240 285
210 235
306 332
278 323
217 236
280 334
255 230
357 403
293 345
244 267
291 446
371 226
437 453
358 418
250 341
382 470
295 374
376 546
300 535
303 415
410 560
1536 211
473 465
444 953
445 412
614 670
431 514
487 517
608 695
551 455
579 787
498 658
564 894
565 862
583 619
714 920
723 522
737 741
772 922
587 648
735 1192
378 1505
944 1141
775 1193
613 637
890 1213
548 726
934 1229
826 1312
552 861
956 1296
1276 474
1003 1158
893 1454
668 709
987 1419
661 772
1013 1282
1294 1286
843 715
1292 1598
654 1044
1033 1264
1544 1500
1086 656
1025 745
1501 990
937 834
1190 705
1326 1082
814 1056
1104 794
1181 1314
1151 782
902 1018
952 989
867 1115
839 1155
1338 774
932 1165
1379 814
1557 765
1063 1085
1124 1065
1016 1175
1142 1160
1735 890
1091 1358
1167 1267
1669 966
1048 1493
1385 1167
1136 1480
1196 1395
1513 1157
1187 1476
1336 1465
1353 1473
1518 1364
1470 1424
1323 1550
1639 1436
1563 1557
1554 1595
1650 1609
670484749 1861578657
1
sift 65
34 48
216 280
164 147
745 515
51 47
61 90
358 421
384 316
77 88
85 85
775 828
389 549
142 121
138 214
714 1411
456 484
241 155
251 250
519 495
306 281
357 372
342 1458
437 390
473 371
478 812
487 510
737 467
635 574
548 695
711 743
667 578
663 602
1003 1183
688 611
592 751
1033 1279
584 787
589 800
1013 1305
490 1087
571 868
1501 930
622 945
829 713
1326 1095
823 847
892 933
1181 1320
822 1019
746 1205
1103 836
937 1041
747 1512
1257 997
1289 989
1431 964
1087 1380
1297 1178
1318 1264
1463 1185
1637 1118
1224 1448
1444 1281
1272 1515
1539 1662
670484749 1906096636
1
sift 145
51 43
42 58
2 1
73 44
19 12
126 140
109 110
22 18
76 57
26 22
142 136
131 149
28 36
170 185
45 50
117 165
211 243
58 54
179 220
86 137
189 178
226 240
151 142
248 254
163 154
229 229
216 330
154 169
250 325
232 138
251 295
280 296
183 268
278 321
210 231
898 184
293 320
217 226
358 408
222 236
306 319
300 570
255 237
382 471
244 250
357 387
410 566
231 269
449 614
371 201
437 433
433 886
236 372
609 629
442 228
473 457
775 560
284 315
614 717
295 364
487 550
579 822
303 353
751 671
1536 222
619 592
608 857
390 456
565 972
431 520
866 1164
714 910
551 531
826 846
554 598
1003 1203
735 1002
1001 453
575 1529
587 656
944 1321
835 901
548 749
772 1078
723 554
934 1381
890 1267
552 793
956 1310
1276 466
1013 1377
1544 1435
583 829
1292 1710
747 705
1033 1390
1235 549
1670 1804
843 760
1326 1184
873 780
689 1089
1181 1420
1086 722
757 1025
1025 815
937 917
947 913
1106 803
814 1085
839 1081
1151 850
1190 839
867 1159
1379 786
1338 841
1063 1141
1735 784
1289 993
932 1405
964 1373
1016 1295
1596 899
1142 1206
1385 1065
1475 1027
1243 1245
1219 1288
1279 1462
1513 1262
1669 1195
1197 1704
1656 1289
1485 1489
1396 1562
1518 1467
1336 1670
1470 1633
1322 1811
1579 1741
1574 1778
1639 1748
1650 1788
1709 1752
1582 1818
670484749 2019709110
1
sift 51
579 436
29 21
1292 895
239 178
335 240
397 313
563 397
451 512
673 440
454 740
688 462
764 506
599 690
892 496
871 519
845 547
589 820
1178 550
789 773
1082 673
798 862
1255 687
809 1137
1534 694
1099 850
1164 833
746 1432
1362 787
1576 742
1245 845
1064 1036
1428 805
1070 1234
1310 965
959 1597
1228 1159
1257 1237
1454 1102
1529 1092
1044 1692
1325 1242
1688 1016
1536 1124
1726 1005
1206 1558
1514 1326
1087 1991
1299 1599
1703 1428
1654 1472
1577 1751
670484749 2095558067
1
sift 104
102 146
3 6
286 233
45 41
211 179
163 140
300 425
294 167
248 223
255 250
343 388
296 519
358 360
392 363
781 943
369 415
922 1072
554 304
1066 1150
445 452
520 416
379 789
660 394
605 430
602 437
562 484
578 545
548 596
658 535
688 565
490 901
592 713
635 665
667 614
587 754
610 786
663 737
1031 491
621 904
641 921
842 682
787 779
803 832
829 810
689 1044
918 781
613 1302
747 1023
871 879
726 1064
822 962
730 1133
823 1031
1113 814
1563 664
1122 827
1208 778
833 1157
1053 944
980 1022
1010 989
1069 955
1103 972
1037 1086
800 1481
1174 1006
1417 863
874 1398
1236 968
1025 1190
814 1629
1259 1087
1481 988
1288 1120
1289 1152
1086 1473
1050 1571
996 1694
1142 1433
1228 1285
1406 1179
1263 1317
1606 1092
1412 1223
1617 1124
1379 1286
1701 1090
1243 1460
1318 1410
1431 1391
1491 1340
1480 1384
1620 1306
1585 1429
1618 1432
1454 1598
1497 1570
1637 1474
1644 1538
1572 1614
1418 1747
1536 1707
1736 1599
1725 1714
