742308222 789706637
1
sift 85
172 133
24 15
67 60
198 143
77 106
211 319
182 136
95 102
294 252
104 111
432 329
259 195
115 98
545 543
122 114
680 472
535 1149
120 139
712 449
192 80
1039 807
112 172
620 582
133 145
1443 788
134 149
138 150
149 183
171 148
160 230
203 217
186 317
237 246
246 256
256 279
266 268
288 257
292 303
270 358
277 492
345 426
466 366
354 611
399 558
376 711
611 439
515 549
528 631
443 831
550 656
490 821
440 1138
495 910
507 857
603 691
560 767
486 1132
721 572
520 1066
555 960
533 1028
582 953
553 1067
599 1061
624 1128
652 1094
697 923
657 1102
689 1051
751 927
758 958
703 1103
830 853
710 1168
883 879
840 946
772 1159
770 1183
1161 772
1053 938
1021 1041
957 1161
1062 1031
1251 1040
1208 1158
742308222 962831950
1
sift 161
30 25
125 90
54 56
172 162
35 32
67 60
147 132
182 168
78 70
190 179
204 239
95 115
210 323
259 232
104 124
432 456
294 288
116 125
304 294
253 305
139 109
485 408
321 298
112 148
566 949
383 427
107 159
779 692
389 394
122 139
680 957
614 669
192 84
1576 994
620 490
120 172
535 997
133 176
729 500
134 183
1443 707
164 188
1039 974
149 215
923 1127
171 184
1428 998
160 281
173 272
1019 1506
203 264
238 226
242 222
186 344
237 293
266 284
243 334
270 295
290 282
289 291
292 286
185 851
288 335
277 521
338 369
342 557
381 514
466 413
425 511
399 580
377 621
354 754
391 597
487 576
521 540
538 577
523 623
440 846
576 592
562 599
515 661
507 695
558 699
495 894
560 751
550 790
486 939
490 931
581 823
593 810
654 667
555 929
553 996
520 1090
721 678
519 1150
652 826
584 995
599 942
687 798
648 908
657 940
809 824
746 884
689 1021
888 831
710 1020
674 1112
758 944
772 954
703 1140
857 915
754 1075
799 1031
865 961
883 976
821 1056
743 1231
695 1368
801 1118
824 1082
791 1149
826 1096
840 1066
770 1247
728 1366
1053 902
903 1081
914 1165
861 1285
884 1278
838 1365
786 1466
944 1223
957 1213
844 1383
955 1245
1000 1161
885 1379
877 1400
846 1432
919 1343
1062 1126
822 1479
983 1304
905 1419
915 1452
1028 1305
994 1367
1043 1403
927 1499
1147 1292
1191 1267
1116 1446
1044 1497
1270 1355
1193 1455
1049 1508
1455 1357
1450 1417
1560 1409
742308222 1064082008
1
sift 61
748 929
24 23
44 37
226 299
96 117
182 140
104 129
620 441
115 107
259 239
107 132
650 560
122 127
383 364
120 155
507 925
192 92
614 1018
134 169
758 902
171 156
1033 895
149 207
830 966
194 196
1039 1193
160 285
242 184
203 236
186 331
237 272
266 289
289 282
338 298
277 597
354 623
399 647
515 543
528 584
558 572
550 665
490 825
495 851
443 1053
603 670
560 932
598 1016
599 1065
600 1240
703 1071
689 1115
840 885
791 1090
801 1126
1053 870
1062 892
838 1231
1175 896
957 1147
1049 1219
1457 1229
742308222 1745211470
1
sift 172
28 12
24 22
29 21
35 36
53 76
75 70
46 62
78 79
63 107
95 102
88 106
125 158
104 111
133 139
107 117
147 137
216 235
122 124
149 172
120 134
172 168
291 569
134 142
171 154
192 115
190 196
363 448
164 175
194 213
160 206
210 317
362 584
203 217
432 418
186 252
485 476
382 669
205 238
399 511
237 248
869 609
390 808
246 255
465 488
243 275
999 1058
492 622
288 244
515 491
245 321
468 809
317 345
418 1098
339 371
535 715
265 737
620 804
343 427
588 1397
354 404
712 632
328 466
1443 767
344 457
579 940
342 482
358 444
646 856
384 426
381 574
833 822
376 607
466 445
757 904
436 535
611 395
709 1106
454 613
426 736
858 911
490 631
495 756
830 941
539 654
486 802
871 1057
520 712
528 710
859 1271
550 688
547 868
891 1456
537 899
553 905
1019 1373
624 800
634 779
1056 1318
560 937
582 960
1035 1453
721 747
683 807
1162 1493
1120 524
596 1277
1409 1344
668 961
688 942
1427 1350
840 783
703 932
1428 1464
810 819
643 1284
784 908
713 1029
728 1042
710 1118
657 1332
674 1279
775 1027
696 1234
763 1111
743 1198
770 1145
983 926
883 1017
838 1092
745 1316
865 1074
782 1309
861 1184
1049 944
842 1215
884 1186
772 1416
801 1368
1229 861
1062 980
877 1268
822 1393
954 1150
844 1346
892 1306
915 1267
928 1250
905 1305
1041 1079
919 1274
894 1355
933 1326
957 1320
1053 1159
937 1377
851 1495
898 1450
1047 1192
1109 1136
992 1408
1089 1254
1002 1448
1080 1423
1105 1396
1159 1294
1026 1517
1193 1410
1257 1381
1261 1395
1550 1126
1560 1505
1527 1522
742308222 1811936640
1
sift 119
1468 1666
29 16
78 50
85 76
67 68
95 69
112 109
107 77
104 81
115 119
122 83
120 99
160 173
133 100
134 102
243 197
171 95
157 169
270 372
203 159
186 175
344 379
194 189
237 216
384 374
277 349
399 394
446 451
490 341
515 329
436 556
507 485
520 543
454 656
589 530
579 576
495 675
603 554
646 551
634 582
676 563
758 604
528 789
537 914
688 697
883 666
703 709
858 658
784 779
770 762
830 741
547 1423
668 1017
743 953
745 970
1120 720
859 921
599 1790
861 925
894 935
652 1473
710 1294
915 995
865 1122
905 1026
919 1034
657 1757
937 1030
1009 966
772 1289
633 1904
1057 961
763 1508
993 1086
1410 822
842 1340
1041 1081
1257 896
1512 803
1050 1102
1480 826
1122 1099
1162 1007
1080 1192
1160 1066
1044 1265
1427 931
1089 1217
760 1913
1138 1225
959 1545
1105 1275
1146 1236
804 1894
844 1826
1279 1139
1109 1321
1225 1306
1242 1325
1155 1486
1173 1447
1281 1564
1193 1519
1432 1417
1429 1429
1457 1410
1271 1718
1275 1728
1550 1368
1412 1609
1600 1470
1270 1843
1254 1884
1486 1730
1519 1615
1547 1779
1494 1871
1569 1845
1548 1921
742308222 1865606473
1
sift 87
190 508
1033 1189
85 83
104 93
112 108
904 1492
107 91
122 100
115 127
120 109
134 115
160 197
203 158
186 200
192 195
243 191
237 201
289 298
266 362
277 391
338 269
344 397
515 312
270 773
389 401
399 459
352 481
254 1400
490 433
1466 310
558 398
507 524
528 649
520 614
758 683
454 858
495 767
703 757
561 1004
858 648
713 778
883 652
830 741
892 892
533 1563
645 1595
861 1010
824 1068
859 1031
877 1080
657 1726
894 1101
1057 968
710 1570
891 1218
1163 927
802 1693
937 1197
1257 936
1248 1270
1050 1191
1152 1135
1474 1552
1017 1338
1265 1089
1450 1700
1427 993
1080 1326
1550 1659
1146 1406
1402 1192
1519 1733
1226 1397
1242 1441
1560 1790
1209 1463
1218 1487
1227 1591
1173 1637
1301 1558
1273 1598
1281 1612
1429 1457
1271 1741
1332 1738
1423 1704
1412 1787
742308222 2019709110
1
sift 93
95 104
727 677
133 129
122 185
149 138
1282 1616
271 279
160 167
237 281
399 590
277 266
334 351
1575 490
345 353
317 403
713 852
339 438
489 424
929 755
384 564
637 407
859 1094
440 670
486 728
974 1082
495 766
639 680
754 1593
696 646
589 911
937 1303
634 912
814 718
1273 1162
596 1034
842 729
1163 1259
668 868
803 783
1050 1515
603 1193
681 939
1173 2101
735 881
702 942
665 1075
649 1299
909 858
959 842
881 906
960 860
763 1103
924 933
765 1135
770 1215
747 1256
1059 879
823 1220
994 1116
1001 1127
1124 1114
861 1526
883 1479
1092 1235
919 1513
905 1605
784 1967
970 1597
1141 1301
1159 1274
1134 1333
1105 1398
940 1772
1016 1609
1243 1297
1188 1339
1242 1314
1344 1263
1265 1414
884 2119
1352 1354
1166 1599
1090 1754
1266 1559
1089 1914
1044 2052
1512 1530
1397 1838
1534 1627
1553 1808
1551 1886
1515 2012
1555 1942
742308222 2124113243
1
sift 120
78 74
1480 639
105 72
85 99
95 88
104 95
112 165
133 98
134 102
166 117
122 127
149 105
160 137
186 122
203 195
246 284
237 198
271 191
256 299
277 197
265 240
354 264
373 234
346 370
317 320
339 351
343 428
344 352
399 361
419 343
384 485
464 337
489 390
519 394
520 388
515 404
486 558
507 436
583 401
414 923
624 438
681 427
596 737
579 571
818 491
589 801
714 581
770 595
528 895
639 750
889 563
634 775
696 677
702 669
603 1027
775 726
743 798
819 695
894 684
879 742
665 914
735 847
859 776
747 979
892 765
975 733
763 961
948 787
937 851
649 1494
959 888
861 1022
760 1140
1163 760
919 953
924 1077
1050 862
1057 962
883 1136
987 1064
1129 901
784 1406
1103 937
1243 866
881 1314
1273 858
884 1325
841 1416
1042 1147
1242 974
1092 1375
1146 1141
1219 1096
1141 1315
1044 1369
1287 1120
1090 1501
1138 1264
1101 1334
1356 1258
1080 1395
1173 1304
1105 1517
993 1592
1401 1199
1041 1655
1225 1420
1432 1289
1109 1816
1089 1955
1412 1531
956 2376
1547 1417
1486 1612
1397 1698
1122 2268
1524 1804
1300 1970
1534 1676
1513 1899
