751210311 856798745
1
sift 532
11 11
20 20
29 29
26 27
41 35
54 50
49 43
39 38
44 36
221 169
106 51
46 33
43 44
274 204
95 65
48 42
56 52
320 252
115 66
71 61
74 63
341 271
128 82
76 76
77 84
355 281
135 77
86 79
89 75
384 307
125 88
110 69
109 87
378 336
137 90
118 83
107 93
413 367
157 100
113 104
126 98
401 452
143 119
122 103
138 108
506 437
153 114
129 118
145 107
612 516
172 110
158 126
163 121
634 624
167 123
152 131
139 149
771 626
197 130
171 139
181 132
732 730
235 154
164 159
183 147
613 1210
215 175
173 156
185 158
808 767
256 160
180 168
175 179
829 827
257 164
182 182
246 145
924 753
249 174
192 188
189 209
987 910
247 191
217 211
203 231
1219 1180
242 217
261 192
244 210
1204 1291
285 200
277 185
233 216
1393 1289
278 208
259 212
252 228
1362 1358
301 201
258 229
254 235
1163 1611
318 243
241 259
265 238
1442 1516
360 241
272 240
289 225
1639 1461
354 260
296 244
263 312
1641 1529
319 300
275 305
300 292
369 266
316 274
281 342
374 287
372 275
335 306
370 303
424 249
329 323
404 290
385 293
311 388
348 340
324 386
377 313
386 316
359 346
337 381
414 311
345 373
339 405
422 363
407 347
352 411
449 349
387 393
367 422
350 488
396 400
392 413
475 365
444 371
448 374
470 402
344 483
395 423
530 376
450 391
336 534
512 394
476 396
394 469
552 375
382 507
463 421
482 414
433 471
430 478
503 418
434 477
442 474
464 446
723 343
462 506
478 521
465 501
523 450
559 460
486 499
452 541
521 505
439 560
477 518
553 482
427 598
440 565
516 540
518 487
525 497
608 472
581 445
429 635
605 480
480 566
561 515
603 486
510 568
469 627
623 481
570 523
636 484
602 513
538 569
533 572
665 500
479 691
669 490
693 528
627 544
592 583
619 590
527 681
467 816
696 556
483 793
610 570
676 584
515 721
443 1007
695 621
548 710
600 631
698 664
585 655
351 2325
819 585
562 714
544 776
788 641
599 667
415 1409
779 717
620 660
672 605
844 683
641 640
657 645
933 676
691 665
595 825
888 709
617 781
630 752
943 755
718 648
569 907
913 795
681 696
637 764
911 876
660 727
712 690
971 856
678 731
720 684
939 877
707 700
664 797
982 868
700 739
663 829
1080 830
690 784
647 864
893 1058
744 694
715 754
1064 903
643 893
735 718
1084 896
662 887
711 799
1056 930
722 824
766 757
1471 729
738 802
861 657
1088 987
775 801
800 771
1104 979
624 1214
742 889
1102 980
706 985
725 990
1030 1078
670 1119
753 925
909 1293
740 957
885 758
1153 1000
717 1061
831 851
1209 963
804 883
790 922
1136 1031
781 940
836 891
1159 1021
1226 636
731 1174
1170 1016
903 886
752 1225
1199 1001
769 1178
673 1583
1161 1028
767 1203
746 1292
1287 956
873 949
835 1039
1374 928
765 1323
799 1193
1172 1071
787 1221
898 994
1237 1034
785 1236
825 1139
1334 995
789 1272
860 1083
1182 1122
756 1446
867 1082
1272 1098
856 1124
876 1142
1340 1064
680 2106
796 1390
1047 1406
795 1411
828 1342
1203 1200
920 1114
929 1132
1290 1115
985 1060
882 1228
1220 1191
904 1222
793 1541
1242 1179
830 1418
1382 845
1338 1102
937 1219
878 1354
1325 1127
840 1456
863 1436
1327 1129
907 1343
755 2032
1322 1138
798 1711
1015 1189
1240 1215
1011 1227
998 1270
1270 1205
921 1410
1009 1260
1267 1238
906 1478
944 1433
1483 1084
858 1646
1044 1325
1398 1153
910 1589
897 1642
1356 1230
1158 1172
1020 1408
1360 1246
1026 1402
1074 1364
1351 1255
953 1614
874 1869
1275 1345
1296 1134
877 1879
1463 1199
1113 1353
1059 1466
1515 1171
975 1640
1046 1514
1370 1299
977 1679
936 1809
1407 1274
1013 1630
955 1803
1432 1263
946 1830
965 1795
1535 1192
1063 1554
1052 1587
1317 1372
1007 1695
1446 1148
1333 1363
797 2572
1135 1469
1492 1253
1051 1661
1100 1568
1501 1334
1468 1195
1040 1740
1372 1442
1288 1359
1036 1760
1651 1213
1028 1806
1069 1662
1572 1330
1043 1761
1405 1285
1474 1413
1076 1688
988 1951
1592 1324
1117 1609
1115 1635
1497 1414
979 2066
1016 1983
1545 1440
1067 1844
1228 1552
1552 1505
1075 1881
1138 1744
1434 1625
1092 1927
1061 2029
1628 1441
1202 1689
1077 2001
1577 1538
1152 1802
1133 1856
1612 1506
1280 1623
1097 1982
1624 1484
1082 2050
1193 1774
1614 1576
1568 1405
1106 2057
1484 1842
1343 1644
1119 2055
1646 1616
1246 1838
1181 1950
1647 1621
1188 1969
1304 1777
1490 2077
1222 1929
1178 2040
1670 1789
1305 1820
1268 1886
1539 2240
1109 2286
1232 2015
1653 2352
1331 1859
1086 2438
1179 2171
1451 1753
1368 1867
1236 2105
1310 1984
1207 2189
1477 1758
1336 1976
1262 2141
1352 2003
1198 2350
1253 2227
1221 2328
1301 2156
1200 2390
1472 1891
1481 1884
1619 1673
1512 1854
1145 2562
1386 2124
1090 2603
1218 2464
1299 2414
1503 2161
1256 2565
1555 2096
1350 2458
1548 2178
1385 2449
1488 2326
1478 2355
1371 2513
1392 2480
1377 2533
1428 2466
1469 2444
1443 2493
1491 2423
1406 2535
1601 2226
1493 2429
1609 2250
1607 2389
1574 2457
1519 2558
1543 2548
1581 2525
1645 2557
751210311 868876902
1
sift 216
262 289
49 42
206 197
99 70
209 384
125 98
292 441
134 111
308 442
150 104
389 514
157 131
1180 267
169 145
508 570
156 177
472 498
181 175
543 689
182 206
622 634
177 217
625 697
183 272
644 707
192 269
685 664
343 161
578 959
240 307
762 614
218 341
758 729
288 283
689 952
281 322
645 1119
311 291
671 976
285 369
783 881
435 301
1107 773
384 366
950 940
355 407
1037 960
374 383
927 997
422 362
914 1131
363 433
1095 1014
334 527
951 1263
370 472
1437 1121
360 497
1319 1370
439 439
1137 1460
429 451
1353 1502
544 413
1613 1333
452 487
1669 1386
404 554
410 566
1634 1837
476 531
491 545
514 536
624 458
503 559
541 526
453 667
612 581
621 635
603 670
609 682
636 659
746 578
647 654
663 657
617 739
662 679
606 761
826 568
643 758
696 701
581 869
694 753
703 733
450 1483
731 692
732 699
796 644
676 793
708 792
769 709
630 902
752 844
717 925
784 828
753 886
785 839
885 803
795 878
799 885
859 830
922 811
794 956
818 951
839 949
865 934
767 1148
787 1080
789 1109
827 1043
1039 857
906 953
944 988
998 945
876 1076
946 1008
911 1066
897 1093
975 1018
863 1165
1027 1009
1007 1031
1219 891
947 1104
1032 1024
1188 915
953 1123
1152 944
1002 1088
1100 993
1198 943
1059 1073
1076 1065
1079 1091
1018 1171
1115 1078
1145 1061
1051 1155
1086 1136
978 1282
1162 1086
1063 1197
1084 1204
1078 1209
1106 1173
1082 1215
982 1372
1352 1034
1218 1108
1092 1227
980 1432
878 1686
1155 1192
1237 1157
1299 1139
1016 1480
1236 1177
1061 1465
1013 1638
1362 1175
1088 1478
1056 1562
1040 1601
1465 1152
1068 1551
1275 1302
1195 1407
1102 1595
1546 1184
1151 1539
1069 1715
1055 1762
1202 1486
1194 1542
1393 1344
1295 1457
1317 1445
1220 1544
1334 1447
1333 1458
1315 1510
1335 1534
1138 1794
1209 1749
1626 1284
1267 1673
1581 1354
1385 1552
1429 1550
1273 1757
1455 1565
1289 1771
1491 1585
1543 1521
1359 1726
1174 1842
1605 1543
1584 1608
1619 1557
1574 1649
1603 1628
1399 1808
1480 1805
1608 1688
1541 1777
1633 1759
751210311 1076394345
1
sift 70
69 97
96 153
250 332
115 194
183 256
199 370
137 229
255 349
157 250
335 515
209 360
177 312
451 481
218 331
600 878
227 431
197 443
230 571
743 719
308 590
321 502
288 667
735 786
389 742
318 637
374 618
707 914
417 906
371 705
422 752
739 883
508 865
453 694
404 814
660 1110
543 834
384 996
458 843
725 958
622 761
517 770
530 876
681 1080
524 992
475 1126
500 1121
657 1159
536 1149
732 825
644 960
722 1028
685 908
766 1034
645 1384
718 1201
689 1665
790 1012
713 1272
715 1275
940 1411
854 1165
1464 916
809 1317
894 1537
991 1155
1372 1065
1074 1270
1158 1218
1085 1632
1457 1290
751210311 1203176847
1
sift 291
632 440
69 86
56 65
255 162
115 139
103 80
540 558
223 184
99 87
902 986
134 122
77 115
973 998
212 245
113 89
935 1320
157 146
91 109
1408 1411
209 397
109 114
1264 1657
169 158
95 127
262 325
129 103
1415 1534
221 196
143 102
505 512
145 131
201 256
107 218
454 594
168 123
197 271
154 147
455 696
156 154
218 268
128 216
520 617
164 206
288 306
173 203
508 619
182 194
319 317
190 213
543 717
183 241
334 504
216 198
500 890
217 221
541 611
192 318
659 644
246 232
602 671
180 432
644 689
233 348
609 817
272 278
1049 510
241 355
606 942
296 280
573 1182
230 413
685 860
281 344
721 856
253 516
671 928
311 363
625 1175
479 265
697 950
298 468
645 1276
343 384
689 1207
360 372
783 990
335 435
762 1035
435 349
782 1230
318 555
838 1210
374 442
728 1932
398 411
818 1378
363 475
927 1329
355 531
776 1646
422 423
1107 1115
367 523
819 1401
384 524
950 1369
370 541
987 1145
461 426
976 1358
453 487
914 1398
404 585
940 1428
476 492
919 1412
410 615
951 1442
369 775
962 1387
440 679
894 1600
514 570
1060 1319
581 502
1005 1555
544 549
1053 1404
515 603
1037 1481
488 631
1024 1569
495 628
1095 1521
489 642
881 1944
457 718
1244 1366
491 651
1065 1744
517 623
1279 1385
624 545
1325 1535
469 787
1518 1382
561 731
1105 1905
528 793
1274 1692
636 625
1353 1542
585 705
1616 1322
548 782
1437 1712
553 797
1417 1907
559 780
1209 1973
674 652
678 657
1407 1977
612 755
484 1151
1669 1975
603 802
640 754
662 747
617 822
621 835
663 779
607 866
646 799
673 794
681 792
610 946
713 766
687 809
630 926
647 893
634 948
665 881
706 840
703 852
643 988
747 789
712 857
720 842
693 929
746 858
707 985
885 729
804 784
695 1049
717 993
731 945
661 1139
676 1142
718 1107
766 977
826 853
767 995
807 889
752 1051
974 761
735 1134
722 1203
729 1215
730 1224
738 1248
753 1220
784 1150
651 1755
785 1154
828 1176
788 1251
793 1264
732 1583
795 1281
858 1163
1017 1007
799 1386
1090 969
970 1165
1303 885
775 1738
812 1497
876 1342
946 1253
1463 864
841 1545
1300 975
982 1278
910 1408
920 1391
995 1286
944 1390
957 1373
1372 999
1007 1318
1397 1019
1018 1346
939 1511
980 1432
905 1636
998 1405
1490 1002
897 1701
1084 1307
953 1623
1077 1335
913 1746
1076 1348
1038 1463
1027 1503
1059 1559
1185 1323
1020 1698
907 1957
1115 1472
1070 1614
1051 1686
1082 1752
1193 1514
1152 1606
1133 1685
1056 1908
1162 1705
1238 1616
1044 1968
1198 1726
1068 1946
1430 1446
1089 1960
1061 1988
1218 1739
1188 1844
1106 1966
1154 1895
1261 1753
1236 1788
1289 1827
1295 1845
1335 1847
1233 1964
1457 1768
1317 1936
1601 1634
1545 1773
1595 1981
751210311 1305823326
1
sift 539
102 82
33 32
2 3
264 226
67 67
11 13
303 243
61 71
12 14
326 323
81 65
17 18
529 375
174 143
24 21
547 373
250 177
26 27
632 466
223 187
40 31
587 587
222 218
34 36
973 1049
212 215
29 41
747 832
262 245
41 44
1408 1620
267 296
43 48
308 335
54 45
361 387
46 55
417 338
49 49
390 406
44 62
436 424
70 57
454 457
63 70
493 478
110 59
472 470
75 76
508 477
78 84
524 551
100 85
567 531
103 86
543 583
105 88
578 617
95 92
704 529
113 89
625 595
115 99
565 702
114 113
644 650
107 124
659 598
150 94
622 692
128 119
645 679
134 121
685 684
138 120
689 750
106 167
783 685
137 127
758 732
144 122
899 751
157 129
938 618
126 160
721 1038
156 133
992 620
136 163
894 882
169 134
741 840
165 141
940 1045
133 223
838 765
168 170
976 1022
177 158
949 797
182 155
951 1084
171 183
927 934
179 173
1058 978
180 180
1024 898
186 174
1037 1018
154 237
1005 956
188 181
1132 953
183 193
1095 883
181 201
1319 1019
172 232
1073 1269
192 198
1415 1394
197 192
1466 1044
242 161
1437 1503
214 186
1526 1071
203 210
1506 1478
201 219
1390 1276
254 172
221 203
1357 1684
217 222
238 212
1534 1721
279 199
240 229
1613 1647
205 262
218 249
246 238
256 231
235 254
249 246
233 266
244 284
281 253
274 259
278 273
288 264
253 297
251 301
282 283
260 304
265 302
296 286
277 311
311 280
290 307
285 322
393 267
318 320
337 300
1163 171
341 313
354 334
355 336
335 353
336 352
343 348
334 369
358 351
384 328
360 356
352 367
376 343
435 305
386 349
363 379
369 374
370 377
488 293
424 329
422 332
359 397
385 385
397 383
378 392
362 418
434 365
367 413
457 350
377 431
476 355
404 408
410 420
396 461
429 427
450 425
445 437
494 394
430 463
453 434
433 484
452 446
444 472
415 509
477 436
516 410
518 417
561 400
458 502
475 497
382 682
501 485
517 480
491 504
462 528
541 495
514 508
470 560
624 433
484 549
506 534
533 517
525 523
480 577
351 1064
403 782
527 553
607 494
498 604
634 487
463 719
762 443
530 666
553 669
532 698
606 574
612 568
617 569
678 519
755 493
695 525
619 594
585 651
603 623
621 622
681 566
641 605
662 591
657 600
636 632
627 657
665 608
693 588
643 646
581 739
712 586
663 648
647 662
684 625
674 647
698 626
853 507
676 658
726 609
630 726
687 676
554 869
671 713
720 661
732 639
691 717
908 522
703 708
706 716
717 710
731 696
937 547
826 606
718 749
661 796
746 722
690 778
771 701
753 747
673 847
707 844
802 741
784 760
836 724
672 965
752 803
825 743
850 725
759 827
793 774
722 914
767 833
735 899
789 795
1034 681
804 792
777 873
775 879
834 783
730 994
740 972
817 811
885 766
818 826
798 866
754 1005
858 805
738 1051
819 867
963 768
803 924
795 979
901 830
919 816
844 895
873 876
827 948
898 860
865 902
1090 763
922 852
839 959
835 983
881 909
878 940
910 911
911 925
800 1123
830 1062
897 977
882 1004
863 1041
1013 872
921 980
939 970
812 1150
1060 854
1091 839
985 943
944 987
1019 908
1219 785
893 1059
892 1063
888 1074
998 954
1041 907
1036 941
982 999
1017 968
979 1013
1048 950
1249 810
1077 922
821 1295
953 1072
930 1096
1027 1000
947 1082
1135 891
1035 1006
1009 1033
856 1247
978 1069
975 1078
1020 1055
924 1169
1016 1079
1059 1034
1004 1087
1490 794
1113 996
1316 868
1204 931
1076 1040
986 1142
971 1157
1079 1056
1032 1122
1350 900
1228 985
1033 1176
1040 1168
1152 1048
1100 1125
1115 1116
1158 1086
1056 1222
1088 1174
1081 1197
1082 1198
1102 1152
958 1412
1104 1163
1064 1236
1238 1061
1018 1331
1054 1280
1188 1102
907 1606
1097 1218
1207 1106
1119 1184
1184 1131
988 1418
1084 1263
1092 1261
1193 1137
1161 1191
1202 1161
1198 1187
1114 1294
977 1597
1174 1239
1172 1284
1265 1208
1052 1513
1170 1307
1026 1601
1159 1322
1133 1369
1195 1298
1093 1452
1275 1234
1236 1267
1117 1409
1261 1249
952 1780
1295 1226
1262 1258
1068 1552
1298 1243
1106 1490
1257 1299
1331 1240
1253 1308
1220 1336
1240 1334
1186 1395
1315 1277
1402 1220
1334 1293
1074 1668
1209 1436
1218 1426
1070 1695
1450 1250
1183 1523
1075 1733
1317 1378
1215 1494
1323 1380
1199 1562
1333 1398
1110 1702
1373 1363
1289 1455
1330 1415
1203 1598
1393 1374
1250 1540
1154 1670
1362 1411
1267 1526
1332 1450
1272 1538
1138 1737
1427 1389
1574 1282
1307 1546
1372 1465
1288 1582
1497 1372
1356 1510
1465 1405
1343 1568
1389 1501
1341 1579
1351 1572
1353 1570
1270 1655
1469 1439
1401 1507
1374 1576
1286 1651
1448 1489
1407 1560
1335 1625
1493 1466
1377 1604
1495 1480
1491 1496
1451 1544
1480 1515
1424 1586
1290 1726
1434 1590
1338 1689
1468 1596
1519 1536
1665 1315
1514 1567
1633 1400
1541 1530
1385 1698
1360 1735
1536 1574
1459 1631
1433 1660
1647 1438
1641 1473
1659 1470
1577 1619
1614 1594
1606 1608
1583 1641
1605 1622
1425 1787
1525 1753
1603 1667
1543 1750
1552 1740
1474 1799
1661 1663
1648 1724
1664 1669
1651 1722
1669 1710
751210311 1689478995
1
sift 254
223 134
39 31
1415 1651
262 242
49 35
472 427
51 110
508 504
103 63
659 436
99 65
543 563
106 79
622 521
91 89
644 569
143 75
625 659
109 118
578 868
134 96
685 729
107 136
645 790
137 122
689 767
157 115
758 708
169 120
782 689
173 133
803 1091
156 147
837 755
181 138
1037 865
177 162
950 840
182 166
951 993
221 146
1005 836
183 198
940 1077
192 213
927 958
321 145
914 1254
180 308
1024 866
218 269
894 1478
240 256
862 1417
256 249
1437 1069
288 228
1319 1260
287 234
1261 1168
311 241
1616 1728
285 303
1353 1390
435 238
261 492
360 311
335 333
355 341
384 320
374 329
422 297
370 400
358 416
334 450
352 431
429 380
369 471
494 363
461 392
544 350
404 456
377 507
453 479
410 544
491 478
624 408
541 458
561 443
532 491
475 548
634 439
351 960
612 510
528 594
609 525
621 527
695 505
603 567
617 566
470 769
746 501
485 752
562 667
605 613
643 580
681 547
708 536
607 621
469 859
548 740
581 694
978 468
684 626
703 622
676 658
712 635
623 728
796 571
732 632
826 570
769 638
687 723
720 713
657 770
784 662
661 803
691 772
785 674
1146 554
707 869
717 846
719 855
753 800
680 1017
794 830
1490 568
672 1151
818 826
865 794
789 924
722 1138
884 822
1163 720
787 1054
998 791
1018 784
975 829
1028 798
911 913
1047 783
898 936
944 902
1039 820
1059 814
962 906
1007 867
735 1395
1002 887
754 1438
953 997
1115 862
1054 946
1133 871
1082 935
853 1220
873 1224
1076 979
1188 885
812 1431
878 1245
1100 974
982 1100
1251 886
1144 962
1079 1032
1218 928
1236 945
1084 1065
1152 989
1048 1111
989 1192
893 1407
1016 1178
1032 1154
897 1466
1038 1172
1013 1270
1065 1177
1179 1075
1299 1003
1295 1025
1004 1370
1040 1289
1088 1233
1120 1210
1056 1334
971 1525
1102 1247
1266 1104
1546 992
1275 1128
1240 1152
1237 1162
1195 1241
1639 976
957 1727
1317 1213
1172 1368
1069 1594
1397 1150
1220 1326
1529 1118
1333 1256
1187 1434
1330 1303
1334 1306
1138 1607
1248 1448
1209 1496
1267 1429
1581 1171
1159 1634
1372 1391
1517 1271
1203 1616
1199 1641
1385 1418
1425 1381
1387 1435
1407 1392
1360 1486
1684 1060
1272 1611
1183 1718
1427 1432
1424 1458
1491 1383
1156 1738
1633 1240
1262 1673
1583 1341
1608 1304
1286 1679
1500 1444
1426 1524
1525 1626
1554 1632
1522 1699
1625 1577
1574 1666
1603 1622
1681 1388
1610 1704
751210311 2019709110
1
sift 322
270 217
199 124
15 15
355 287
103 118
19 13
632 661
245 228
41 37
493 344
134 119
55 52
973 973
417 274
78 70
506 338
170 128
90 81
1254 810
436 330
95 86
635 430
197 138
128 79
500 324
136 80
732 523
256 159
138 87
524 318
137 120
771 677
369 279
172 105
508 345
171 111
747 1085
360 290
179 113
591 406
166 149
1163 726
376 348
183 167
659 574
188 162
1393 1585
405 350
192 158
820 588
189 193
1641 1909
530 379
235 153
894 583
247 165
602 627
249 191
837 658
277 219
695 537
253 247
899 629
348 184
776 567
266 246
976 865
300 262
819 590
318 266
928 979
337 256
818 676
296 302
1005 948
328 278
963 702
309 335
1526 755
329 319
1003 852
424 272
1319 955
370 342
982 943
335 365
1201 1060
386 373
1170 1030
363 392
1021 1596
359 412
1252 964
367 401
1627 971
392 386
1159 1081
397 405
1616 1580
408 402
1064 1257
463 377
460 399
1104 1209
458 407
518 368
1174 1162
453 417
433 449
1199 1265
477 416
429 473
1450 1094
475 423
440 455
1351 1175
499 408
452 452
1209 1374
519 437
503 444
1172 1443
498 467
491 502
1340 1302
517 483
494 503
1237 1446
533 485
480 564
1272 1481
641 441
501 596
1374 1404
726 419
755 415
1448 1393
636 495
664 492
1287 1669
556 654
562 681
1564 1468
548 745
676 540
1614 1920
720 524
600 667
585 704
554 808
657 682
630 738
718 645
663 739
470 1498
650 777
624 885
627 899
731 740
759 695
753 741
661 887
735 769
662 910
775 728
647 947
789 762
706 928
722 912
784 781
717 950
836 757
802 790
672 1115
740 911
752 933
903 731
690 1177
985 697
673 1299
785 922
738 1146
898 813
678 1427
997 760
767 1084
712 1357
930 838
835 960
848 939
790 1075
893 907
825 1024
885 929
921 890
778 1256
913 927
769 1332
840 1100
911 995
1350 722
1009 930
971 967
1051 877
939 1012
889 1143
882 1182
827 1316
795 1432
892 1193
812 1415
1113 905
905 1213
858 1310
1044 996
936 1168
975 1192
1012 1227
1126 1046
1348 883
989 1274
1088 1160
1016 1295
1102 1140
1097 1155
1040 1267
863 1716
998 1364
944 1491
1228 1053
1036 1320
953 1552
1026 1397
1030 1414
948 1600
1061 1365
1017 1528
1327 1111
1059 1459
1048 1489
1161 1297
1386 1122
1182 1314
1162 1333
1100 1453
986 1800
1434 1125
959 1929
1220 1336
1063 1664
1076 1645
1135 1504
955 2012
1291 1317
1188 1471
1082 1727
1138 1595
1046 1869
1181 1536
1078 1838
1193 1557
1373 1359
1052 1933
1275 1458
1256 1486
1361 1416
1268 1521
1389 1400
1218 1598
1202 1666
1333 1478
1207 1696
1460 1385
1240 1654
1219 1676
1092 1991
1368 1502
1330 1624
1387 1540
1236 1752
1106 2022
1232 1772
1451 1479
1068 2121
1652 1282
1298 1698
1280 1753
1475 1513
1396 1612
1371 1662
1574 1450
1610 1413
1179 2040
1119 2139
1317 1858
1478 1635
1381 1768
1427 1710
1499 1630
1255 1963
1186 2114
1493 1733
1628 1526
1289 2034
1484 1779
1624 1570
1503 1815
1481 1913
1352 2090
1519 1884
1568 1823
1592 1780
1569 1880
1606 1818
1619 1824
1425 2155
1659 1875
1633 2025
1617 2107
1649 2098
1580 2175
1667 2166
751210311 2045004962
1
sift 67
454 530
26 54
110 131
115 175
48 77
472 571
138 137
158 229
134 143
122 158
543 744
179 253
277 337
197 321
154 424
536 841
185 398
797 1929
1416 170
407 296
644 842
372 399
1634 1052
334 592
335 487
686 849
338 572
1353 1461
541 696
478 614
894 673
556 568
608 987
457 774
1095 1710
533 623
603 1505
1668 335
647 689
834 1389
673 777
643 921
962 1650
731 801
774 762
1053 1746
858 658
882 645
1261 1565
630 1620
795 1249
1684 1909
785 1362
841 1300
784 1516
1228 898
1372 972
850 1868
1084 1416
920 1787
1133 1444
1028 1751
1359 1317
1251 1521
1624 1333
1429 1574
1336 1892
751210311 2124113243
1
sift 186
838 492
15 13
128 110
41 29
78 48
197 105
109 96
183 137
230 122
189 182
218 129
256 120
300 207
348 126
318 197
337 208
369 191
404 235
335 310
376 261
530 240
352 332
367 345
453 337
394 330
363 369
475 389
600 285
499 322
623 388
440 377
403 460
777 343
519 350
429 445
819 361
481 393
452 474
1025 363
498 411
480 485
848 427
491 504
533 476
818 458
463 579
527 537
880 434
556 502
664 461
1252 429
513 700
548 652
844 590
585 640
544 766
1080 557
718 513
630 674
1012 610
708 621
775 558
893 774
707 638
643 795
1159 733
647 810
985 497
1509 630
690 770
627 930
1088 890
684 809
663 874
1332 760
722 775
789 634
1102 882
738 736
740 801
1174 858
735 816
769 779
1161 866
703 984
835 713
1450 776
731 998
706 1105
1351 825
952 703
790 914
1341 851
752 1077
673 1494
1448 926
921 834
799 1056
1287 1071
767 1319
795 1243
1220 1117
1396 632
892 1027
1475 953
920 1061
839 1345
1330 1120
907 1249
989 1202
1172 1297
813 1692
1040 1175
1153 1418
827 1636
979 1300
1628 1022
957 1401
859 1657
1370 1308
1061 1236
1074 1228
1592 1245
863 1708
876 1671
1181 1135
1016 1440
998 1479
1097 1324
953 1594
1052 1428
1138 1313
1026 1518
975 1661
1059 1497
872 2176
926 1940
1069 1550
996 1775
1256 1346
980 1870
1262 1354
1078 1698
993 1981
1039 1851
1100 1727
1063 1861
1582 1219
1280 1500
1389 1423
1092 1930
1133 1819
1193 1754
1320 1591
1068 2115
1574 1419
1082 2201
1106 2133
1018 2423
1255 1797
1427 1598
1387 1697
1486 1600
1438 1655
1294 1911
1377 1816
1368 1878
1519 1688
1555 1674
1460 1811
1202 2263
1478 1943
1571 1806
1482 1955
1522 1900
1581 1840
1609 1839
1599 1970
1335 2396
1495 2205
1470 2260
1617 2099
1649 2179
1584 2334
1598 2349
1662 2282
751210311 2130703568
1
sift 57
472 581
89 102
110 107
134 142
157 170
543 878
138 125
158 173
536 1040
216 230
686 1345
385 213
277 526
772 1819
335 776
940 2014
372 395
650 602
1616 2003
682 435
457 760
533 691
620 646
796 569
774 681
664 869
643 993
641 1017
605 1204
617 1252
731 915
720 1015
858 811
694 1207
681 1280
793 1157
785 1365
795 1566
841 1526
876 1469
975 1367
898 1575
1406 1138
1038 1610
1218 1370
1048 1682
1185 1430
1059 1688
1027 1843
1063 1805
1295 1489
1134 1788
1350 1586
1194 2011
1429 1839
1543 1769
1511 1809
751210311 2146998783
1
sift 52
63 104
110 138
105 123
138 131
158 228
179 235
217 185
311 262
277 485
358 412
408 364
372 407
476 360
400 519
743 397
457 768
620 653
460 1330
673 713
796 606
636 807
643 819
648 901
663 889
684 888
731 803
617 1121
703 923
785 1156
795 1191
882 1088
799 1277
944 1133
841 1444
901 1378
1079 1092
1018 1229
865 1569
975 1457
1152 1172
1076 1349
1077 1350
979 1529
1115 1303
1054 1441
1133 1445
1027 1614
1295 1385
1465 1456
1443 1499
1429 1591
1543 1542
