78293061 115006752
1
sift 95
152 257
62 110
100 143
92 178
301 346
216 287
102 185
396 365
118 197
433 351
256 373
128 213
342 500
129 223
413 606
2131 254
143 251
399 649
141 289
415 622
151 268
582 434
187 283
574 480
183 317
594 498
227 358
418 1046
212 416
561 769
245 437
703 490
279 386
746 548
275 520
666 630
374 598
680 635
383 659
838 576
421 658
858 558
512 617
632 882
452 1205
803 689
519 1285
833 664
670 1406
918 645
800 1388
862 694
1085 1019
847 765
919 1108
920 749
1250 1000
1066 697
865 901
944 833
872 972
992 817
990 887
1022 879
1087 897
1124 928
1105 952
844 1449
1264 920
1184 1001
1237 1012
1177 1099
1317 1017
1813 959
1474 1167
1484 1202
1617 1143
1558 1198
1590 1195
1512 1274
2166 1035
1755 1152
1216 1637
2042 1211
1724 1459
1891 1430
1657 1592
1905 1445
1947 1428
1745 1585
2169 1347
1819 1643
2163 1617
2044 1718
1982 1737
78293061 136395905
1
sift 131
126 213
62 108
40 46
271 294
66 109
190 286
92 141
100 145
554 1709
118 158
256 448
141 149
235 307
129 221
372 677
172 281
309 420
183 272
611 820
193 256
392 371
245 306
545 1395
227 361
327 492
287 312
735 1479
276 385
402 414
275 447
332 347
388 546
333 431
383 536
457 582
374 618
400 643
446 687
422 590
421 657
541 539
519 513
442 680
413 888
521 543
548 818
565 559
536 723
626 662
503 826
695 616
588 847
680 647
1261 440
629 1007
665 681
752 615
671 1186
450 1656
690 690
667 1436
683 754
977 566
896 1282
747 749
847 720
709 985
822 798
797 899
835 851
753 1028
838 870
831 923
770 1065
637 1585
1254 718
792 1161
898 959
1066 830
911 1011
866 1095
973 978
993 1004
917 1114
1107 1024
920 1224
1080 1044
922 1249
826 1573
1048 1138
1021 1184
1036 1166
972 1285
750 1816
1103 1176
1126 1214
1022 1408
1068 1367
1054 1416
1041 1459
1177 1292
1199 1287
1200 1366
1341 1240
1241 1439
1331 1350
1196 1549
1105 1724
1265 1514
2103 1057
1525 1369
1657 1343
1249 1763
1698 1393
1479 1617
1737 1525
1974 1405
1951 1456
1509 1782
2157 1397
1592 1762
2076 1499
1991 1556
2036 1528
1634 1790
1794 1706
1667 1800
1904 1723
1837 1756
2042 1693
2122 1758
78293061 251570085
1
sift 76
92 186
21 23
103 183
84 69
116 84
99 166
254 185
277 192
322 277
301 331
428 265
478 267
396 345
438 333
559 480
620 624
666 581
680 611
745 580
803 570
746 688
858 592
756 697
918 701
838 798
822 830
833 816
861 784
792 917
865 881
873 909
920 885
938 898
749 1271
990 922
1080 858
992 968
1022 970
1087 941
1125 931
1105 976
1218 877
1031 1071
1241 978
1018 1167
989 1339
1184 1119
1403 979
1322 1086
1196 1183
1509 1083
1317 1235
1191 1738
1952 1166
1584 1364
1737 1243
1544 1428
1755 1280
1987 1213
1591 1521
1558 1548
1813 1401
1724 1484
1506 1680
1593 1619
1471 1763
1745 1644
2030 1458
1905 1562
1694 1741
1820 1674
1819 1745
2094 1654
2141 1685
2061 1752
2044 1769
78293061 304795499
1
sift 118
126 196
92 143
21 23
118 161
41 39
140 169
129 211
66 115
128 212
172 261
256 431
183 259
228 276
193 244
235 268
372 734
231 327
351 291
275 444
287 308
276 374
309 353
383 599
392 351
333 424
402 384
374 636
327 506
400 692
388 576
629 1032
553 404
421 674
502 455
670 1229
342 1099
519 515
446 696
846 1730
442 723
521 575
541 585
565 587
588 810
543 721
503 867
626 1113
536 837
695 574
788 549
665 725
752 638
747 694
680 776
683 819
746 789
673 1016
749 925
709 1019
831 857
872 833
792 962
835 910
661 1301
637 1695
862 1021
847 1080
782 1261
1066 855
753 1347
806 1285
926 1046
973 1039
911 1147
1036 1029
890 1246
1123 1017
920 1251
876 1351
1032 1149
826 1593
1080 1120
972 1310
944 1388
993 1314
1021 1304
1254 1087
1130 1233
1107 1334
1041 1519
2103 893
1773 1003
1519 1108
1022 1645
1200 1360
1259 1383
1388 1287
1203 1539
1172 1618
1265 1583
1341 1485
1530 1413
1450 1600
1589 1513
1667 1610
1560 1688
1585 1694
2036 1586
2076 1612
2042 1726
2049 1728
2060 1731
1947 1803
1737 1844
2033 1780
2122 1777
2238 1842
2252 1826
78293061 517252654
1
sift 77
126 198
92 121
11 24
272 406
118 190
93 59
190 282
129 201
116 89
330 699
128 208
100 100
216 373
141 249
165 91
545 1147
170 239
228 161
256 441
172 274
248 242
183 275
254 264
373 635
286 393
291 353
284 552
351 396
687 889
349 487
378 391
327 513
301 575
795 944
400 533
477 358
422 496
413 566
823 1258
333 757
412 532
374 634
482 447
910 1153
383 677
388 629
421 651
543 404
1038 1269
442 637
577 672
519 568
703 657
521 604
632 786
520 987
546 1078
515 1026
664 897
702 906
745 800
629 1067
749 814
637 1140
828 805
670 1051
970 904
672 1109
1028 997
2005 1338
975 1162
1043 1285
1032 1117
1053 1201
1198 1072
1706 958
1345 1122
78293061 579717169
1
sift 68
152 329
14 36
21 29
41 61
100 133
190 274
92 156
228 306
118 188
252 523
256 393
129 196
402 429
128 265
416 433
998 719
151 220
360 519
141 241
358 673
143 250
387 491
146 266
413 571
187 233
543 499
172 291
552 535
183 287
693 520
227 342
512 628
240 324
802 551
279 302
892 705
245 371
935 677
276 360
782 1356
275 425
1228 997
332 365
1370 1369
386 379
1137 1762
349 482
1611 1445
333 505
1682 1597
520 412
1803 1671
383 582
374 647
421 618
519 593
521 694
486 944
548 873
527 1035
626 814
670 1081
667 1218
967 1694
952 1849
1188 1927
1127 1991
1158 1996
78293061 670484749
1
sift 73
190 216
128 211
100 163
189 145
170 286
156 284
256 358
433 437
228 255
703 737
304 369
250 281
545 714
585 922
238 368
1028 1003
626 775
280 445
956 1398
885 1501
341 392
1111 1691
327 456
296 643
413 548
391 605
529 417
697 379
431 759
591 583
561 747
541 803
546 823
446 1417
564 830
582 1069
683 954
664 1104
689 1155
845 868
695 1173
799 1005
870 935
713 1442
752 1289
753 1318
1117 800
715 1570
1066 937
833 1338
806 1493
824 1434
852 1337
970 1142
861 1379
822 1557
865 1475
790 1750
868 1523
947 1288
928 1395
1136 1112
1223 1196
989 1698
1021 1736
1311 1342
1618 1227
1292 1586
1173 1751
1614 1542
1682 1513
1754 1469
1523 1721
78293061 936120456
1
sift 65
51 79
14 48
41 70
66 123
43 95
256 408
92 169
108 122
129 193
192 299
316 324
118 261
131 202
151 215
313 449
401 556
128 269
649 694
141 237
426 1584
372 1001
143 245
1330 819
187 233
795 1057
823 1083
172 305
1043 1707
183 297
910 1149
1038 1183
240 343
1625 1165
227 385
1212 1675
959 1853
245 387
1532 1382
276 371
1420 1776
1429 1830
275 439
1533 1939
332 354
2057 1928
333 489
520 351
383 590
374 650
421 668
464 559
512 566
519 562
521 621
486 837
548 880
629 1068
712 990
670 1091
667 1284
653 1394
1370 941
896 1589
967 1784
1046 1892
78293061 1029832138
1
sift 62
190 230
92 149
21 39
41 61
26 40
216 269
102 160
66 120
118 175
100 123
256 360
129 184
156 211
128 217
228 238
143 208
235 289
151 202
342 564
141 223
402 453
187 203
413 506
172 242
463 541
146 358
546 810
183 252
656 755
245 349
586 957
279 292
551 1442
240 395
750 954
276 330
970 1099
332 382
1682 1072
386 351
1043 1676
520 371
1539 1730
349 618
1212 1738
383 550
374 608
421 587
464 565
452 713
512 659
519 675
581 603
521 784
548 805
626 909
670 1036
653 1154
810 1025
712 1474
952 1702
1156 1804
78293061 1150832366
1
sift 87
107 134
99 89
687 816
217 209
116 96
289 309
208 172
796 962
352 466
178 240
368 325
254 206
823 1045
761 1077
302 179
357 417
223 277
910 1143
322 304
860 1046
313 380
396 454
1038 1310
438 447
559 560
1118 1536
606 597
745 614
1153 1581
664 699
666 712
649 769
747 725
752 840
803 838
822 806
858 784
847 880
918 792
861 885
792 1137
749 1213
865 966
838 1025
833 1068
873 1037
1066 857
920 1091
1103 878
992 1017
944 1126
829 1403
1125 948
898 1292
1087 1052
1105 1059
1070 1095
1218 1070
941 1469
1184 1152
1241 1170
1022 1471
1403 1107
1237 1250
1177 1305
1200 1303
1196 1314
1317 1238
1509 1276
1617 1330
1248 1726
1474 1525
1331 1662
1724 1412
1813 1422
1506 1652
1544 1645
1755 1508
1558 1665
1952 1540
1737 1679
1650 1739
2141 1533
1990 1647
2030 1619
1947 1676
2163 1547
78293061 1186326363
1
sift 93
152 268
14 28
100 132
92 164
96 145
216 296
102 171
109 266
118 190
131 226
256 378
129 210
235 779
128 212
342 488
1099 1726
143 234
413 579
151 250
399 636
141 278
415 671
172 267
595 403
187 276
416 686
183 299
574 439
212 388
418 1073
227 364
666 493
245 414
673 528
279 376
620 614
262 494
746 506
374 608
680 618
383 639
838 518
421 663
833 626
512 807
847 710
520 847
749 981
519 1069
864 786
521 1367
944 716
670 1291
918 761
667 1544
1066 680
800 1452
873 856
1145 1620
920 798
1436 874
1022 818
992 860
1087 908
844 1256
1124 983
1105 1031
1177 1012
1506 849
1519 987
1584 1032
1508 1080
1492 1167
1216 1436
1331 1296
1558 1175
1484 1306
1544 1294
1617 1313
1813 1229
1891 1322
2042 1245
1819 1419
1657 1535
1724 1486
1905 1401
1947 1449
2030 1442
2168 1355
2037 1505
2163 1471
1820 1707
2044 1720
78293061 1474416471
1
sift 77
635 907
703 562
84 54
166 150
1085 1105
178 194
254 154
315 233
322 245
428 248
478 283
593 428
582 453
620 583
666 571
746 568
696 629
756 623
838 570
822 619
680 837
793 735
862 670
833 730
918 672
865 816
992 771
920 869
944 856
873 991
1103 755
990 846
1080 787
1105 883
1042 956
1031 989
1087 970
1125 1032
1241 926
941 1343
1243 1110
1367 1054
1177 1285
1317 1158
1265 1274
1216 1334
1506 1181
1272 1484
1331 1404
1525 1252
1484 1303
1724 1196
1813 1179
1952 1136
1558 1338
1755 1276
1356 1608
1617 1427
1792 1375
1657 1489
1924 1313
2163 1205
2030 1289
1593 1623
1947 1397
1650 1636
2077 1353
1891 1514
1561 1718
2042 1433
1782 1609
1929 1545
1820 1620
2098 1473
1975 1577
2168 1567
2061 1711
78293061 1523815439
1
sift 68
178 232
254 185
315 279
322 294
428 291
593 420
556 460
574 470
620 632
680 581
698 573
666 630
746 612
803 590
838 644
862 663
833 705
847 820
872 808
865 842
944 764
918 851
992 810
1066 762
1080 767
1022 823
1104 787
990 909
920 1010
898 1067
1087 866
1105 885
1124 1071
1241 998
941 1281
1317 1014
1264 1133
1177 1198
1017 1440
1525 1097
1331 1335
1617 1261
1558 1273
1492 1357
1544 1331
1356 1497
1484 1397
1724 1269
1813 1234
1755 1258
1272 1703
1593 1371
1591 1404
1819 1424
1456 1721
2077 1291
1657 1645
1704 1618
1471 1798
1951 1525
2168 1414
1905 1617
1947 1643
1881 1704
2141 1578
2044 1647
2163 1606
2061 1755
78293061 1643728630
1
sift 597
73 78
45 55
5 8
75 82
90 105
20 18
107 115
92 110
21 23
130 124
170 211
40 38
140 130
102 128
44 41
200 182
189 200
46 46
195 213
118 131
50 48
217 219
284 371
82 94
289 178
129 136
100 121
246 220
286 375
97 126
256 279
128 140
111 116
352 262
294 370
116 118
272 302
141 155
106 134
379 305
516 648
134 139
304 320
143 159
131 146
377 309
573 661
135 142
316 344
151 165
147 153
510 328
581 682
205 150
372 397
172 206
192 163
357 471
675 719
176 184
389 434
187 202
188 185
524 482
810 1073
199 176
430 426
183 204
182 192
615 456
1026 1130
223 162
549 549
193 199
185 201
587 578
1297 1102
204 209
569 580
231 224
225 195
592 681
1577 1085
179 240
734 614
227 299
270 170
761 702
1953 1376
203 237
710 777
262 275
209 223
795 792
1771 1830
238 247
735 745
268 327
254 239
1169 644
1877 1807
255 249
772 749
275 324
263 233
823 831
249 260
1064 732
279 318
260 269
910 895
253 278
927 827
276 364
293 254
966 867
300 248
936 837
273 374
301 251
996 1084
274 296
860 955
271 378
313 270
1038 1044
309 291
997 893
333 334
280 317
1153 1469
361 268
871 1043
343 342
296 308
1459 1325
318 298
956 965
332 458
281 349
1429 1365
311 303
999 979
383 405
336 295
1420 1442
308 321
1039 952
498 365
297 337
1623 1417
334 312
1024 984
400 451
365 314
1809 1521
327 351
998 1055
421 443
330 354
1689 1776
214 742
1099 988
422 489
378 350
2109 1543
326 398
1118 1023
442 480
387 358
1851 1864
322 421
1193 1089
520 409
410 340
2237 1882
342 401
1192 1096
452 554
363 400
370 393
1111 1183
464 527
393 379
394 383
1181 1197
512 529
376 403
388 399
1110 1320
653 430
405 396
404 410
1101 1358
521 585
414 415
418 417
1161 1309
662 472
396 445
432 411
1236 1237
548 587
413 433
438 432
1206 1312
588 631
415 473
436 466
1395 1202
629 615
459 440
416 495
1288 1401
626 766
402 540
458 468
1353 1338
670 711
408 573
428 547
1495 1287
672 720
463 511
509 470
1255 1574
712 705
511 469
483 500
1439 1415
1000 781
547 446
482 504
1458 1492
909 825
535 467
513 493
1397 1682
846 912
490 513
492 515
1635 1482
897 963
495 521
508 508
1695 1494
942 977
518 507
446 603
1671 1579
967 995
553 503
546 516
1527 1770
985 989
536 533
577 492
1722 1648
952 1040
467 600
551 522
1607 1767
969 1034
543 545
684 427
1727 1662
1013 1026
557 537
504 588
1741 1679
978 1125
621 491
568 553
1780 1681
1156 1029
559 559
561 571
1772 1704
1093 1106
574 575
590 617
1789 1824
1127 1083
593 625
700 595
2075 1708
1114 1157
813 552
661 626
1159 1138
660 633
649 675
1434 1012
637 687
639 688
1174 1279
680 657
627 718
1185 1291
694 655
645 704
1282 1217
683 677
743 630
1187 1369
658 698
640 765
1271 1307
612 812
749 667
1233 1397
756 663
642 789
1443 1219
718 707
673 755
1379 1362
746 715
745 721
1273 1547
674 795
747 728
1260 1597
678 802
770 710
1281 1591
786 726
773 762
1448 1458
913 651
697 834
1534 1456
845 717
806 785
1466 1510
693 888
779 809
1564 1443
681 919
759 817
1436 1545
825 768
834 770
1536 1493
1077 637
783 833
1499 1536
789 828
863 757
1470 1616
764 866
862 788
1540 1564
838 811
606 1261
1569 1550
803 864
685 1046
1504 1678
865 814
1083 696
1882 1418
949 783
814 909
1739 1523
842 892
1032 763
1663 1617
893 856
937 818
1648 1635
922 843
876 896
1693 1646
852 924
928 850
1916 1540
947 839
877 913
1659 1805
891 923
991 862
1867 1675
1022 844
962 884
1729 1823
1035 841
971 887
1838 1779
850 1056
892 1000
1972 1676
837 1123
980 932
1885 1815
1012 915
918 1014
1764 1916
926 1003
983 940
1823 1896
988 950
975 962
1883 1884
1025 929
989 978
1849 1915
1081 920
1053 935
1944 1870
1042 943
919 1087
2002 1904
1059 936
972 1027
2071 1885
965 1058
895 1165
2162 1879
1080 954
1254 877
2197 1934
1126 938
939 1121
1054 1002
1048 1022
1087 986
1335 852
1241 899
1004 1095
1049 1063
1205 937
933 1208
954 1198
1105 1074
1248 968
925 1306
1043 1149
1122 1080
1182 1030
1171 1045
1330 944
1334 942
1148 1093
1264 1009
1071 1172
1121 1132
1132 1134
1362 958
1209 1077
1403 953
1200 1109
1296 1054
1216 1113
1247 1098
1184 1159
1326 1051
1196 1166
1415 1006
1363 1061
916 1701
1198 1200
1136 1303
1211 1226
1661 980
1287 1181
1387 1108
1237 1230
1256 1231
1277 1240
1315 1201
1451 1141
1465 1136
1351 1193
1257 1299
1327 1221
1230 1367
1519 1152
1244 1371
1337 1269
1065 1691
1317 1318
1514 1177
1557 1167
1149 1559
1262 1389
1219 1445
1320 1345
1150 1588
2040 1007
1309 1384
1345 1343
1183 1566
1508 1247
1419 1302
1421 1319
1715 1169
1365 1381
1479 1316
1306 1489
1533 1296
1407 1402
1560 1321
1390 1440
1357 1476
1383 1462
1588 1327
1542 1377
1373 1520
1865 1232
1786 1264
1561 1407
1875 1253
1399 1562
1544 1438
1598 1412
1573 1432
1539 1457
1738 1332
1371 1630
1643 1427
1418 1618
1551 1505
1788 1355
1636 1471
1694 1447
1545 1567
1837 1368
1325 1813
1481 1650
1522 1603
1427 1687
1793 1398
1976 1322
1756 1436
1546 1626
1908 1374
1811 1425
1737 1475
1463 1740
2108 1297
1668 1575
1669 1615
1717 1572
1974 1410
1755 1573
1880 1500
1612 1721
1829 1525
1795 1556
1745 1607
2008 1435
1619 1749
1339 1943
1760 1625
1698 1699
1773 1629
1855 1585
1952 1516
1904 1558
1819 1612
1609 1811
1414 1940
2058 1508
1870 1669
1909 1641
1758 1756
1731 1792
1676 1844
1903 1671
2036 1570
1958 1649
1724 1826
1706 1850
1774 1793
2148 1517
1932 1711
1866 1786
2117 1578
2063 1633
1783 1852
2227 1504
2052 1696
2199 1592
2082 1724
1984 1822
2060 1769
2141 1718
2163 1717
2034 1837
2143 1766
1776 1944
2180 1763
2160 1871
2144 1905
2172 1887
2252 1876
78293061 1716575903
1
sift 409
73 99
18 36
1 2
75 102
90 165
4 12
107 130
45 78
9 16
130 142
102 155
11 19
126 224
92 140
16 21
200 221
124 162
21 34
140 211
118 178
22 33
217 240
141 191
26 38
216 257
129 197
27 40
353 270
143 205
33 55
195 332
151 212
42 56
377 359
167 198
43 68
246 259
189 164
54 54
379 415
170 268
55 59
256 417
172 276
56 86
389 472
271 425
84 66
272 473
183 282
59 112
510 469
310 371
64 106
384 434
193 296
66 113
455 535
284 528
91 123
372 686
231 340
96 124
524 616
286 532
87 146
440 935
227 363
116 118
761 1018
343 557
93 153
533 710
245 407
100 152
823 1362
433 438
127 120
549 719
287 373
109 161
966 1508
383 610
121 167
592 882
268 428
135 147
996 1654
374 648
138 158
569 1333
276 429
133 176
1568 1401
520 474
131 190
635 1042
273 461
175 174
2146 1144
464 695
177 180
611 1206
332 419
166 238
2090 1994
486 722
178 230
710 1110
331 503
205 216
506 980
186 243
1063 790
498 436
185 258
544 860
223 213
735 1435
400 649
176 304
548 911
192 283
927 1046
422 643
194 298
515 1215
199 317
772 1627
421 678
250 247
530 1187
225 295
860 1299
442 752
228 301
629 1047
266 250
871 1645
512 762
209 348
585 1436
248 291
1039 1585
519 807
254 293
653 1106
235 339
998 1800
521 826
255 305
670 1155
249 333
1099 1580
662 658
270 308
580 1971
244 416
956 2009
588 1070
322 280
675 1311
313 327
1118 1772
626 1073
263 422
682 1651
301 380
1501 1660
908 1341
311 448
1028 1426
438 309
846 1723
307 481
897 1825
336 412
960 1640
300 579
985 1655
351 458
952 1869
362 441
1026 2030
371 423
967 1966
318 533
1045 2034
326 516
1260 1582
410 391
1093 2032
341 501
319 573
365 467
448 364
387 466
376 489
339 554
342 560
330 601
363 522
346 585
391 494
303 831
347 607
345 628
458 437
355 657
402 543
423 513
1002 267
408 552
436 514
388 629
427 524
416 565
405 600
390 702
396 684
329 1008
428 586
414 650
399 741
398 742
413 700
467 542
474 556
451 627
518 506
431 701
432 703
418 780
463 633
415 811
535 527
482 609
526 536
446 820
513 640
568 589
557 631
492 817
619 576
505 835
483 901
552 736
480 915
543 766
555 744
490 921
504 933
502 999
541 873
488 1043
553 894
565 883
536 983
693 638
603 809
559 982
551 1038
707 689
462 1794
651 794
590 929
620 872
625 920
649 885
639 936
722 814
608 1055
586 1344
644 1076
689 995
680 1064
963 692
694 1029
664 1103
786 890
658 1162
745 973
606 1412
686 1115
739 1000
746 1012
1778 510
621 1431
660 1239
645 1313
756 1023
637 1414
899 848
631 1594
700 1259
752 1164
683 1406
943 856
706 1335
747 1230
777 1194
814 1119
779 1238
770 1254
696 1516
813 1152
774 1253
918 971
801 1226
831 1130
715 1511
884 1030
847 1113
857 1093
744 1443
838 1166
812 1269
717 1690
822 1301
859 1237
792 1499
828 1338
750 1673
869 1243
1083 969
782 1610
691 2042
977 1090
803 1546
753 1758
900 1228
806 1589
891 1272
764 1820
862 1430
894 1349
949 1245
911 1337
849 1562
835 1687
1027 1195
890 1457
1486 876
947 1321
920 1444
892 1531
808 1996
1016 1280
975 1358
872 1781
876 1773
1231 1108
907 1711
973 1532
1017 1432
850 1978
1151 1258
941 1675
1074 1388
926 1788
1022 1535
913 1882
1182 1276
972 1688
1012 1577
1066 1480
970 1724
990 1685
1335 1190
992 1779
964 1900
1021 1729
944 1945
1015 1756
1136 1518
1261 1339
1177 1496
988 1943
1036 1840
1059 1798
1171 1607
1080 1834
1126 1736
1041 1955
1122 1783
1053 1961
1104 1879
1363 1392
1043 2025
1148 1934
1334 1561
1533 1399
1346 1592
1241 1861
1228 1975
1421 1759
1247 2040
1341 1999
1859 1491
1492 1851
1450 1941
1406 1985
1419 2037
2103 1519
1753 1811
1631 2062
1786 1991
2062 1774
1873 1970
78293061 1785851268
1
sift 96
75 83
47 58
217 219
289 303
84 105
107 166
99 107
687 771
761 1016
116 111
357 433
208 183
823 1090
254 201
795 846
277 247
910 1027
322 312
860 956
345 368
1420 1448
313 429
1038 1103
396 441
438 408
1153 1228
698 455
559 596
606 547
628 570
666 643
745 611
649 724
756 663
664 794
747 703
822 765
833 774
858 784
803 890
847 827
918 744
861 814
793 955
817 963
873 976
920 930
944 950
991 936
992 985
1124 872
1104 889
990 1014
1031 965
1087 967
1080 983
1218 877
1403 783
1105 1019
898 1250
941 1176
1184 1080
1398 1003
1243 1122
1070 1319
1177 1209
1317 1107
1171 1261
1107 1469
1200 1331
1223 1395
1322 1278
1509 1183
1361 1329
1293 1428
1191 1537
1585 1259
1510 1339
2116 1099
1331 1540
1813 1217
1617 1430
1544 1526
1752 1429
1724 1449
1506 1569
1755 1446
1650 1572
1533 1631
2077 1440
1787 1576
1952 1517
2034 1492
2042 1528
1990 1625
2168 1584
78293061 1799436415
1
sift 67
126 187
118 157
11 15
129 209
21 25
140 186
172 280
228 189
183 267
291 361
545 1434
193 279
402 336
262 326
477 313
735 1383
276 338
327 545
275 435
329 671
332 365
388 532
333 415
511 411
383 596
543 642
374 625
574 622
400 614
536 900
422 583
831 735
519 461
793 828
421 639
954 677
521 491
753 955
442 617
835 870
520 759
921 775
588 676
918 818
486 1006
1066 739
626 824
637 1485
629 994
767 1280
671 1092
1032 973
952 1521
847 1262
975 1412
1041 1087
1577 1353
1022 1530
1043 1518
989 1595
2103 942
1519 1219
1560 1310
1177 1622
1803 1372
1715 1554
1974 1509
78293061 1861578657
1
sift 262
126 210
45 71
11 12
217 238
22 27
140 190
92 144
40 54
271 310
43 66
190 280
118 174
56 84
464 778
66 126
195 283
129 202
116 110
520 700
100 148
256 421
143 191
127 143
966 1289
165 151
357 449
128 233
175 168
1446 979
151 189
304 597
167 201
148 195
1495 1614
182 231
372 640
172 273
192 240
183 262
592 941
193 277
185 270
176 358
545 1411
227 340
225 253
228 290
855 1059
245 400
209 329
235 287
735 1401
287 332
248 255
254 271
860 1195
268 383
249 302
238 394
1005 1308
276 395
322 241
310 331
275 409
301 343
239 601
332 351
336 326
315 389
349 361
410 301
263 566
333 465
341 356
307 435
343 513
311 433
325 405
433 390
351 381
370 385
383 584
314 498
365 419
374 604
326 489
327 484
422 553
392 434
451 362
400 613
346 533
360 516
498 457
342 580
402 459
442 692
438 407
408 453
512 628
330 693
416 469
486 667
426 471
388 583
519 629
347 718
459 482
521 673
432 528
396 626
703 467
423 602
413 695
548 852
518 474
414 712
588 869
470 572
492 521
626 828
477 585
535 497
712 901
446 703
418 784
629 1115
557 568
552 595
670 1201
415 1047
543 634
672 1265
553 622
482 826
885 930
555 685
574 657
1028 1183
502 803
503 855
897 1478
565 713
560 740
2005 1641
505 925
536 853
511 944
480 1074
559 789
546 847
513 984
593 746
625 741
628 745
563 994
786 690
606 988
664 837
576 1284
645 999
680 938
620 1097
561 1512
745 821
746 840
689 951
694 957
586 1422
739 885
779 844
774 875
749 917
661 1103
770 907
658 1153
637 1271
695 1079
701 1068
752 989
747 1012
714 1089
884 825
696 1193
789 1029
717 1161
977 755
822 958
828 970
706 1252
812 1040
847 962
777 1119
792 1109
813 1091
835 1065
753 1264
1131 765
894 1034
806 1275
869 1105
831 1166
900 1045
911 1062
1036 924
1228 781
803 1397
837 1243
849 1235
920 1131
807 1504
862 1267
784 1622
890 1258
825 1508
1066 1041
933 1189
921 1233
926 1228
898 1309
850 1469
892 1364
973 1187
904 1354
838 1585
992 1222
1021 1217
930 1434
938 1453
1022 1315
1248 1080
1015 1352
1002 1416
1012 1417
1080 1307
1142 1256
972 1554
944 1593
950 1606
1180 1263
1053 1484
1136 1382
1148 1424
1171 1430
1042 1640
1087 1632
1241 1488
1230 1574
1264 1550
1519 1301
1506 1385
1403 1489
1492 1428
1717 1332
1737 1545
1915 1477
1803 1584
2103 1441
1615 1653
1514 1670
1525 1673
2004 1644
78293061 1906096636
1
sift 92
73 85
35 16
84 87
687 876
217 225
166 150
289 340
167 229
188 184
796 968
761 1030
137 305
357 478
433 433
208 183
823 1161
254 208
910 1105
704 592
248 215
277 204
1153 1736
1028 1203
308 327
322 309
1250 1484
301 360
478 275
345 404
359 449
396 459
457 399
559 532
361 1499
651 516
698 531
628 619
666 676
746 641
664 743
620 816
680 949
803 784
822 764
858 759
918 741
861 786
792 921
833 841
752 993
872 965
920 935
865 1027
938 971
1066 917
992 990
1103 903
1042 967
1087 987
1031 1057
1080 1005
1124 1010
1105 1080
1241 1007
1218 1106
1317 1145
1017 1580
1070 1517
1177 1394
1322 1393
1510 1249
1474 1328
1525 1356
1331 1576
1519 1445
1216 1803
1813 1309
1617 1487
1724 1494
1694 1537
1755 1519
1752 1574
1558 1720
1544 1754
1930 1542
1947 1543
1731 1684
1929 1609
2163 1521
1905 1716
1820 1761
2122 1583
78293061 2095558067
1
sift 417
73 80
90 146
11 25
75 81
170 233
15 21
107 118
92 139
20 26
112 121
248 243
16 29
130 114
102 152
22 36
155 154
240 292
21 43
200 178
128 179
29 38
217 195
302 231
26 41
190 281
129 180
27 45
354 338
251 300
36 52
246 214
141 190
47 47
401 568
279 402
34 70
195 306
143 194
40 62
687 963
284 418
50 59
256 360
151 203
46 68
761 884
271 548
54 57
272 339
172 254
53 61
795 995
286 489
56 85
304 415
183 253
70 82
823 1019
498 361
64 99
389 410
187 274
84 87
1446 643
535 425
66 103
357 501
193 261
68 125
1038 1315
520 494
87 138
430 450
231 294
94 126
996 1655
464 878
89 150
372 597
227 384
116 110
662 529
93 143
549 672
245 354
91 151
544 816
96 148
592 906
262 346
97 145
548 854
100 140
569 1013
287 390
106 130
515 1149
127 112
635 957
276 419
109 157
653 811
135 128
611 1104
332 514
138 132
585 1072
105 201
710 1004
349 482
139 147
675 1282
132 173
1005 838
374 577
131 192
705 1351
142 176
860 1113
386 567
147 167
819 1605
156 185
735 1702
383 581
175 181
897 1608
178 191
1063 1055
400 602
158 220
169 215
1118 1355
421 661
186 200
234 165
1858 1577
442 705
179 222
223 182
512 791
185 230
176 249
486 895
204 213
206 221
519 945
205 224
192 278
521 949
196 262
211 247
629 1075
228 250
225 272
626 1123
203 326
277 209
712 1068
257 229
254 238
672 1195
242 264
209 329
670 1243
213 328
266 244
667 1365
255 284
260 277
677 1350
263 270
249 302
270 285
253 318
323 227
235 367
296 271
285 299
252 357
297 290
313 288
301 293
274 375
315 317
410 260
322 332
280 452
300 395
311 387
328 349
344 344
291 503
307 435
308 441
361 368
327 443
370 380
365 401
326 500
341 465
360 431
330 518
347 508
355 507
346 541
339 552
391 430
342 556
453 362
438 383
363 538
439 392
428 403
394 519
414 483
427 463
387 586
482 409
396 583
376 668
378 677
388 678
413 596
402 660
405 652
416 606
420 604
547 396
415 675
418 670
399 754
518 460
431 659
657 352
459 593
467 559
457 600
436 673
423 737
495 542
497 576
463 699
540 550
390 1143
451 806
568 555
577 534
446 863
470 760
441 978
449 958
480 797
543 714
483 873
1486 308
432 1166
490 860
492 864
555 726
557 730
504 874
488 893
513 872
534 836
505 956
560 776
541 832
565 810
606 698
590 765
621 717
552 910
536 1017
639 722
619 755
551 989
559 967
553 1002
546 1031
594 837
640 751
561 1023
582 955
649 829
628 922
586 1097
697 789
599 1056
679 861
708 839
664 971
685 936
690 934
644 1048
620 1138
646 1066
875 704
781 825
745 889
746 890
612 1241
749 891
625 1217
739 947
658 1112
680 1081
743 959
694 1062
602 1469
660 1178
678 1164
637 1336
786 970
683 1173
816 921
756 1051
1006 750
752 1152
693 1333
769 1139
770 1154
887 937
699 1419
925 930
706 1502
774 1273
759 1309
812 1190
1014 883
847 1129
753 1410
722 1612
1076 886
814 1280
755 1482
949 1025
811 1314
884 1115
859 1176
806 1401
813 1389
792 1491
764 1571
835 1308
784 1537
801 1489
869 1245
794 1580
861 1286
920 1160
947 1120
831 1453
893 1246
828 1560
789 1709
1152 1039
891 1386
825 1658
805 1736
944 1279
838 1627
941 1300
901 1436
892 1473
937 1367
918 1438
849 1652
946 1358
913 1492
990 1316
926 1471
970 1433
911 1596
1017 1349
1025 1397
992 1477
930 1624
1066 1338
1090 1313
922 1654
1022 1525
934 1707
1015 1556
1016 1567
1142 1382
1103 1448
1021 1599
1117 1481
1112 1514
1061 1611
1136 1504
1177 1464
1571 1127
1080 1644
1241 1403
1040 1716
1178 1520
1166 1566
1335 1344
1107 1708
1314 1411
1182 1616
1131 1706
1123 1715
1228 1586
1049 1757
1629 1240
1201 1676
1334 1526
1345 1593
1601 1395
1631 1542
1325 1755
1783 1721
1573 1760
1548 1761
78293061 2130703568
1
sift 79
126 222
92 160
42 52
102 167
66 111
191 347
118 180
131 211
256 518
129 237
384 378
172 301
235 350
275 516
183 321
795 1194
227 421
402 463
383 581
276 417
1038 1758
333 446
346 559
374 685
327 591
1397 2033
519 523
388 654
608 428
421 730
536 839
521 585
442 807
680 586
664 656
588 1218
683 700
752 693
626 1205
771 763
748 793
629 1192
546 1440
838 862
576 1713
831 932
835 938
709 1213
867 1061
890 1067
904 1063
922 1136
972 1094
1080 1041
920 1324
987 1251
1036 1410
1032 1430
1041 1613
1326 1328
1155 1685
1506 1573
1479 1665
1364 1919
1667 1643
1450 1830
1485 1824
1904 1539
1520 1939
1793 1707
1837 1746
1731 1871
1909 1766
2076 1753
2169 1875
1940 2005
2141 1948
1984 2007
2254 2028
78293061 2146998783
1
sift 52
126 231
92 206
66 106
68 141
140 267
118 204
131 256
128 224
191 417
172 349
313 334
183 374
316 372
231 346
346 476
276 435
871 847
275 616
781 268
332 630
383 568
501 445
374 636
520 510
388 722
521 578
629 1075
664 507
536 834
626 1166
650 752
890 678
1679 1401
859 720
793 838
767 949
920 879
993 830
1080 845
1032 1275
1520 950
1301 1081
1105 1302
1259 1212
1317 1307
1249 1391
1155 1600
1485 1356
1737 1241
1625 1442
1940 1500
2060 1546
