789706637 962831950
1
sift 364
10 9
18 24
16 20
21 19
34 23
24 18
65 100
26 36
84 98
47 51
93 95
50 64
127 137
59 61
116 152
55 74
112 167
83 53
158 149
67 67
128 197
68 70
147 178
62 77
194 198
71 82
165 196
80 84
233 220
87 86
215 249
85 102
227 280
88 111
267 267
103 108
226 292
97 119
244 329
101 114
274 340
156 83
398 420
98 126
410 432
110 120
427 459
111 124
408 500
107 145
506 440
114 139
582 490
119 131
510 546
132 121
583 498
124 157
515 574
140 165
574 535
139 172
449 759
144 163
696 610
145 176
684 618
172 148
472 957
141 185
607 752
149 183
937 560
148 184
789 614
160 189
763 653
146 231
716 669
171 193
754 662
163 206
715 729
189 200
788 707
183 215
882 659
198 211
929 696
179 242
874 733
196 216
841 758
167 273
1000 773
191 256
1139 734
199 252
807 974
211 248
1119 864
180 328
810 1200
217 264
1181 935
240 254
1098 1030
311 219
1149 997
230 281
1074 1185
277 262
1090 1377
209 332
242 291
246 293
268 284
225 331
237 321
261 301
272 299
303 286
283 306
265 318
285 300
323 285
257 335
287 312
254 354
530 234
236 385
310 309
289 341
282 355
280 357
358 295
317 344
345 351
305 387
331 377
395 360
324 417
325 416
340 395
330 412
366 413
376 418
373 421
412 396
357 455
339 487
413 426
371 477
389 453
402 449
459 400
462 402
385 474
433 434
417 457
477 398
436 435
379 524
434 482
447 473
415 522
487 441
442 513
528 450
505 475
469 520
524 476
490 499
553 458
514 504
492 521
493 531
563 486
559 492
673 445
565 494
387 735
519 556
522 572
485 601
606 516
507 593
504 597
601 551
629 539
557 579
453 716
555 595
593 578
467 742
599 583
621 585
723 528
566 609
547 626
536 649
545 636
564 615
527 683
520 697
393 1042
549 661
707 562
546 690
641 611
529 727
658 607
488 827
638 624
570 679
578 674
589 685
640 642
927 514
577 705
660 633
585 706
649 652
674 629
671 634
613 698
664 654
683 635
695 627
747 600
712 621
620 730
618 745
611 754
704 647
672 722
732 657
820 613
653 778
656 790
697 772
682 812
688 807
679 829
735 756
751 741
706 788
765 724
767 751
755 769
816 743
847 719
883 714
770 815
720 882
811 776
890 732
876 747
814 797
828 835
853 811
791 868
661 1051
955 781
893 833
804 888
1233 612
801 903
849 866
953 822
818 900
1038 792
904 871
739 1036
845 915
821 931
856 908
910 894
988 853
852 923
855 922
1111 803
1094 826
938 902
970 892
947 904
823 990
782 1048
1047 861
1059 865
1039 874
914 955
879 976
960 929
1060 877
925 950
1033 897
1138 846
844 1012
840 1026
957 943
1212 793
757 1206
969 969
975 963
784 1169
880 1041
727 1338
902 1043
1061 942
991 1002
1015 1000
837 1178
1101 941
946 1066
1153 925
894 1137
1132 939
1067 996
875 1168
940 1111
1064 1007
1088 986
1050 1022
1076 1006
907 1170
1159 954
901 1211
1011 1093
1236 838
1072 1067
1031 1126
1066 1090
943 1227
1224 921
1126 1034
999 1173
944 1264
1168 1020
1049 1139
1100 1074
1093 1105
868 1353
1118 1073
1008 1239
1103 1140
1073 1188
1104 1148
1116 1156
1189 1083
1123 1202
935 1407
1070 1296
1148 1204
1095 1280
1161 1213
1130 1313
1042 1401
1213 1197
1183 1247
1206 1263
1167 1375
1231 1408
1235 1493
789706637 1064082008
1
sift 491
830 856
34 33
11 14
881 827
72 88
13 16
802 1057
94 109
18 20
106 121
17 24
127 157
25 30
108 128
23 31
147 145
26 26
145 150
35 40
158 197
38 43
194 201
40 44
207 240
37 49
228 244
46 48
214 270
47 50
244 245
48 52
276 243
49 51
232 319
51 59
274 290
52 58
383 430
55 60
410 425
53 65
554 350
56 68
427 465
61 66
448 451
59 69
582 441
63 73
510 537
64 76
607 507
71 71
594 630
68 75
609 573
67 78
583 677
62 90
647 685
69 85
788 560
78 82
506 955
79 80
763 649
73 97
810 730
80 92
718 907
91 83
696 963
86 89
853 813
82 96
862 810
87 102
874 840
85 105
882 844
95 108
856 926
97 111
928 901
98 107
841 996
103 103
1121 915
101 117
957 967
90 153
807 1193
114 127
1089 985
111 129
1000 1207
113 139
120 133
193 95
124 138
168 124
136 140
146 135
121 174
139 155
155 143
140 162
141 163
148 156
162 141
144 168
149 169
150 172
153 170
161 167
160 175
165 173
163 181
188 176
191 179
181 194
179 198
178 199
154 223
192 188
183 207
173 217
176 216
171 226
199 203
196 209
205 221
195 239
216 227
198 248
218 232
217 236
238 241
211 280
224 260
277 242
237 261
245 253
225 276
263 249
230 285
261 254
256 262
246 272
242 282
283 256
265 279
272 274
280 269
268 289
241 325
285 288
287 292
273 313
292 293
359 247
275 314
289 318
254 359
314 297
282 334
305 307
291 329
303 326
304 323
325 310
337 300
387 267
300 342
317 331
349 328
340 335
330 344
336 351
343 347
353 340
342 366
345 378
375 355
321 414
338 388
331 395
363 368
373 371
332 406
371 376
357 403
407 367
531 305
378 397
379 400
409 394
399 402
403 398
386 411
438 373
389 424
415 409
398 422
412 427
394 442
432 420
417 440
466 401
442 423
445 416
447 435
413 458
419 474
433 463
347 609
437 470
458 448
464 449
422 506
443 486
532 433
480 455
473 473
469 477
483 464
476 476
493 459
474 484
462 493
475 481
490 471
429 559
461 534
487 505
477 512
520 485
504 496
519 488
509 499
525 489
501 517
488 541
511 527
514 540
533 528
545 524
505 569
507 568
553 520
540 538
482 615
492 597
534 545
601 494
578 514
589 508
549 543
889 421
546 571
547 576
529 611
544 583
570 554
527 627
522 636
565 565
577 562
486 708
563 582
566 588
653 529
600 564
515 683
559 612
587 587
561 620
557 646
564 640
584 625
629 585
586 629
695 535
624 596
611 623
658 589
639 608
648 610
615 638
508 786
668 592
568 696
636 628
621 641
608 648
673 603
686 593
604 682
625 661
539 777
638 659
655 666
640 701
724 604
599 744
679 657
683 672
674 687
690 671
753 599
730 642
682 697
677 705
664 723
709 669
665 729
698 695
581 819
671 731
727 660
704 693
739 656
780 632
745 667
706 721
713 733
720 745
752 713
728 750
769 712
969 613
735 773
876 678
722 801
791 743
694 843
765 766
707 833
662 930
751 789
737 815
740 806
813 753
773 792
803 768
649 1010
867 728
756 818
800 783
840 763
815 780
796 796
849 761
798 803
759 852
747 888
880 764
902 759
757 880
663 1059
834 800
1070 698
890 782
712 977
821 825
914 776
852 797
832 822
947 762
842 821
811 846
886 799
904 798
817 863
767 932
716 1018
839 854
875 830
826 874
879 831
835 875
836 884
805 906
746 998
891 837
909 834
845 872
808 936
837 908
910 851
918 842
926 857
787 1001
963 848
934 865
980 841
938 870
925 889
946 885
1010 838
894 923
883 935
869 943
887 937
893 944
984 887
1058 832
997 882
935 919
932 927
998 891
901 976
975 931
992 910
897 982
816 1068
1031 892
831 1053
1095 847
1012 904
982 939
885 1000
994 934
888 1013
1052 894
859 1048
1039 918
988 952
945 990
976 981
1178 824
920 1033
1014 964
960 1012
985 994
970 1025
1015 987
820 1183
955 1069
912 1122
843 1177
1124 945
1049 1006
1118 959
1228 817
1025 1044
1024 1046
1111 970
1036 1035
1023 1055
942 1129
995 1086
954 1141
1007 1084
1034 1064
1061 1065
1097 1037
1134 1002
1145 999
1193 973
1050 1116
1103 1071
1045 1139
959 1204
1078 1113
1033 1157
1104 1091
1164 1040
1221 969
1047 1169
1152 1081
1109 1123
1116 1138
1158 1119
1215 1030
1148 1137
1217 1050
1200 1083
1161 1147
1127 1186
1054 1228
1073 1221
1146 1188
1171 1166
1206 1144
1212 1145
1231 1072
1207 1184
999 1248
1204 1195
1194 1209
789706637 1347700863
1
sift 309
4 7
68 100
12 15
17 23
86 106
26 21
38 58
148 174
47 49
49 67
140 191
51 74
55 66
149 197
52 73
53 78
164 216
63 82
64 108
183 241
78 101
87 98
217 260
79 116
98 112
246 313
73 154
69 188
397 542
103 125
97 139
549 563
107 131
101 146
558 724
114 148
111 163
584 715
110 178
139 185
853 980
153 173
144 190
925 974
188 166
161 198
1104 1228
165 203
179 208
172 213
192 206
195 229
178 243
200 231
184 261
205 246
206 255
173 311
171 346
238 254
237 284
225 298
281 268
239 294
242 286
283 278
272 293
256 314
263 310
285 290
265 316
287 295
275 329
271 330
305 328
291 341
231 399
268 358
289 343
353 325
303 362
375 323
340 347
466 300
282 448
315 384
363 352
323 397
336 376
438 334
371 360
317 419
357 371
342 386
345 401
376 381
403 365
260 612
378 375
399 370
343 431
409 374
368 405
398 404
477 354
338 491
432 389
437 382
389 446
412 422
417 420
407 434
420 427
384 475
386 474
395 468
415 451
464 426
484 409
483 413
473 442
434 488
458 453
429 502
447 492
469 486
491 480
493 477
474 500
480 524
570 465
461 580
531 494
487 536
485 546
490 535
462 588
509 530
504 538
503 548
513 540
482 586
495 573
533 541
517 584
476 644
519 602
565 544
590 532
511 617
505 634
601 551
475 741
514 674
914 429
544 656
529 692
547 685
636 605
621 624
492 796
707 550
587 662
562 697
603 649
611 657
522 785
527 781
658 640
563 738
698 615
629 701
653 669
697 639
724 611
739 599
673 678
516 895
732 632
577 792
586 790
639 749
488 1000
727 650
690 707
686 710
765 630
624 772
704 693
679 731
944 558
674 750
716 721
749 675
835 619
752 704
780 668
652 810
640 827
608 865
694 774
599 896
1228 498
720 797
886 663
791 739
731 801
683 878
671 907
745 803
926 696
757 802
898 720
706 869
638 1004
796 787
876 740
711 883
811 771
604 1067
747 839
904 754
722 920
842 804
834 815
907 783
875 800
837 824
832 828
1010 757
843 850
845 846
806 898
891 831
863 842
909 829
880 840
947 817
735 1029
803 940
836 932
946 867
918 880
817 963
984 864
988 866
1031 834
934 909
1030 853
1014 872
1070 844
821 1030
816 1042
737 1194
1007 911
885 1002
849 1040
879 1020
820 1081
1052 902
887 1015
940 981
991 951
954 982
997 959
818 1109
920 1012
935 1006
921 1025
963 998
839 1108
808 1150
1118 903
995 987
859 1096
1042 984
992 1034
1211 857
893 1154
1092 990
910 1158
993 1088
943 1165
897 1200
1144 999
1059 1086
1016 1135
1039 1122
932 1199
1005 1175
1152 1074
1095 1129
1207 1013
1202 1035
959 1240
1097 1149
1099 1157
1161 1115
1049 1217
1185 1087
1103 1192
1083 1222
980 1262
1108 1226
1204 1141
1160 1251
1235 1133
1140 1271
1194 1264
789706637 1701417931
1
sift 68
582 1258
103 147
139 209
162 177
862 1376
140 228
217 292
314 188
173 346
246 438
272 301
263 309
549 490
323 315
287 340
857 1142
376 298
409 328
853 1288
399 378
432 351
417 389
474 343
378 493
447 509
493 533
509 554
564 525
519 602
562 606
505 756
589 647
704 627
1064 536
886 590
694 671
770 643
638 790
514 956
875 626
563 933
726 765
1070 615
849 698
624 934
880 700
832 726
811 760
796 793
1113 717
732 963
813 893
859 886
981 858
934 877
920 964
780 1095
808 1073
997 966
1187 887
991 1036
1093 979
1224 918
980 1146
1027 1149
1202 1075
1235 1154
1217 1338
789706637 1745211470
1
sift 349
622 753
15 22
2 2
881 778
68 79
17 19
830 829
81 106
24 23
1203 1516
145 139
23 26
133 168
26 27
148 154
29 30
137 195
19 41
163 159
32 29
215 235
35 45
183 172
48 48
203 264
69 49
228 268
50 59
251 296
64 60
244 300
55 65
319 316
44 109
329 418
67 72
594 284
56 86
440 360
61 82
388 504
88 90
585 374
87 93
431 677
103 95
549 491
80 115
609 471
101 103
557 512
86 123
619 703
97 110
582 804
111 111
114 124
672 742
154 101
120 126
856 858
131 120
132 119
853 941
124 141
139 134
925 911
175 127
140 146
957 904
149 142
146 150
161 153
144 182
160 173
178 165
188 157
173 179
191 178
211 169
254 149
209 180
192 190
205 189
180 208
167 230
179 221
168 266
208 219
230 206
217 217
277 191
196 257
239 227
339 194
216 269
218 270
257 244
238 251
246 248
256 255
283 253
265 263
263 283
302 261
317 252
289 274
258 297
292 293
287 298
282 327
305 310
314 312
530 234
325 309
338 304
281 358
340 324
342 326
261 399
345 341
324 365
414 323
444 318
378 349
389 355
323 414
336 384
303 465
331 410
417 364
409 376
485 345
443 361
531 338
377 422
376 430
404 408
413 398
366 445
422 400
379 435
442 385
437 394
438 396
412 431
462 388
476 375
433 421
447 428
527 371
772 336
529 393
487 429
504 419
490 426
483 456
453 487
461 483
500 450
436 533
555 424
509 459
459 509
611 404
491 469
484 492
505 486
370 714
480 525
519 489
746 379
475 544
469 557
533 495
522 520
546 507
660 453
559 506
577 502
565 513
890 383
578 515
695 457
429 751
511 583
497 603
563 540
568 555
679 496
649 526
598 552
507 664
561 600
681 529
673 538
601 580
605 578
674 546
621 601
738 531
671 575
653 598
473 870
682 586
697 589
686 602
570 749
639 682
711 607
630 711
665 673
590 763
655 689
847 548
898 543
683 668
694 660
709 645
751 614
721 656
773 640
927 574
720 700
821 631
740 713
739 727
818 654
736 784
831 672
855 665
797 720
876 679
982 634
800 741
765 793
837 728
677 928
840 754
704 909
960 712
932 722
912 746
852 779
706 935
910 756
867 782
839 810
803 827
787 867
886 797
920 780
828 836
755 900
820 849
875 818
946 783
893 815
849 833
747 945
1049 732
812 879
767 937
1012 773
914 847
1100 737
940 834
931 845
963 835
955 842
883 885
801 951
916 868
887 895
926 887
942 884
1128 800
1132 802
1034 852
1148 791
1014 869
1041 880
1047 875
757 1171
845 1005
1095 864
1033 898
1015 916
1023 918
1152 848
953 960
879 1017
1126 866
969 967
889 1009
1067 905
1092 890
1001 964
1050 942
1221 813
1045 953
708 1441
1007 984
1032 963
1031 980
1103 932
1059 979
971 1052
1072 975
907 1116
1010 1020
1123 947
894 1182
1081 998
1109 972
975 1110
1206 908
1038 1041
1073 1016
938 1159
993 1135
1011 1109
935 1208
1027 1105
947 1213
1153 1040
1215 977
1097 1107
1083 1195
1168 1118
1130 1189
1088 1247
944 1454
1120 1217
1183 1145
1118 1238
1111 1297
1178 1201
1217 1131
1101 1331
1228 1103
1161 1320
1171 1324
1159 1416
1231 1190
1207 1333
1213 1380
1191 1476
1210 1458
789706637 1811936640
1
sift 346
134 148
81 107
8 10
609 413
49 23
13 11
830 816
133 170
27 19
881 796
55 35
29 24
802 1666
137 206
40 29
809 1555
68 50
69 38
319 199
56 73
102 69
79 63
203 265
87 62
97 85
103 61
252 325
90 78
111 81
80 86
619 765
96 89
114 83
98 119
1062 1098
139 99
148 95
124 112
145 100
150 98
155 103
149 102
140 116
132 137
161 108
180 124
172 109
178 125
211 130
188 129
160 145
217 159
192 143
260 138
239 154
205 149
144 209
317 175
189 202
241 156
246 216
167 226
230 173
265 212
218 192
238 190
504 307
240 223
283 211
585 312
272 228
302 217
549 329
216 266
196 328
557 393
263 243
271 249
821 341
325 237
314 246
679 397
292 257
281 273
649 440
289 269
305 263
856 549
340 254
324 281
1066 527
287 302
282 321
1049 535
341 275
386 261
957 605
353 280
342 287
1050 697
338 294
345 293
1103 709
268 367
417 270
925 857
378 297
375 319
1183 762
443 288
444 290
1194 1399
310 389
389 332
432 316
409 340
476 298
545 286
358 372
442 335
458 333
407 370
394 382
250 668
376 414
475 355
421 392
331 508
681 314
567 347
525 360
490 374
323 599
303 653
527 385
433 459
461 453
487 436
447 490
505 433
462 478
530 427
695 379
412 593
437 547
436 548
480 495
533 457
459 545
509 498
578 447
514 503
697 422
555 477
621 454
484 592
587 496
606 488
517 573
419 720
513 598
577 546
653 501
662 517
483 671
561 588
560 606
724 492
636 561
861 437
581 610
572 631
624 597
690 555
565 641
901 452
760 516
669 583
638 613
686 578
563 661
752 544
429 960
599 650
745 557
885 494
671 625
674 632
740 579
751 572
657 649
867 531
982 502
1210 442
601 700
615 695
720 634
401 1287
507 859
787 616
852 582
709 665
603 760
739 662
988 563
652 729
1199 497
837 620
1148 521
1095 537
737 685
840 633
694 710
839 637
630 788
886 623
683 744
1012 603
721 713
914 635
665 786
832 669
842 667
731 735
1070 608
834 681
879 666
909 657
875 673
655 849
817 699
891 672
757 745
910 675
673 844
704 800
934 690
876 707
984 682
632 986
806 776
918 758
935 755
812 829
887 785
917 777
769 880
1010 742
836 824
803 853
544 1418
1092 725
921 803
1234 629
1015 775
1079 748
849 855
678 1147
1132 730
931 817
855 881
890 865
920 861
707 1135
765 1051
912 898
963 868
897 917
932 886
712 1198
999 856
1020 869
907 976
893 985
940 941
1143 815
1206 779
919 987
991 954
995 943
1005 933
767 1210
1041 922
859 1070
1108 877
883 1076
1065 939
1054 951
1027 984
1071 950
1114 909
1118 912
1023 1012
955 1105
770 1350
1123 974
985 1091
1217 890
1047 1073
845 1280
1081 1074
1059 1097
942 1208
1171 1002
1032 1130
1033 1129
1011 1150
1083 1090
1127 1054
1111 1075
1152 1049
971 1257
1172 1063
1126 1112
1031 1222
938 1302
1215 1021
1088 1175
1153 1117
1038 1248
993 1322
916 1423
1097 1228
894 1498
1212 1116
947 1461
1207 1151
1191 1193
1159 1289
1168 1294
1120 1358
953 1653
1030 1521
1094 1473
1237 1087
1096 1536
975 1758
1007 1744
1221 1327
1001 1809
1061 1790
1222 1471
1228 1412
1161 1731
1235 1346
1213 1756
789706637 1865606473
1
sift 376
134 146
610 398
4 4
406 350
46 25
8 7
802 825
809 978
13 8
881 854
49 28
19 11
830 1234
26 12
55 26
23 23
29 20
68 50
38 32
50 34
102 78
47 42
69 47
106 88
88 56
79 61
97 95
87 65
85 75
111 93
80 86
103 69
114 100
96 103
90 121
146 101
98 127
139 109
149 115
124 124
92 171
140 123
172 108
150 118
161 114
153 122
163 116
179 139
132 142
178 134
211 140
160 143
188 138
254 145
162 147
119 210
217 158
205 144
167 167
198 187
199 163
144 207
239 161
260 169
238 181
265 192
218 190
231 196
246 201
283 194
263 209
317 200
272 211
196 322
504 327
281 222
302 229
397 386
314 225
273 262
549 312
312 230
237 286
585 354
292 255
305 245
558 459
321 239
289 266
679 439
242 298
240 309
821 433
285 275
335 251
649 529
340 261
386 237
856 633
287 308
353 270
1066 589
371 264
282 335
1049 603
236 399
268 362
925 648
399 273
375 281
957 682
342 307
345 305
1167 665
343 319
415 279
1050 737
417 280
378 303
1103 757
330 346
438 282
1183 800
444 288
443 291
338 352
409 330
402 334
403 336
485 293
363 370
545 290
442 339
578 284
376 382
476 325
458 332
379 385
407 381
420 374
357 428
368 425
384 407
475 351
394 415
331 484
435 396
385 442
669 317
398 432
323 556
525 360
303 638
373 483
490 376
491 383
493 421
370 563
527 411
509 422
533 410
222 1484
437 511
480 467
461 485
487 466
447 535
436 553
484 496
695 397
412 624
503 512
653 435
697 418
553 476
358 773
459 592
621 464
547 518
519 585
530 572
587 538
505 619
682 492
724 474
517 626
514 630
686 503
546 598
624 541
561 591
577 588
565 595
867 452
429 843
636 569
608 596
483 755
638 607
698 594
630 650
581 695
570 710
740 561
733 576
752 557
745 573
946 505
559 732
739 582
885 532
625 697
787 570
401 1307
601 734
982 533
477 965
1199 473
988 534
749 628
566 786
597 771
511 949
673 719
840 597
694 705
532 906
901 587
579 814
886 600
875 613
731 709
683 743
603 831
832 642
914 618
671 769
658 785
665 779
834 651
704 746
842 661
648 839
879 652
844 669
837 687
615 891
891 668
817 707
796 724
1052 622
721 782
664 864
737 777
984 655
709 803
890 703
909 699
726 797
934 689
1012 660
876 727
859 739
1148 636
1162 645
1143 654
1070 691
765 832
712 920
782 829
757 865
839 789
742 887
918 760
806 812
910 767
926 766
836 848
756 955
812 861
706 1051
935 799
1131 729
921 819
979 798
814 909
1095 752
963 827
768 1004
917 859
927 870
1202 738
920 907
1117 796
1001 883
907 977
1118 818
747 1202
1011 894
804 1095
815 1094
1054 885
1014 944
991 961
791 1168
1076 888
947 990
820 1120
863 1064
999 976
904 1057
940 1017
1020 973
1027 969
1206 835
1114 913
1092 970
1016 1016
1059 999
845 1198
975 1093
808 1288
849 1275
985 1147
938 1205
893 1257
1083 1068
1144 1013
1132 1027
1228 884
1164 1009
708 1682
894 1295
741 1605
992 1216
1023 1195
955 1292
995 1252
1152 1108
1171 1070
1215 1024
770 1633
1192 1106
1007 1304
1204 1086
1211 1076
1127 1196
1231 1000
1073 1279
916 1496
1081 1332
1033 1387
1207 1185
1174 1244
1097 1346
1186 1240
1039 1481
1124 1383
971 1619
1028 1563
1178 1377
943 1713
1153 1452
1042 1638
1223 1348
1166 1511
1134 1574
1232 1296
1168 1570
1222 1434
1120 1652
1102 1726
1221 1485
1213 1658
1185 1740
1237 1864
789706637 2124113243
1
sift 52
189 169
247 206
291 255
394 290
332 338
433 347
348 446
282 616
308 553
412 445
461 444
363 594
709 385
671 423
632 459
435 649
835 413
683 482
420 740
669 514
507 779
509 794
817 551
839 620
644 809
917 611
573 971
564 1078
940 688
474 1515
1152 685
634 1220
636 1291
796 1039
755 1127
749 1190
770 1257
766 1411
918 1232
1081 1121
1186 1040
816 1469
811 1544
1172 1143
991 1368
698 2290
920 1634
791 1952
921 1792
869 2206
939 2160
1002 2143
