856798745 868876902
1
sift 158
1180 891
90 154
53 47
619 614
87 158
303 472
93 165
940 484
117 177
290 554
132 175
1085 1162
136 252
402 508
194 269
1265 1502
224 244
465 834
259 308
1965 1665
301 317
596 793
234 374
387 290
876 1066
342 322
377 319
946 1134
306 408
379 379
868 1372
470 388
515 410
899 1319
458 463
560 439
1034 1157
541 487
635 451
930 1562
484 659
526 745
987 1478
716 593
659 635
1016 1516
696 641
686 652
1363 1458
829 657
632 831
1190 1785
772 730
781 739
887 679
1292 578
758 803
893 758
714 882
977 750
752 902
1150 687
1390 644
1178 709
826 912
925 886
710 1248
834 1092
926 1006
931 1002
1223 842
1236 839
1061 925
1193 885
1082 933
970 1079
1042 1024
1186 939
939 1146
1270 945
1202 1011
1329 980
1455 948
1221 1080
1478 954
1342 1042
1433 988
1335 1055
1542 956
1203 1148
1272 1109
1279 1112
1568 993
1466 1073
1802 944
1583 1030
1640 1018
1695 1031
1436 1165
1806 1010
1100 1537
1830 1008
1434 1200
1498 1163
1688 1065
1642 1093
1394 1250
1614 1123
2106 966
1554 1197
2350 943
1661 1155
2003 1034
1641 1201
1525 1282
1424 1414
1739 1195
2054 1117
1495 1428
1736 1300
1927 1227
1672 1365
1425 1653
2001 1208
2105 1177
2050 1215
2043 1229
2308 1158
2464 1108
2414 1139
1778 1407
1689 1486
1673 1557
1630 1638
1918 1410
1796 1513
2231 1277
1861 1481
2349 1242
1740 1601
1662 1715
1983 1480
2029 1465
1976 1535
2016 1530
1904 1676
1744 1794
2525 1354
2258 1586
2595 1305
2560 1413
2449 1552
2423 1585
2548 1521
2282 1763
2457 1649
2585 1710
2531 1793
856798745 936120456
1
sift 54
473 966
27 63
33 65
42 87
79 91
69 134
83 163
108 141
125 197
249 348
163 195
619 522
348 288
293 361
1085 1066
380 420
372 454
1265 1312
469 428
317 758
1783 1530
459 547
571 517
1711 1671
672 772
792 799
738 1027
859 925
640 1495
835 1181
973 1064
975 1196
881 1401
939 1281
894 1393
1004 1277
1013 1351
1551 950
971 1664
1126 1510
1111 1540
1068 1803
1374 1405
1311 1561
1799 1214
1322 1659
1407 1550
1425 1586
1537 1704
1545 1825
2028 1584
1983 1856
2444 1546
2485 1836
856798745 1076394345
1
sift 94
251 502
110 314
146 257
243 637
213 213
285 619
263 258
304 705
212 386
290 814
258 362
266 1231
297 357
363 752
234 504
376 876
273 428
365 1126
422 335
465 1423
390 381
1442 1065
306 515
379 522
491 409
398 546
442 615
433 650
463 599
627 521
511 773
587 755
695 733
631 878
718 786
931 666
700 914
770 884
714 949
570 1281
803 883
597 1260
701 1031
645 1159
696 1080
1073 737
733 1030
648 1201
757 1034
1304 693
726 1109
824 1028
829 1064
915 967
807 1133
820 1143
922 1012
990 958
889 1092
1432 764
754 1275
1032 976
936 1141
796 1460
911 1249
826 1494
804 1564
965 1241
801 1673
951 1369
1342 1105
924 1542
1952 861
1172 1218
1316 1166
1702 975
1351 1190
1023 1584
1085 1497
1687 1089
1313 1307
1364 1270
1109 1608
1278 1493
1987 1101
1164 1657
1460 1376
1185 1668
1446 1695
2420 1191
1911 1541
2041 1503
2008 1575
2015 1600
856798745 1203176847
1
sift 283
162 239
64 128
26 28
520 558
130 271
31 27
338 349
114 148
53 54
1055 785
473 817
52 65
281 531
243 555
104 89
1014 998
556 949
87 114
1079 789
285 443
118 103
1295 1410
585 1401
107 131
1726 1392
303 541
132 126
550 1646
117 154
290 585
93 218
137 166
266 775
146 240
156 203
465 749
182 194
211 221
460 780
224 220
194 318
482 797
168 432
228 300
486 802
244 280
216 348
500 881
262 301
234 373
528 929
259 355
333 281
621 1049
297 367
342 344
596 1142
379 331
327 356
1199 864
306 435
309 421
719 1594
387 362
377 431
868 1278
390 425
410 483
895 1308
448 438
422 523
877 1511
447 485
445 502
814 1866
463 557
526 532
1442 999
509 560
484 625
1035 1616
515 731
607 609
930 1908
597 631
587 646
988 1960
785 530
776 549
721 603
1042 501
532 871
655 705
772 630
731 657
675 741
562 910
712 700
570 946
758 729
659 835
696 792
686 827
684 842
1214 588
670 938
671 940
800 786
829 779
769 826
705 906
781 822
887 747
756 855
632 1078
822 806
702 955
841 814
700 985
648 1107
751 927
859 832
757 977
907 807
808 919
864 893
701 1119
738 1052
831 970
931 837
718 1134
733 1118
726 1139
796 1058
789 1086
809 1053
858 1014
985 840
816 1090
867 1032
893 988
936 959
964 956
924 1041
835 1197
826 1258
1073 954
1061 993
1292 858
894 1204
1164 947
1174 945
1024 1104
925 1220
1203 995
983 1193
1117 1082
991 1233
1077 1152
801 1738
1225 1051
1121 1131
939 1413
1446 981
926 1505
1154 1187
1181 1172
1202 1173
973 1416
1236 1154
960 1467
1156 1221
1278 1156
1298 1164
1004 1523
1342 1176
1186 1299
1146 1354
1114 1391
1304 1240
1403 1183
1283 1289
1318 1272
1193 1386
1329 1268
1006 1737
1396 1261
1270 1405
1208 1486
1333 1352
1125 1658
1646 1163
1100 1763
1279 1496
1540 1265
1204 1672
1216 1652
1340 1478
1267 1590
1433 1390
1533 1321
1393 1507
1272 1696
1348 1596
1479 1420
1590 1313
1311 1706
1455 1545
1322 1754
1703 1297
1475 1543
1466 1559
1313 1779
1829 1254
1588 1409
1695 1318
1335 1771
1547 1479
1425 1656
1688 1348
1434 1647
1444 1648
1515 1571
1374 1748
2603 969
1698 1381
1377 1759
1478 1635
1522 1604
1635 1472
1355 1854
1702 1424
1468 1757
1524 1728
1325 1968
1614 1623
1343 1957
1736 1525
2001 1335
1687 1576
1961 1380
1774 1514
1805 1503
2042 1349
2066 1333
1642 1701
1661 1686
1802 1606
1680 1722
1483 1941
2238 1332
1495 1950
1893 1574
1560 1892
1537 1927
1987 1551
1641 1879
1855 1684
1895 1695
1996 1663
1833 1815
1868 1777
1926 1750
2226 1634
2050 1752
2115 1718
1969 1844
1976 1848
1942 1885
2008 1864
2350 1726
2109 1883
2209 1867
2111 1926
2057 1966
2464 1739
2157 1934
2029 1988
2308 1862
2433 1810
2292 1906
2530 1820
2598 1662
856798745 1228518096
1
sift 75
53 51
181 268
224 261
280 392
342 367
379 368
433 470
448 484
431 566
420 797
456 740
442 824
509 677
467 782
459 874
511 904
772 650
659 750
679 773
559 961
551 1038
687 823
677 898
675 1073
662 1108
735 986
931 917
769 1220
840 1132
806 1226
751 1317
878 1154
893 1112
705 1526
875 1234
951 1089
1023 1025
858 1361
707 1765
798 1558
792 1601
738 1854
986 1263
917 1532
1646 909
1164 1233
911 1596
881 1761
1342 1206
1073 1445
1077 1453
1498 1138
1208 1391
1032 1683
1053 1695
1182 1539
1045 1921
1186 1755
1366 1565
1540 1384
1474 1458
1583 1372
1430 1588
1590 1478
1403 1728
1557 1580
1329 1949
1467 1917
1533 1861
1515 1933
1689 1773
1614 1936
1688 1919
1977 1908
2252 1716
856798745 1305823326
1
sift 301
162 224
29 41
16 14
27 27
204 259
43 49
31 24
32 37
271 313
64 93
35 44
42 40
281 336
82 119
33 55
53 53
307 328
90 127
69 59
76 57
336 392
174 246
61 76
85 113
624 487
243 320
104 89
93 124
626 701
241 356
118 110
108 120
730 639
266 374
94 140
117 133
1461 480
286 343
139 183
163 153
1180 785
303 377
146 194
182 155
1358 1411
414 290
188 198
195 197
290 408
235 172
211 222
376 666
231 210
259 230
465 589
185 311
244 286
482 669
342 253
317 261
528 588
249 329
377 268
621 537
387 281
426 265
596 658
306 353
380 299
549 873
293 385
396 355
593 809
401 341
346 397
709 1074
313 431
411 367
876 925
348 445
477 365
877 970
422 413
400 461
899 962
534 352
469 405
856 1157
461 422
470 414
896 1263
515 400
478 463
1035 1061
471 484
541 446
1058 1059
489 518
554 464
980 1152
497 523
506 528
987 1174
635 427
526 536
1028 1191
630 473
484 632
833 1700
571 516
734 450
1021 1322
566 577
797 503
1071 1284
686 541
731 519
1037 1450
680 552
640 605
1137 1380
940 483
696 566
1191 1336
690 586
632 645
1215 1334
659 622
655 651
1063 1579
781 569
692 657
1200 1598
684 661
648 749
1363 1398
798 621
772 664
1255 1572
887 591
673 752
1414 1372
829 648
751 727
1442 1465
864 662
893 646
1388 1611
819 714
605 965
1625 1590
834 734
758 766
1549 1781
726 796
700 844
1788 1614
891 724
784 778
1643 1777
2032 493
1151 634
1968 1743
925 747
977 718
718 899
985 716
816 810
931 757
1061 710
801 879
1041 733
1174 696
914 799
824 914
848 924
1292 722
802 1051
771 1123
949 876
994 860
957 972
1223 802
1203 833
1272 795
1082 904
1335 791
1039 983
902 1155
960 1101
1541 774
889 1257
1042 1097
1682 776
1270 954
1169 1030
1228 1004
1342 949
1354 940
1646 805
1469 891
1133 1096
1583 847
1172 1086
1260 1033
1353 996
1410 980
1100 1195
1455 958
1630 872
1433 987
1546 935
1589 911
1711 866
1512 971
1123 1246
1436 1041
1208 1203
1408 1055
1551 986
1466 1034
1418 1062
1451 1068
1642 977
1304 1260
2603 763
2001 922
1688 1040
1806 1001
1614 1072
1640 1078
1568 1125
1634 1117
1802 1048
1918 1020
2066 1013
1468 1314
2458 900
1739 1142
1689 1161
1774 1137
1188 1701
1740 1168
1983 1079
2252 1010
1445 1441
1969 1102
1343 1606
1359 1582
1829 1165
1402 1601
1736 1266
1364 1668
2552 991
1859 1240
2188 1107
1728 1329
1609 1409
1981 1219
2055 1184
2050 1198
1926 1262
1970 1248
1587 1513
1687 1410
1855 1368
2105 1267
2142 1259
1702 1557
2350 1187
1753 1544
1849 1485
1778 1556
1951 1418
2311 1274
2414 1242
1680 1751
2057 1490
2457 1282
2595 1190
1976 1624
1939 1645
1977 1644
2230 1491
1881 1733
2466 1388
2464 1426
2444 1439
2429 1466
2423 1496
2528 1424
2494 1471
2459 1500
2558 1536
2546 1595
2533 1604
2530 1643
2449 1698
2351 1772
2548 1750
2602 1711
856798745 1430327691
1
sift 52
23 29
181 229
326 406
432 434
408 548
403 636
1292 345
502 656
467 734
653 680
772 622
601 986
687 886
638 1058
861 795
745 1037
675 1223
931 965
806 1380
836 1337
924 1167
751 1493
906 1438
858 1548
770 1997
993 1549
1093 1446
911 1902
1108 1486
1590 1117
1073 1628
1502 1247
917 2123
962 2262
2565 969
1703 1321
1498 1475
991 2404
1435 1670
1271 2115
1812 1484
1477 1848
1266 2277
1387 2133
1515 2200
1845 1742
1557 2166
2404 1534
1617 2292
1933 1918
1464 2446
2091 1922
856798745 1636735110
1
sift 58
181 223
282 376
298 435
326 568
360 489
431 556
442 606
369 1014
455 589
433 723
403 1000
466 705
475 764
408 1211
464 905
530 930
525 1134
712 668
637 781
498 1434
551 1120
575 1088
769 725
677 1287
924 896
871 998
861 1189
1077 923
1186 844
707 1829
820 1456
783 1732
779 1776
1181 983
840 1718
1054 1153
1375 910
892 1578
1283 1021
1045 1278
1156 1222
991 1769
1056 1604
1703 964
1088 1608
1052 1767
1005 1902
1116 1800
1266 1621
1522 1313
1479 1449
1447 1761
1467 1858
1533 1855
2088 1365
2043 1750
1957 1821
2358 1598
856798745 1689478995
1
sift 150
281 341
120 74
32 39
1085 932
39 32
1461 976
90 122
87 118
1265 1390
107 121
1825 1251
115 157
93 136
1783 1168
117 147
160 249
132 138
156 133
241 311
182 166
194 213
286 328
259 257
387 240
303 400
306 333
234 481
266 471
313 507
290 456
473 525
444 391
458 392
480 613
411 431
635 380
481 728
515 443
532 468
596 658
659 527
696 547
876 913
680 594
622 673
899 942
781 566
632 704
868 1100
893 580
714 667
896 1065
1292 501
684 713
1406 783
627 859
726 803
856 1525
973 670
1390 571
930 1334
1178 638
834 808
987 1233
1235 675
925 800
1034 1162
1204 762
1061 846
1215 1152
994 936
1202 788
1058 1407
1270 791
1429 763
1363 1256
1279 889
1466 814
1137 1615
1272 924
1542 830
1246 1486
1335 947
1433 902
1190 1642
1042 1154
1640 829
1442 1391
1805 799
1634 861
1388 1561
1100 1192
1695 867
1691 1370
1311 1081
1568 974
1643 1581
1855 872
1395 1095
1614 997
1688 979
1969 885
1546 1068
1354 1245
1802 989
1690 1040
1445 1176
2050 935
2510 821
2105 945
1645 1169
2016 1027
2325 960
2106 1017
2464 928
1525 1344
1630 1270
1495 1424
2171 1075
2414 1003
2377 1022
2562 963
1705 1315
1740 1289
2025 1144
1672 1356
1983 1178
1918 1227
1642 1466
2530 1042
1960 1259
2323 1120
2338 1118
1849 1426
1662 1594
1744 1607
1749 1637
2349 1252
2525 1171
2560 1215
2026 1546
2501 1291
2423 1383
2449 1418
2466 1433
2141 1673
2437 1582
2595 1411
2457 1666
2570 1596
856798745 1811936640
1
sift 67
365 341
181 202
460 536
221 269
593 702
432 433
856 936
431 459
1037 1006
467 625
1251 921
637 541
1028 1363
475 987
1413 1033
769 565
1381 1056
716 613
1140 1361
783 637
1137 1495
677 749
1246 1728
867 621
1716 1236
768 699
1763 1448
801 730
2247 1191
710 831
1770 1857
820 777
1972 1737
808 828
1842 1858
745 1049
2461 1779
749 1083
1073 714
917 980
777 1462
735 1621
871 1332
911 1252
892 1291
853 1528
962 1468
1048 1381
1385 1074
1103 1442
1096 1652
1184 1500
1175 1552
1515 1177
1422 1388
1936 1101
1557 1424
1633 1480
1685 1466
1647 1553
2070 1437
2186 1497
2533 1321
1952 1891
2481 1566
2400 1660
2424 1821
856798745 2019709110
1
sift 483
204 371
64 85
3 8
437 338
241 290
23 21
625 430
82 79
26 26
730 523
266 279
35 37
626 677
90 120
69 32
1079 1085
286 348
53 66
1014 973
110 105
58 60
767 2004
291 350
74 81
1180 1676
127 134
108 87
376 379
141 97
154 153
139 111
621 537
146 168
174 191
136 192
1016 1030
194 158
243 266
181 178
903 1257
165 209
303 342
209 193
1021 1081
185 219
365 423
249 163
1063 1303
259 180
465 367
221 240
1255 1175
224 269
418 444
292 262
1034 1446
244 302
676 663
262 289
895 1989
381 256
795 927
282 313
1098 1481
323 319
857 966
306 365
1621 1872
327 351
946 860
401 312
1701 1930
318 378
877 1012
384 353
1763 2102
377 360
1058 907
346 412
2339 1999
390 374
980 1140
379 385
421 377
987 1160
413 386
461 357
1028 1297
410 390
448 369
1078 1414
422 401
431 397
1191 1336
487 368
463 388
1205 1347
447 414
469 428
1625 1125
455 442
476 434
1345 1458
467 440
471 449
1363 1478
489 437
509 425
1412 1513
470 457
492 468
1441 1526
512 465
484 495
1324 1780
529 451
541 452
1484 1570
534 464
530 506
1707 1839
640 441
571 484
1842 1779
578 496
587 498
1574 2093
635 473
632 481
2061 1604
566 564
672 499
2247 2030
637 519
684 524
629 550
797 492
701 579
789 533
648 645
631 667
769 547
702 604
644 683
744 600
655 704
687 687
732 638
798 598
808 597
686 713
714 681
831 605
698 727
696 744
894 573
710 745
849 647
751 737
785 710
718 769
708 787
861 673
801 728
949 621
829 739
840 742
605 1115
809 770
692 899
873 732
735 833
880 724
777 804
780 800
999 635
821 782
871 765
726 887
891 757
834 799
662 1065
788 842
858 796
758 929
892 811
824 912
1204 666
1040 751
1008 773
936 815
983 789
1125 720
1005 788
772 1062
915 845
887 910
864 947
994 813
1135 748
1174 740
838 1034
1056 797
804 1102
846 1047
784 1177
802 1146
1023 835
931 925
1146 776
1348 708
974 873
957 911
1272 762
700 1485
985 928
1120 819
1077 850
914 1049
1133 838
1150 830
991 957
1335 771
1258 791
922 1075
1202 831
1073 914
1039 960
951 1073
1061 950
1311 816
1065 983
1053 1005
1046 1026
1214 885
964 1137
1268 872
1329 849
1156 965
1223 932
1236 922
1260 930
1164 1002
1284 926
993 1230
1181 1010
986 1242
1186 1007
734 2023
1353 905
1256 977
1143 1092
1410 890
1207 1037
1088 1157
1089 1169
1123 1117
1216 1059
1048 1246
1203 1084
1149 1127
1325 996
1331 999
1116 1238
1769 822
1462 986
1228 1182
1099 1324
1313 1109
1661 877
2458 722
1283 1159
1447 1016
1340 1112
1424 1045
1117 1328
1178 1332
1456 1100
1318 1235
1403 1173
1526 1072
947 1894
1551 1052
1690 962
1712 968
1254 1349
1349 1272
1426 1211
1351 1279
1519 1124
1270 1364
1511 1153
1391 1245
1342 1315
1479 1189
1478 1212
1494 1194
1624 1097
1262 1433
1743 1036
1371 1326
1710 1066
1603 1148
1269 1473
1617 1133
1498 1240
1672 1108
2142 920
1524 1253
1918 1011
1434 1342
1545 1247
1681 1147
1402 1397
1418 1380
1640 1192
1550 1290
1375 1454
1565 1288
1559 1296
1333 1546
1365 1523
1583 1299
1809 1168
1894 1104
1703 1237
1662 1268
1433 1491
1466 1459
1629 1308
2016 1093
1646 1310
1533 1428
1469 1504
1740 1267
1601 1368
1444 1558
1981 1156
1684 1321
1520 1470
1448 1564
1488 1519
1711 1306
1510 1516
1916 1203
1694 1344
1568 1453
1760 1320
1831 1304
1436 1716
1682 1427
1699 1421
1405 1823
2119 1196
1757 1417
1983 1295
1407 1875
1614 1552
1554 1664
1878 1350
1851 1375
1536 1702
1590 1628
2127 1243
1432 1891
1753 1479
1652 1579
1599 1658
1906 1395
1797 1503
1514 1869
1959 1409
2029 1365
1728 1599
1744 1595
1688 1645
2258 1264
1774 1557
2079 1357
1765 1587
1857 1501
1689 1666
1867 1502
1622 1754
1791 1591
1833 1563
2415 1231
1713 1688
1904 1499
2011 1442
1969 1471
1483 2037
1911 1535
1999 1476
1781 1675
1731 1735
1950 1536
1847 1643
1587 1933
1673 1824
2252 1369
1824 1686
1961 1568
2042 1517
1739 1800
1925 1674
2028 1601
2007 1633
2026 1614
1736 1921
1861 1782
1900 1771
2437 1411
1888 1814
2021 1726
2545 1355
1874 1863
2152 1640
2050 1727
2088 1700
1946 1816
2257 1577
1811 1974
2015 1772
2457 1450
1858 1935
1884 1913
2292 1597
1803 2012
2022 1820
1989 1861
2105 1752
2189 1696
2140 1738
1829 2028
2531 1452
2111 1793
2355 1635
1798 2092
2454 1539
1927 1991
2161 1815
2177 1811
2311 1722
2464 1598
2565 1486
2259 1795
1860 2112
2132 1896
2414 1697
2173 1898
2008 2032
1977 2072
2057 2022
2288 1860
2513 1662
2429 1733
2466 1711
2003 2090
1978 2113
2146 1981
2169 1986
2069 2075
2175 2001
2206 1980
2207 1997
2171 2040
2301 1959
2528 1757
2054 2140
2504 1817
2115 2133
2284 2061
2509 1892
2442 1955
2558 1884
2447 2020
2576 1890
2219 2160
2487 2021
2534 2060
2552 2044
2602 1970
856798745 2045004962
1
sift 66
124 357
23 25
69 131
130 321
27 54
291 946
53 56
108 137
472 987
42 77
521 614
83 171
125 227
486 1505
103 158
899 1350
163 216
848 1164
2572 714
444 231
896 1416
347 296
2395 1909
280 384
1442 972
2079 182
277 478
1818 1658
306 487
498 440
329 864
487 549
469 577
305 1193
571 622
913 556
511 976
637 838
559 1071
770 872
1228 645
579 1360
670 1136
768 1064
1646 658
672 1468
871 1094
1085 889
783 1334
940 1151
705 1711
1182 969
1551 897
917 1503
994 1447
1186 1353
1541 1169
1435 1380
1114 1787
1371 1533
1268 1695
2493 1205
2433 1281
1722 1782
1989 1775
1952 1872
856798745 2124113243
1
sift 430
437 273
127 117
14 10
626 550
172 101
23 14
1660 2479
133 129
22 19
1388 1732
174 142
26 22
2491 2247
113 162
35 29
2523 2252
243 197
47 38
266 191
54 48
290 235
58 45
285 260
53 65
376 240
91 89
365 389
87 96
481 388
139 94
549 343
146 136
585 361
150 188
683 590
209 138
830 557
181 169
1140 479
207 175
1021 733
213 217
1084 690
236 206
1016 764
224 239
1037 760
292 207
928 859
262 244
903 898
258 248
1058 774
273 249
980 882
309 232
987 890
380 209
1028 866
297 256
963 942
280 292
1063 851
282 290
1002 1012
306 310
956 1071
413 284
1255 825
390 316
1367 773
379 327
1122 974
410 331
1179 1005
411 332
1205 1030
403 360
1246 1007
422 345
1190 1116
431 347
1412 953
318 514
1000 1418
469 330
1071 1297
447 365
1441 1022
477 341
1324 1245
408 417
1299 1308
471 353
1671 1074
442 373
1527 1360
463 364
2061 1110
489 350
1668 1383
491 362
1816 1367
467 423
2192 1200
534 371
1574 1589
498 418
1628 1631
476 459
2247 1394
421 579
1770 1684
529 410
1848 1616
565 377
2461 1417
509 452
2298 1625
492 482
2281 1715
511 462
2080 2366
470 521
2520 2008
551 413
2220 2337
592 415
2563 2156
524 490
2195 2490
578 444
571 475
566 485
526 554
635 445
672 466
631 486
618 503
587 545
627 525
648 513
701 489
797 461
680 536
637 578
1039 393
808 493
732 533
789 516
682 580
831 519
677 604
768 551
655 640
798 552
723 592
728 593
801 558
738 607
700 638
710 652
724 646
686 694
783 620
703 695
769 633
751 672
745 685
770 687
907 602
772 738
779 754
718 816
776 766
702 857
802 736
784 770
999 589
1347 509
838 737
692 930
878 689
707 886
871 710
953 629
824 775
696 963
867 753
1133 584
780 863
796 843
864 810
788 888
933 732
893 795
829 874
917 780
974 720
853 868
892 824
1204 618
1135 649
957 801
1074 712
785 1106
970 827
858 1011
936 867
1040 788
931 891
922 914
889 979
1297 662
983 849
991 853
911 965
1004 854
1146 755
962 880
1088 817
1008 934
1005 955
977 987
1280 796
1089 931
1267 829
1154 893
1156 902
1462 759
1046 1033
985 1105
1303 844
1216 933
1077 1085
1174 998
1476 818
1114 1061
1322 894
1136 1051
1056 1156
1065 1158
1284 952
1121 1092
1193 1056
1229 1040
1202 1072
1207 1065
1392 916
1100 1202
1113 1189
1223 1076
1183 1140
960 1460
1194 1159
1447 970
1109 1284
964 1534
1266 1160
1349 1103
1186 1277
1432 1054
1159 1332
1167 1333
1262 1229
1203 1319
1385 1121
1424 1115
1336 1211
1377 1194
1537 1075
1343 1249
1364 1228
1386 1212
1435 1201
1411 1243
1313 1371
1283 1408
1438 1237
1545 1190
1182 1561
1690 1079
1270 1479
1602 1151
1403 1351
1526 1241
1559 1215
1455 1343
1365 1443
1500 1320
1786 1093
1524 1350
1740 1175
1582 1305
1533 1377
1429 1469
1765 1188
1369 1529
1402 1518
1694 1256
1735 1254
1466 1497
1950 1135
1342 1635
1565 1413
1517 1456
1743 1267
1785 1253
2070 1107
1498 1514
1587 1428
1744 1313
1684 1370
1510 1519
1727 1341
1681 1381
1959 1210
1685 1399
1371 1714
1647 1429
1887 1260
1583 1494
1600 1487
1416 1706
2124 1187
1622 1501
1436 1708
2029 1236
2323 1148
1451 1776
2066 1300
2026 1340
1614 1594
1697 1553
1475 1844
2115 1329
2421 1183
1924 1439
1557 1745
1443 1923
1568 1727
1619 1669
1759 1556
1640 1661
1814 1526
1754 1569
2202 1317
1983 1440
1916 1483
1970 1455
2415 1231
1703 1624
1817 1579
1543 1948
1632 1832
1904 1577
2188 1437
1906 1585
1997 1548
1473 2155
1774 1754
2218 1459
1728 1843
1560 2096
1833 1765
2161 1533
2565 1346
2457 1419
1855 1818
1823 1860
2162 1595
1989 1750
2096 1674
1977 1777
2386 1546
1872 1913
1615 2253
2132 1717
1984 1862
1885 1955
1927 1930
2043 1824
2019 1848
2028 1849
1854 2052
1689 2263
2201 1762
1713 2272
1961 2005
2251 1757
2197 1809
2466 1597
2196 1823
2376 1729
2440 1659
2169 1880
2250 1839
2165 1905
2282 1858
2315 1842
2284 1936
2558 1688
2429 1814
2050 2201
2140 2132
2008 2259
2208 2076
2533 1816
2525 1840
2347 2065
2442 1949
1976 2395
2098 2325
2228 2238
2393 2110
2553 1914
2460 2029
2408 2172
2567 2009
2424 2222
2263 2373
2501 2206
2445 2260
2330 2384
2600 1929
2571 2147
2602 1969
2578 2149
2528 2264
2411 2410
856798745 2130703568
1
sift 64
130 323
27 53
69 107
324 694
103 119
473 772
83 132
108 125
293 213
480 1204
141 136
125 207
309 746
185 526
249 349
369 656
275 395
401 527
498 495
329 1068
515 683
403 851
455 825
940 766
659 645
526 898
1425 2013
635 696
448 1455
524 1080
638 946
640 1017
809 844
684 1015
672 1593
745 1475
783 1398
1174 915
792 1502
768 1613
789 1886
820 1879
858 1770
1077 1348
1542 1158
1050 1639
1182 1485
1053 1797
1048 1821
1093 1719
1590 1317
1283 1647
1186 1780
1640 1367
1557 1773
1554 1805
1522 2021
1806 1844
2252 1698
2111 1813
2458 1586
2216 1887
2066 1979
2493 1767
856798745 2146998783
1
sift 68
124 346
23 21
53 58
130 331
173 215
211 185
376 520
224 273
207 429
388 262
342 366
396 360
379 387
309 545
448 500
463 702
498 688
484 807
511 820
659 652
635 706
637 811
677 832
772 755
829 889
893 819
672 1243
841 1013
800 1046
781 1121
792 1110
705 1302
783 1180
1174 803
796 1186
924 1010
751 1380
820 1230
931 1069
770 1498
808 1405
789 1468
858 1399
1077 1082
1270 973
936 1309
867 1484
1182 1058
1333 1030
1073 1239
991 1391
983 1478
1329 1176
1202 1337
1186 1421
1156 1527
1283 1437
1284 1530
1802 1172
1533 1414
1688 1349
1444 1559
1640 1457
2152 1429
1961 1543
2066 1529
1806 1613
2493 1499
