868876902 1203176847
1
sift 320
1295 957
86 86
28 19
73 100
29 26
384 397
31 21
111 122
40 51
454 448
42 57
131 146
47 54
514 554
70 87
144 157
77 80
521 586
92 70
162 183
68 94
517 654
107 71
174 196
124 115
570 619
112 144
198 217
129 132
634 563
158 114
229 245
133 149
707 689
175 126
271 256
153 153
689 717
154 159
286 282
210 135
614 1035
177 154
304 275
191 200
664 860
206 194
283 306
183 247
697 1175
211 210
318 277
352 150
773 1115
260 209
310 316
280 195
881 990
244 220
341 268
267 224
774 1331
272 241
325 317
221 320
976 928
282 251
323 364
317 238
952 1207
333 236
288 465
269 318
1190 1077
300 284
372 401
274 327
1001 1358
262 390
405 490
301 349
960 1481
342 272
417 574
290 362
1119 1276
308 355
527 504
322 344
1131 1398
344 313
477 644
494 219
1159 1428
316 384
500 643
379 331
1121 1712
416 295
526 611
319 431
1263 1442
374 373
506 655
351 433
1502 1542
361 424
511 667
380 407
1799 1322
485 328
701 949
393 405
1574 1575
422 388
946 783
383 442
408 435
766 1102
401 449
366 524
883 1095
403 495
409 498
841 1210
513 380
463 426
894 1490
433 475
407 531
940 1369
413 549
430 539
951 1378
456 516
457 546
1029 1367
472 541
523 473
1017 1528
531 492
410 731
1101 1403
515 515
524 509
1187 1536
536 570
505 622
1084 1873
470 720
327 1999
1312 1483
491 668
554 585
1110 1976
667 487
566 615
1219 1801
545 651
613 614
1430 1744
745 532
543 790
1717 1645
617 679
659 625
1587 1977
581 755
619 714
1749 1973
730 630
749 628
1724 2001
578 858
623 795
677 706
708 680
1024 501
679 747
657 779
671 770
635 835
627 853
652 827
670 802
645 866
684 813
622 1002
764 754
654 893
803 729
757 781
739 822
768 793
714 857
733 852
715 910
692 945
755 876
854 741
834 749
698 975
753 930
741 979
758 988
961 798
913 841
793 1142
1030 794
902 926
812 1141
831 1078
662 1660
1002 837
937 932
828 1150
830 1162
986 914
925 993
839 1154
981 991
886 1220
807 1501
878 1281
849 1434
912 1258
1135 992
1148 995
1047 1110
956 1266
1042 1176
939 1299
1151 1068
989 1296
945 1405
1051 1238
988 1390
1031 1318
948 1545
998 1423
1373 1036
944 1606
1065 1348
1082 1315
1076 1342
1357 1085
1174 1217
1006 1505
1009 1503
1259 1155
943 1726
1518 1019
1032 1512
1074 1460
1292 1192
1548 1064
1171 1346
1073 1559
1204 1307
1112 1496
1779 984
1238 1356
1115 1619
1342 1263
1095 1665
1150 1553
1055 1771
1123 1623
1093 1701
1240 1407
1372 1278
1109 1696
1498 1203
1156 1616
1108 1739
1507 1242
1155 1686
1250 1506
1269 1469
1399 1330
1200 1647
1593 1224
1184 1682
1567 1245
1141 1841
1300 1525
1177 1788
1215 1752
1158 1862
1405 1467
1431 1487
1223 1812
1201 1879
1695 1302
1390 1630
1394 1640
1173 1966
1297 1784
1541 1509
1506 1607
1620 1488
1400 1811
1360 1863
1485 1746
1537 1763
1653 1656
1446 1935
1540 1848
1428 1950
1718 1685
1417 1991
1562 1908
1536 1940
1465 1988
1633 1876
1580 1919
1551 1946
1686 1853
1524 1996
1771 1827
868876902 1228518096
1
sift 117
1198 1519
514 541
47 51
68 50
133 187
521 786
70 81
73 98
211 294
707 775
111 142
131 173
243 248
664 1160
174 194
154 242
244 261
773 1830
162 274
179 272
317 226
1627 1337
229 298
217 372
485 239
259 332
271 316
322 367
283 365
318 371
379 368
341 347
325 380
401 361
300 483
373 354
422 404
378 394
391 397
404 438
361 475
380 429
374 487
408 478
383 536
399 490
386 513
418 498
457 455
405 603
500 600
536 553
427 818
497 703
741 544
527 704
506 752
644 709
526 707
622 582
730 650
507 999
581 1115
655 741
627 967
623 1203
677 942
671 972
670 1171
782 943
668 1238
701 1179
758 1112
763 1068
753 1227
757 1189
986 815
891 1116
733 1242
854 1073
828 1501
708 1613
882 1167
894 1798
1002 958
878 1269
1399 1173
945 1200
902 1316
1204 1505
1042 1206
839 1698
1264 1455
1163 1138
944 1491
1219 1635
1030 1372
994 1439
1178 1877
938 1756
1037 1530
1417 1573
948 1780
1078 1549
1356 1841
1223 1403
980 1949
1065 1919
1123 1936
1412 1563
1269 1825
1779 1415
1486 1773
1491 1768
1690 1730
1726 1718
1550 1926
868876902 1305823326
1
sift 355
1514 1394
44 37
37 31
289 245
42 49
437 423
47 53
517 478
51 66
484 483
77 86
570 477
102 91
489 479
85 122
626 468
104 94
720 441
117 99
634 692
111 121
695 643
135 125
664 684
131 129
791 575
129 135
729 732
154 127
959 617
145 134
952 750
177 133
976 713
179 141
1119 679
211 137
960 1018
206 155
1001 1022
175 201
1058 1012
217 158
1159 1045
174 203
1263 1084
229 215
1370 1019
269 198
1326 1105
278 196
1121 1503
243 220
1162 1525
222 257
1234 1469
271 219
1658 1310
259 239
299 236
1502 1570
264 251
307 229
285 247
295 244
300 246
283 264
286 276
290 281
274 295
341 249
319 268
328 273
309 316
358 293
316 348
363 298
311 388
368 314
304 435
361 331
369 322
366 328
407 336
386 359
409 349
378 380
405 362
452 326
513 301
380 410
433 379
388 414
410 400
422 392
470 366
472 377
531 355
527 369
451 427
401 507
457 432
459 451
522 404
487 446
506 438
520 428
554 408
500 457
498 470
505 464
511 455
566 420
428 620
526 495
545 504
536 508
477 598
530 525
551 527
667 434
568 515
655 452
645 494
612 522
598 534
581 568
601 572
482 780
740 497
775 486
652 541
635 622
578 722
745 536
679 591
659 632
685 599
670 623
722 579
739 569
657 648
653 663
761 574
686 634
754 588
699 639
702 655
853 532
675 701
730 664
758 646
692 696
708 693
622 794
733 708
834 589
793 658
759 703
750 718
831 645
817 669
847 633
824 661
632 935
688 815
889 688
803 766
751 842
828 760
869 739
907 717
902 726
886 747
925 710
811 852
855 783
830 804
806 870
842 802
891 785
936 762
1002 757
974 768
910 816
900 860
940 798
951 826
1040 784
878 979
1055 791
930 898
933 904
928 945
1030 847
1109 795
945 954
946 956
948 958
1014 883
996 933
1035 895
1000 942
1096 849
999 950
1003 946
1148 833
988 987
915 1102
944 1048
1042 949
1066 925
1816 666
1032 969
1009 1000
894 1179
1061 973
1093 977
1101 988
1203 892
1018 1078
943 1187
1065 1040
1073 1034
993 1125
1209 923
1024 1097
962 1220
1091 1056
1008 1166
1266 920
1481 828
1084 1094
1104 1082
1123 1072
1078 1116
1165 1041
1153 1067
1156 1061
1099 1146
1319 962
1834 775
1573 889
1638 872
1141 1183
1371 998
1501 936
1195 1142
1282 1069
1139 1242
1410 1020
1530 960
1184 1210
1224 1149
1215 1198
1218 1199
1211 1208
1178 1254
1177 1267
1400 1068
1686 940
1312 1133
1204 1263
1108 1426
1171 1331
1227 1261
1308 1175
1431 1095
1210 1300
1305 1190
1480 1079
1152 1405
1349 1163
1325 1200
1302 1234
1076 1605
1300 1266
1396 1216
1269 1327
1846 888
1155 1535
1173 1490
1486 1161
1478 1174
1588 1124
1457 1226
1328 1341
1595 1152
1407 1298
1601 1168
1344 1374
1447 1293
1838 1021
1562 1222
1437 1330
1287 1487
1510 1277
1192 1671
1415 1387
1445 1378
1575 1285
1369 1452
1506 1329
1458 1398
1607 1280
1579 1299
1544 1336
1435 1438
1284 1626
1515 1365
1649 1282
1474 1483
1333 1647
1504 1474
1464 1568
1602 1437
1536 1517
1547 1519
1585 1496
1719 1368
1551 1552
1743 1370
1587 1560
1688 1451
1842 1239
1759 1400
1600 1573
1534 1625
1543 1622
1705 1473
1749 1436
1655 1556
1673 1526
1613 1619
1771 1455
1552 1698
1581 1679
1521 1750
1611 1676
1577 1714
1757 1539
1609 1691
1777 1530
1805 1515
1774 1599
1707 1682
1760 1638
1612 1767
1702 1743
1532 1802
1739 1727
1823 1595
1704 1770
1794 1737
1737 1794
868876902 1358582240
1
sift 54
202 220
441 744
104 130
406 236
162 338
92 212
1198 1146
1627 1519
229 339
218 418
322 333
1814 1145
259 394
309 336
422 355
318 374
300 538
399 440
361 465
398 686
374 468
408 458
543 572
468 535
553 512
527 604
541 1054
506 929
581 1234
794 785
617 1335
668 1388
757 1056
885 955
753 1733
902 1021
758 1529
895 1233
735 1695
878 1440
1017 1292
1163 1227
948 1580
1178 1684
1833 940
1226 1514
1647 1354
1726 1205
1612 1286
1448 1693
1148 1932
1464 1520
1629 1594
1431 1549
868876902 1430327691
1
sift 64
47 50
1653 2341
111 112
243 205
174 135
209 146
317 189
162 230
229 257
1624 126
259 271
271 262
322 361
309 266
373 276
379 317
378 311
422 324
408 529
361 417
398 538
374 597
479 541
622 495
730 579
526 606
506 717
652 639
757 731
763 819
677 949
761 865
551 1615
733 1330
670 1077
668 1285
782 1219
753 1110
777 1057
758 1454
891 978
1320 820
1002 965
1030 1073
1205 1347
994 1127
839 1677
1178 1746
902 1492
878 1705
1346 2203
1096 1504
1163 1475
1647 1889
1726 1443
1491 1685
1661 2068
1464 1863
1550 1935
1611 2289
1486 2159
1501 2220
1720 2152
1628 2309
868876902 1689478995
1
sift 670
126 107
44 39
6 3
166 144
86 68
7 5
202 150
289 242
13 15
238 201
285 271
16 14
181 304
336 264
23 16
255 233
460 294
29 19
406 407
387 383
32 26
385 444
454 372
37 32
1189 459
397 429
43 30
1278 1301
438 405
40 36
1450 1352
514 411
42 35
1295 1522
521 453
46 42
1514 1651
484 498
59 43
495 496
51 51
488 511
53 50
517 473
61 54
489 512
57 60
570 504
71 59
626 513
76 61
575 545
77 63
634 521
70 65
651 589
72 66
724 507
68 72
689 563
73 67
707 569
84 75
665 647
79 78
621 685
90 80
720 602
103 79
697 659
107 88
695 689
116 83
664 729
115 85
780 651
102 93
729 708
109 90
774 726
111 96
779 760
114 95
874 852
112 98
952 767
120 94
865 952
117 97
960 865
127 103
959 868
129 104
1023 834
121 114
1119 790
131 115
932 977
141 106
1001 912
152 99
1162 932
144 119
1149 969
139 126
1121 1069
135 133
1159 1077
158 118
1263 993
154 122
1138 1108
190 108
1336 1004
164 124
1341 1013
156 131
1339 1016
161 132
1267 1121
163 134
1005 1464
157 143
1214 1216
165 136
1234 1278
184 135
1370 1260
175 138
1725 1066
174 146
1401 1275
196 142
1574 1235
177 147
1391 1401
191 149
1258 1703
215 139
1502 1390
187 168
1553 1419
198 154
1301 1737
206 166
1796 1610
211 155
1799 1728
217 162
203 181
201 185
210 177
243 153
230 173
194 209
225 183
222 186
229 194
298 157
278 178
252 189
254 193
221 227
231 217
258 199
260 206
259 207
272 198
271 204
268 210
261 219
269 213
267 216
294 200
274 222
264 236
283 228
286 224
265 246
262 255
300 225
282 239
303 220
301 238
287 245
290 240
292 252
288 261
304 258
309 253
332 226
307 256
318 248
248 316
327 250
352 234
330 259
328 265
343 247
323 276
311 285
295 302
341 269
312 300
392 251
321 307
370 274
354 284
395 268
316 339
389 272
356 289
353 299
361 298
351 317
344 340
369 303
368 306
339 377
366 320
364 325
391 309
380 322
372 334
383 329
416 315
408 333
409 330
398 342
407 341
405 343
403 348
422 331
394 365
413 350
456 308
401 367
440 324
393 384
417 371
478 321
427 382
494 319
431 385
428 387
470 346
476 336
468 354
426 398
430 401
451 380
461 376
479 370
463 392
410 443
516 344
467 404
457 409
472 400
445 445
469 421
513 397
497 412
491 422
571 375
449 482
477 436
492 433
498 427
515 417
482 451
466 477
505 440
511 435
506 447
525 431
550 419
527 450
531 452
596 414
526 458
522 462
543 460
554 456
533 483
546 465
539 484
545 478
507 508
551 486
530 505
578 501
581 510
594 506
588 523
708 441
631 489
598 522
566 544
667 479
649 491
601 531
673 490
727 470
613 539
635 527
612 555
761 476
624 546
787 466
557 648
682 525
622 568
746 499
641 547
619 583
627 570
661 538
499 761
819 472
642 562
698 533
644 571
671 551
630 607
668 564
659 579
646 587
670 567
717 540
822 503
677 573
666 586
655 605
740 548
675 592
645 621
756 552
792 536
739 566
723 588
693 609
758 580
715 598
711 608
701 616
699 632
753 601
628 721
768 594
733 622
709 638
714 635
759 645
770 634
765 642
777 643
812 617
738 683
766 665
815 631
741 696
793 658
763 687
752 707
795 677
847 633
821 660
969 578
685 778
813 680
828 662
806 703
839 674
1020 585
913 646
824 713
831 704
814 725
882 667
662 960
869 694
858 711
797 775
848 730
904 692
767 847
719 921
975 657
825 765
840 755
970 715
1068 669
1048 688
760 1008
857 821
887 783
883 792
886 800
977 738
849 875
905 809
910 802
737 1143
934 794
945 791
929 823
925 846
894 909
951 826
1094 746
956 830
940 840
946 836
915 885
1011 788
930 866
986 822
1009 799
989 827
918 937
1018 829
1183 753
972 904
1073 814
1092 808
1031 867
988 902
1090 820
1096 816
962 961
1035 883
1003 920
1032 892
944 989
1171 784
1077 861
1051 899
996 959
993 974
1151 833
1088 887
1129 857
1066 913
931 1056
1037 954
1055 947
957 1049
1112 889
964 1045
1082 917
979 1029
1028 985
1061 963
1248 811
1109 924
1108 928
1272 810
1065 979
860 1329
1014 1038
1179 888
1012 1058
1025 1041
928 1153
1399 779
1000 1083
1084 990
1186 930
1308 842
1177 945
1150 968
999 1111
1269 877
1101 1009
1135 988
1123 997
1091 1032
1215 935
1080 1054
1110 1035
1139 1003
1174 975
1203 967
1233 951
1184 992
1024 1154
1357 897
1038 1174
1178 1034
1319 942
1089 1134
1224 1006
1403 922
1204 1065
1144 1147
1211 1103
1243 1085
1156 1163
1219 1117
1053 1377
1223 1114
1840 789
1312 1073
1220 1133
1395 1023
1607 946
1168 1221
1381 1048
1457 1025
1342 1097
1315 1107
1302 1128
1371 1099
1274 1158
1093 1466
1423 1082
1279 1157
1167 1330
1530 1027
1213 1258
1762 938
1503 1043
1373 1113
1512 1052
1327 1146
1287 1199
1289 1202
1242 1252
1285 1217
1536 1063
1474 1092
1349 1155
1354 1171
1158 1456
1352 1197
1275 1268
1304 1269
1669 1059
1430 1177
1414 1189
1498 1138
1470 1151
1413 1215
1410 1227
1321 1302
1445 1213
1417 1237
1779 1024
1480 1178
1407 1241
1333 1319
1518 1150
1485 1187
1619 1118
1329 1338
1478 1233
1437 1267
1458 1256
1435 1272
1537 1192
1523 1205
1305 1411
1787 1062
1286 1451
1515 1219
1365 1356
1306 1436
1564 1200
1447 1306
1594 1209
1491 1273
1377 1387
1359 1421
1490 1291
1511 1279
1668 1170
1400 1385
1387 1414
1548 1261
1453 1369
1595 1247
1588 1253
1487 1348
1428 1424
1420 1442
1593 1280
1544 1326
1531 1342
1545 1332
1245 1698
1421 1461
1602 1285
1601 1289
1562 1334
1638 1270
1580 1323
1551 1345
1355 1563
1461 1450
1579 1350
1683 1264
1576 1368
1591 1354
1547 1389
1369 1598
1573 1378
1717 1257
1585 1383
1630 1360
1759 1240
1659 1336
1587 1392
1524 1468
1532 1460
1687 1325
1522 1481
1816 1182
1622 1397
1613 1410
1615 1430
1600 1441
1483 1587
1626 1439
1507 1557
1609 1482
1673 1429
1647 1473
1631 1508
1705 1455
1637 1538
1743 1428
1611 1577
1661 1516
1549 1645
1656 1531
1541 1659
1696 1493
1703 1485
1737 1487
1628 1622
1749 1496
1708 1551
1716 1537
1807 1395
1720 1555
1581 1705
1760 1528
1773 1514
1715 1594
1739 1566
1723 1589
1649 1666
1636 1696
1750 1578
1679 1653
1768 1567
1702 1635
1699 1648
1697 1669
1756 1611
1798 1575
1752 1667
1794 1607
1785 1642
1788 1636
1781 1691
1791 1676
1838 1630
1846 1539
868876902 2014127030
1
sift 86
126 134
99 55
92 75
181 437
162 285
77 104
202 174
441 534
211 205
1189 1262
378 433
174 283
406 362
267 228
1670 1020
350 206
385 428
318 292
248 570
1198 1174
286 472
325 415
1254 1395
401 349
391 470
1450 1370
430 467
479 482
1814 1175
533 618
543 655
526 682
642 725
671 706
684 703
555 1145
733 905
823 782
857 765
986 729
831 867
935 910
912 1038
1052 931
988 988
914 1103
963 1111
944 1176
1077 1046
989 1137
1141 1008
1165 1010
1259 964
1063 1152
1026 1208
1073 1191
1224 1053
1152 1139
1109 1212
1080 1284
1226 1148
1115 1334
1127 1331
1177 1259
1223 1218
1243 1249
1394 1150
1108 1478
1249 1326
1444 1205
1719 1093
1342 1328
1360 1313
1242 1459
1381 1347
1354 1375
1707 1138
1414 1409
1400 1465
1651 1267
1441 1442
1771 1216
1578 1371
1710 1279
1686 1309
1395 1517
868876902 2019709110
1
sift 145
992 886
47 66
366 292
229 129
269 158
1198 1748
272 167
407 287
369 343
308 180
1828 1964
244 269
491 371
555 350
319 360
363 325
551 486
951 676
408 365
433 392
775 430
1014 895
388 457
451 473
699 523
996 979
487 452
559 444
711 665
1287 963
545 502
667 417
1573 803
1306 964
536 565
458 885
1515 1029
659 495
553 654
1156 1445
601 610
831 481
1349 1209
793 540
824 524
1628 1259
652 713
708 639
1204 1990
657 739
671 768
1842 1162
692 740
686 829
1699 1393
751 906
886 741
1757 1480
907 714
902 738
730 1062
803 929
900 813
709 1332
839 922
842 932
1055 771
1109 762
1011 831
980 849
925 950
938 1006
1002 925
832 1327
1134 860
1155 877
968 1159
953 1212
878 1432
1018 1192
945 1364
915 1471
1148 1084
1030 1299
1270 974
857 1893
1042 1315
993 1453
988 1491
999 1489
1086 1333
1163 1240
1410 1011
1073 1459
1414 1045
971 1793
1365 1108
1266 1250
1200 1342
1065 1645
1096 1572
1123 1552
1108 1598
1530 1093
1524 1120
1184 1548
1405 1273
1139 1697
1229 1518
1165 1716
1153 1744
1588 1208
1034 2090
1302 1458
1480 1295
1177 1752
1439 1363
1465 1365
1215 1727
1601 1267
1195 1800
1743 1186
1544 1336
1209 1838
1715 1268
1224 1903
1116 2139
1173 2022
1390 1701
1227 1991
1649 1450
1300 1921
1486 1666
1676 1499
1481 1782
1445 1858
1642 1591
1659 1681
1557 1824
1455 2037
1794 1595
1551 2121
1590 2100
1759 2025
1771 2034
868876902 2045004962
1
sift 101
992 1481
521 621
47 56
1166 1594
70 92
208 210
1198 1413
689 744
73 113
1828 1607
111 143
217 513
1814 1412
664 848
144 189
174 184
322 364
707 842
162 268
258 261
300 501
229 316
249 322
379 344
271 313
259 359
381 391
286 357
309 336
361 463
318 392
373 326
413 409
391 430
500 530
380 466
399 451
622 563
422 424
408 487
526 696
398 536
536 467
763 881
553 568
543 655
670 1505
730 529
653 690
1063 1308
692 801
581 1140
1178 1873
733 878
782 983
1647 1746
803 955
708 1184
757 1100
753 1146
854 982
777 1187
944 1033
891 1206
878 1249
875 1292
955 1156
849 1537
1096 1080
948 1300
984 1238
1171 1030
937 1348
938 1352
1088 1197
902 1620
1322 1044
1073 1374
980 1615
1412 1115
1184 1336
1009 1750
1222 1342
1204 1416
1177 1511
1224 1501
1065 1838
1216 1629
1332 1463
1432 1469
1269 1679
1726 1317
1197 1895
1491 1531
1266 1861
1607 1538
1319 1868
1772 1464
1464 1787
1577 1735
1758 1712
868876902 2124113243
1
sift 79
244 239
379 327
433 369
388 521
451 445
381 602
487 474
413 766
545 504
831 414
708 565
745 554
782 603
654 810
792 621
912 539
671 836
709 779
730 738
657 874
758 795
692 998
733 984
750 987
1109 634
751 1314
844 1077
784 1409
885 1056
833 1416
1011 1072
938 1278
1355 813
948 1343
1270 900
999 1286
945 1479
1253 1018
1030 1494
1524 924
1226 1191
1073 1497
1018 1661
993 1727
1414 1115
1530 1059
1076 1671
1163 1514
1123 1594
1037 1877
1588 1124
1465 1236
1601 1175
1090 1851
1165 1708
1480 1440
1229 1824
1224 1931
1227 1930
1649 1419
1173 2133
1794 1313
1393 1721
1354 1840
1400 1776
1215 2201
1433 1869
1675 1576
1171 2423
1551 2115
1536 2183
1486 2263
1763 1858
1659 2143
1484 2374
1669 2177
1534 2396
1608 2334
1596 2436
868876902 2130703568
1
sift 130
1278 1310
689 878
47 50
1814 1799
111 142
70 88
1828 1811
707 1233
73 115
162 225
129 118
1159 2014
131 170
229 310
144 178
1799 2003
174 180
304 283
191 218
208 276
259 338
258 237
243 306
288 506
244 314
249 324
405 572
271 337
301 326
498 581
262 398
283 369
500 641
309 340
318 413
646 889
322 408
373 321
930 1836
325 417
300 529
381 358
379 371
413 375
341 498
401 424
361 502
391 446
380 472
399 471
422 475
374 544
540 459
409 761
408 776
536 508
543 546
533 585
526 730
644 569
545 759
588 669
622 610
530 848
635 645
632 674
687 634
551 977
671 716
627 839
652 900
677 901
675 928
692 915
745 898
733 959
763 916
668 1188
757 981
758 993
792 922
753 1207
812 1028
739 1252
762 1204
803 1105
857 1023
918 949
853 1117
782 1461
933 1106
790 1529
1008 1018
944 1111
945 1199
953 1229
866 1455
891 1418
1171 1020
1030 1246
878 1566
1034 1273
1269 1002
1096 1237
1141 1203
1018 1367
948 1526
1108 1370
937 1729
1002 1606
938 1781
1076 1469
1175 1336
980 1711
1065 1551
1184 1443
1009 1843
1073 1688
1216 1523
1152 1697
1177 1734
1322 1533
1208 1717
1197 1805
1178 2016
1255 1952
1569 1673
1521 1769
1618 1928
1542 2011
868876902 2146998783
1
sift 166
80 162
47 58
86 175
77 93
454 673
70 99
514 692
73 116
517 842
111 151
521 848
131 174
563 1244
133 182
689 852
174 204
570 1245
162 233
707 1022
208 194
881 814
198 224
697 1593
191 237
179 259
244 273
229 316
252 292
290 263
264 301
250 331
271 321
259 355
304 296
301 323
286 346
283 371
279 404
309 352
312 395
322 366
318 382
300 470
288 510
325 435
372 375
341 449
363 409
379 387
378 446
361 484
399 428
413 416
391 456
380 486
422 461
531 360
427 457
383 548
405 568
470 493
398 610
408 608
409 669
459 565
479 620
498 615
533 578
642 491
500 646
472 783
435 1016
507 741
497 794
587 644
506 827
741 525
644 606
530 806
622 672
635 652
527 875
555 805
511 934
632 690
666 691
761 631
581 941
627 834
677 751
756 724
671 829
730 755
692 803
657 889
653 901
675 870
646 968
758 819
668 1039
733 923
757 981
792 920
854 821
763 1005
830 876
782 983
753 1055
701 1149
670 1272
812 951
739 1121
803 1014
961 792
777 1127
889 904
945 973
839 1156
883 1076
1008 930
759 1517
918 1072
986 997
843 1266
878 1191
863 1333
885 1277
1002 1069
954 1162
944 1172
988 1133
980 1176
902 1379
1108 1054
1091 1092
939 1421
875 1608
948 1444
1141 1153
930 1555
1096 1267
934 1569
1116 1254
1065 1349
1018 1457
1171 1229
1163 1287
1148 1336
1095 1423
1009 1614
1152 1456
1144 1493
1477 1154
1173 1504
1219 1480
1224 1531
1308 1440
1243 1532
1501 1315
1790 1120
1457 1385
1356 1582
1491 1509
1607 1441
1521 1542
1550 1591
