936120456 1029832138
1
sift 331
697 526
6 3
49 28
1312 931
18 22
51 39
1530 897
47 16
52 40
68 60
84 73
111 103
95 107
115 100
161 89
120 98
145 110
101 128
150 116
129 112
154 122
123 120
160 133
146 111
183 171
164 135
201 163
169 149
218 167
187 138
173 215
193 184
250 197
211 191
251 225
261 175
270 234
215 202
315 238
233 203
243 289
245 208
310 265
237 223
324 280
269 217
348 284
265 227
334 296
273 230
306 339
305 242
393 256
296 253
325 329
271 292
320 336
282 299
360 305
290 312
404 434
308 300
493 356
329 269
487 386
358 258
401 476
331 313
457 442
338 295
1335 245
382 266
465 452
405 268
515 424
371 330
469 464
322 394
460 475
351 371
648 353
383 342
540 431
377 351
480 525
354 382
472 573
387 349
634 427
343 395
511 560
408 360
672 449
421 453
529 559
503 396
538 555
489 598
532 576
574 511
577 519
559 565
615 506
743 463
547 615
602 530
639 514
590 550
542 652
657 548
519 747
505 778
586 629
663 544
588 628
566 659
654 624
562 675
775 518
668 587
798 505
650 608
611 702
684 639
738 574
692 662
756 561
643 713
616 719
720 647
748 600
794 612
731 634
621 784
718 663
817 658
734 642
1144 492
632 759
796 710
843 554
679 826
698 730
1035 535
791 632
808 853
681 749
769 909
530 1038
859 801
640 807
984 725
759 696
880 805
754 711
1293 603
846 616
1450 605
629 850
1049 820
801 687
911 1062
809 714
1092 870
772 748
717 1660
799 756
1026 1079
676 903
1067 1050
845 722
1090 1035
702 883
981 1156
1086 564
1198 959
888 688
996 1202
849 739
1601 1092
852 744
1295 1342
1099 597
1596 1427
885 726
1611 1591
1127 589
1707 1676
890 754
1674 1739
1020 679
1848 1805
763 997
864 823
779 972
1030 724
959 761
818 988
931 808
942 810
1033 775
828 1046
900 867
709 1343
1075 773
863 1005
874 995
855 1024
814 1159
1032 822
935 891
912 987
908 1015
976 967
1138 831
1145 839
1059 915
853 1214
947 1059
958 1054
1209 857
1098 965
1110 963
1003 1086
1028 1068
1044 1105
945 1215
1190 968
1097 1069
918 1284
1243 971
1009 1212
1339 901
969 1251
1180 1033
1325 925
1076 1157
978 1288
1064 1210
1214 1047
1224 1044
1372 947
1124 1158
1188 1107
1221 1095
1192 1130
1178 1242
1726 895
1053 1460
1079 1424
1181 1302
1332 1163
1280 1227
1356 1177
1363 1167
1266 1265
1252 1287
1458 1109
1230 1323
1197 1370
1175 1437
1300 1276
1200 1400
1657 1064
1351 1261
1344 1267
1241 1382
1298 1326
1319 1345
1331 1356
1117 1681
1761 1074
1213 1570
1278 1483
1314 1426
1402 1330
1467 1271
1527 1241
1338 1444
1407 1367
1296 1590
1345 1505
1369 1484
1558 1301
1236 1704
1460 1384
1297 1641
1542 1347
1610 1316
1405 1534
1393 1568
1346 1642
1385 1628
1655 1351
1629 1390
1429 1618
1730 1341
1763 1332
1483 1624
1545 1565
1561 1554
1510 1630
1401 1770
1594 1553
1526 1647
1436 1748
1577 1623
1735 1488
1465 1759
1576 1662
1538 1697
1536 1700
1874 1466
1583 1711
1820 1498
1500 1782
1796 1524
1731 1599
1834 1585
1806 1648
1793 1664
1876 1601
1752 1723
1759 1725
1833 1670
1871 1653
1812 1695
1870 1667
1903 1627
1840 1709
1929 1673
936120456 1186326363
1
sift 141
18 19
52 45
47 27
84 80
101 102
145 117
187 115
111 144
123 154
154 131
169 164
200 169
193 210
391 192
211 207
202 226
261 190
315 249
269 212
340 258
233 242
310 322
265 279
393 245
305 267
323 384
296 300
282 362
271 376
464 305
338 309
321 934
385 364
672 351
387 414
469 468
408 378
474 491
351 847
463 516
503 467
441 660
621 567
634 451
602 589
511 646
590 639
538 624
649 606
519 674
668 612
529 652
575 805
542 642
794 661
776 455
505 1358
615 579
562 1069
785 476
692 929
547 776
1144 684
738 570
861 1014
748 586
808 1254
586 823
1092 927
616 840
1090 1292
654 808
1049 1394
754 699
1239 1250
632 930
1396 1544
640 955
1596 1463
698 921
1916 1674
623 1059
843 708
1099 564
809 780
888 685
1455 486
702 1055
772 994
864 909
676 1413
942 790
1030 755
1032 771
934 848
1138 721
855 1150
983 954
863 1197
1258 886
853 1458
1251 907
947 1251
994 1297
1164 1125
1019 1319
918 1528
1260 1075
1124 1214
1559 891
969 1557
1339 1093
1012 1598
1044 1521
1314 1181
1266 1246
1182 1370
1053 1679
1287 1316
1240 1387
1175 1502
1480 1192
1194 1606
1319 1542
1333 1562
1486 1454
1676 1310
1558 1441
1467 1573
1833 1263
1729 1361
1536 1523
1752 1366
1436 1657
1735 1403
1658 1489
1570 1611
1874 1537
1682 1690
1756 1645
1823 1689
936120456 1228518096
1
sift 116
74 80
297 354
43 31
112 130
1090 1635
80 53
134 125
83 69
141 128
1370 1967
137 104
149 158
143 121
163 157
152 143
195 210
128 188
196 230
184 100
259 285
181 154
396 486
194 192
399 511
189 221
501 777
207 223
1444 1172
204 251
1249 1401
370 181
258 257
224 308
255 311
288 326
314 320
286 383
324 339
300 385
284 425
384 341
361 374
312 450
363 454
389 495
381 518
427 435
448 528
456 555
475 564
557 540
502 670
580 638
560 668
508 821
554 784
500 964
547 874
665 741
536 971
685 749
700 771
695 849
778 819
652 1077
681 1092
628 1255
603 1315
734 1024
632 1298
690 1239
779 1046
858 1043
869 1033
889 991
899 1081
885 1178
751 1698
799 1601
749 1768
827 1538
1010 1183
1057 1217
807 1919
1083 1218
908 1542
1148 1213
920 1523
1088 1300
856 1848
1046 1353
945 1569
1024 1432
934 1766
975 1782
969 1853
1078 1653
1164 1485
1176 1502
1027 1854
1155 1606
1232 1471
1347 1357
1199 1622
1118 1925
1215 1747
1275 1715
1585 1358
1306 1836
1401 1761
1612 1561
1590 1687
1713 1746
1688 1786
1757 1752
1939 1738
936120456 1358582240
1
sift 87
112 158
68 48
10 12
134 155
102 97
35 44
196 252
115 95
66 56
259 209
129 122
71 55
399 506
215 165
72 84
548 744
203 200
80 75
627 875
240 217
83 89
836 1159
297 367
87 131
979 1154
305 387
141 140
1444 1447
344 339
163 178
331 363
184 168
338 374
194 207
385 373
204 258
371 417
217 270
421 376
314 300
562 443
288 341
621 532
324 307
565 588
325 321
643 626
384 326
590 717
396 479
668 864
389 555
1091 904
446 485
966 1247
532 613
1893 1090
506 755
580 639
615 644
448 1041
497 878
685 757
700 829
694 925
778 863
1667 554
869 995
894 1096
885 1202
739 1645
899 1186
932 1215
952 1221
1057 1217
1082 1225
1023 1357
1922 824
1148 1391
938 1881
1176 1489
1347 1300
1165 1751
1182 1747
1468 1697
1865 1709
1832 1885
936120456 1430327691
1
sift 141
74 61
1065 198
5 9
63 45
8 7
112 119
12 12
87 98
13 15
134 113
44 32
82 127
59 49
172 161
105 95
106 115
109 120
195 150
141 117
161 158
143 225
197 184
163 151
189 237
179 140
399 474
178 144
217 210
173 170
422 1153
184 171
274 219
194 192
1444 1115
204 319
288 309
222 287
1370 1940
370 178
345 420
258 280
416 215
389 446
324 323
374 290
396 571
325 342
321 357
506 627
284 484
312 447
758 2008
328 426
375 372
938 1839
316 491
357 497
1199 1851
384 471
493 452
1087 2372
465 476
463 498
1210 2056
460 521
365 746
1586 2341
420 586
379 719
1865 2082
475 526
482 601
424 732
502 603
415 821
448 747
516 617
520 635
532 651
430 963
665 585
444 994
560 687
580 674
536 868
547 901
685 770
700 768
538 1147
1037 599
556 1194
530 1377
695 939
778 824
542 1432
761 914
638 1231
616 1372
640 1344
681 1357
834 1003
869 1011
819 1185
734 1382
894 1041
632 1857
885 1193
698 1882
754 1597
731 1779
932 1188
940 1299
1020 1202
853 1644
1057 1271
807 2098
1082 1459
867 2114
945 1924
1166 1510
1007 1885
908 2338
958 2156
948 2210
1768 1170
1409 1433
1165 1849
947 2417
1118 1996
1158 1992
1350 1748
1078 2409
1137 2311
1398 1868
1236 2285
1647 1607
1576 1752
1518 2282
1453 2408
1688 2327
1912 2422
936120456 1474416471
1
sift 79
4 1
51 28
81 52
48 12
52 33
193 208
145 106
685 503
296 236
155 125
387 244
464 325
778 647
414 243
321 863
408 358
1248 268
869 728
503 408
785 367
605 397
615 600
932 942
668 474
748 512
984 475
700 567
952 1114
794 626
948 491
1092 799
805 615
1176 1089
1242 978
580 955
1090 1435
1099 504
1714 1612
1082 1126
874 625
1916 1127
1023 535
1713 1646
1148 1108
843 692
1848 1539
942 645
1776 1561
899 818
1010 736
864 925
890 867
1138 714
761 1236
819 1261
1260 797
863 1346
1559 710
1339 831
1164 999
1188 1037
1525 839
1044 1219
1314 1072
1147 1231
1183 1283
1607 1036
1124 1531
1194 1515
1348 1291
1285 1408
1182 1648
1200 1659
1705 1154
1612 1331
1688 1315
1486 1573
1856 1484
1594 1686
936120456 1523815439
1
sift 92
48 30
51 38
81 67
187 126
52 50
169 190
84 91
700 591
211 189
145 136
193 236
155 153
778 690
269 226
312 375
296 256
464 323
869 777
408 349
321 859
503 429
511 608
894 815
984 412
463 763
590 657
597 571
952 1256
794 654
615 600
1144 606
748 543
562 1614
784 635
1092 793
580 948
911 1023
805 658
808 1395
1099 527
1082 1164
843 669
1090 1385
874 656
1148 1144
1023 593
1239 1436
992 627
1347 1487
772 933
1611 1334
942 740
1848 1552
1138 678
890 850
1776 1655
864 967
899 922
1057 994
888 1211
1010 1083
1260 858
1922 653
863 1441
1339 899
1332 971
1352 966
1176 1117
1019 1300
1188 1151
1314 1065
1044 1313
940 1525
969 1741
1658 1032
994 1788
1194 1483
1181 1506
1756 1064
1182 1523
1629 1113
1053 1778
1200 1770
1436 1584
1483 1550
1486 1624
1612 1511
1688 1522
1874 1496
1856 1703
1812 1739
1696 1804
936120456 1643728630
1
sift 75
1066 1191
68 39
62 34
79 71
364 297
150 87
169 110
154 120
370 178
689 542
175 151
193 136
201 201
367 256
928 543
202 146
240 128
272 292
321 377
1293 682
261 131
269 140
324 344
700 558
237 155
245 159
615 433
778 613
233 202
296 205
581 642
1023 581
305 206
290 213
694 675
899 775
338 259
408 279
983 539
1057 792
385 299
351 409
890 674
1082 832
439 324
354 458
1607 681
1148 894
590 405
566 529
1010 955
1585 931
643 554
621 585
1910 769
1590 1161
880 587
1067 616
1513 1194
1713 1206
990 705
1090 712
1612 1451
1830 1365
1602 893
1588 963
1776 1442
1611 977
1784 995
1522 1785
1848 1028
1707 1149
1939 1296
1892 1070
1917 1139
936120456 1716575903
1
sift 77
38 35
49 19
71 73
215 212
68 56
111 116
95 68
370 253
237 191
123 113
129 124
150 114
1083 1362
239 200
154 151
169 140
175 166
1688 1140
245 205
202 190
193 197
186 219
1183 1816
309 371
261 178
296 281
272 318
1590 1548
351 474
305 276
331 330
299 283
1713 1512
590 610
315 301
385 363
854 416
559 695
354 419
371 429
723 508
650 648
387 407
566 762
615 700
880 911
562 807
668 678
586 801
1067 1048
683 687
621 826
581 871
1090 1154
694 885
769 1073
1088 544
1394 1106
611 1071
1588 1825
752 844
1892 2033
676 1119
1707 2025
1023 803
756 1531
1784 1966
843 1269
890 1148
983 1054
1010 1299
1032 1518
1211 1610
1377 1729
1558 1470
1460 1786
1939 1399
936120456 1785851268
1
sift 52
48 21
52 61
81 81
370 303
155 174
503 475
252 313
685 559
620 400
289 364
1092 920
342 300
700 575
1611 1286
448 430
321 1158
778 668
577 442
748 550
869 728
738 588
615 726
894 766
773 597
694 724
1148 1028
1023 545
580 1082
1082 1089
843 745
1138 642
1176 1022
942 828
890 919
1468 1410
1057 846
864 1123
1776 1448
1010 956
1260 849
1714 1539
863 1364
983 1277
1188 1053
1044 1301
1195 1206
1266 1205
1607 997
1287 1344
1320 1588
1688 1504
1939 1631
936120456 1788219329
1
sift 79
74 67
68 54
12 4
112 70
102 92
11 15
134 128
215 175
79 65
936 1337
203 197
72 80
195 184
297 381
80 77
979 1391
270 192
83 87
197 194
305 393
82 135
344 329
87 167
259 201
371 420
141 127
421 368
174 103
409 355
562 451
175 136
621 530
163 173
1444 1082
590 650
184 193
683 678
194 183
668 732
204 243
675 875
217 265
861 900
288 325
1056 1038
314 289
1067 1272
324 290
1689 1079
300 324
1919 1453
325 295
1811 1620
384 293
312 446
247 848
418 360
415 570
532 576
580 642
448 1262
700 756
695 828
761 757
1667 516
1036 764
869 919
899 935
1203 814
1057 1093
952 1297
1082 1198
1087 1205
1654 883
908 1568
1922 812
1148 1239
1275 1280
1468 1472
936120456 1799436415
1
sift 99
47 30
12 11
101 65
53 23
102 72
51 25
169 130
122 75
211 154
133 99
215 172
109 127
193 209
155 115
261 157
277 141
265 187
173 294
236 223
270 185
239 229
315 189
245 240
251 288
269 271
303 368
296 268
325 370
305 280
390 343
326 279
418 346
309 319
241 1308
331 307
420 454
377 287
463 449
344 328
516 402
354 332
460 558
371 338
465 604
421 336
611 452
408 409
1151 324
439 435
629 481
565 356
587 522
489 415
823 441
351 759
480 875
505 501
499 727
562 461
580 695
621 491
615 838
590 596
982 569
602 614
902 647
576 676
491 1609
649 626
542 1519
668 639
890 978
769 611
1036 894
663 844
739 1540
861 764
1081 1047
880 1032
970 1436
1067 995
1268 1135
1090 1092
1165 1495
965 1349
1255 1256
1707 1518
1475 1167
1784 1597
1245 1473
1849 1635
1182 1565
1533 1224
1642 1204
1175 1621
1550 1285
1638 1365
1576 1581
1907 1619
936120456 1861578657
1
sift 78
68 53
51 37
101 72
84 62
123 126
150 130
180 111
154 147
169 144
175 166
214 152
193 202
215 189
277 193
395 242
261 174
245 191
247 220
351 700
239 207
269 233
243 287
503 543
295 231
273 280
299 240
559 778
290 283
296 263
272 333
1602 1614
305 273
309 331
315 290
354 351
385 340
404 453
371 395
387 400
418 468
411 392
408 421
472 595
439 409
470 405
598 516
489 465
484 518
611 528
555 601
590 584
615 695
562 629
566 628
654 854
602 613
650 604
854 677
621 673
728 638
723 819
664 763
769 828
1056 662
880 852
861 897
972 786
756 1364
990 901
1255 937
1067 1116
1090 1202
1021 1233
1036 1329
1588 1478
1867 765
1032 1382
1377 1217
936120456 1906096636
1
sift 59
169 210
52 50
700 618
370 180
155 154
503 465
342 271
778 691
769 560
289 355
794 731
448 416
869 727
1611 1523
464 453
1916 1258
321 1203
1058 968
513 497
577 604
952 1242
581 718
748 598
1082 1162
615 749
773 601
1148 1104
738 712
694 778
1023 567
586 1066
623 1128
843 815
772 1032
942 831
890 1036
864 1209
1325 787
1010 1042
1260 842
888 1335
1188 1115
1314 1099
1216 1183
983 1568
1266 1204
1124 1498
1195 1372
1607 1075
1098 1746
1558 1245
1320 1614
1436 1507
1486 1531
1474 1766
1484 1771
1496 1781
1688 1620
1812 1778
936120456 2014127030
1
sift 290
259 271
18 14
19 15
146 146
24 33
68 61
51 24
164 161
45 26
102 106
52 25
180 153
53 31
111 105
84 78
229 238
94 87
115 104
121 98
237 248
143 88
123 110
150 142
187 396
154 150
169 181
201 183
239 286
215 184
233 239
266 173
269 295
251 247
261 283
243 249
273 347
270 256
265 299
252 289
309 320
277 258
322 266
384 197
344 370
272 306
290 318
275 308
411 435
392 224
307 297
294 319
383 518
324 287
283 359
356 284
351 622
296 353
338 292
293 372
408 505
305 357
354 397
315 358
431 493
306 384
377 379
288 448
439 582
390 329
371 415
401 355
503 690
449 325
489 470
404 399
564 623
362 473
505 482
480 366
590 666
418 417
484 578
467 408
688 752
469 412
521 572
463 422
559 987
476 469
562 575
464 503
796 961
629 401
621 618
444 609
880 965
538 516
649 669
628 450
808 1125
487 598
679 648
490 594
954 1400
580 523
668 682
676 504
1589 1230
587 631
575 777
712 545
536 705
684 725
611 619
577 665
602 865
710 583
674 616
663 848
695 605
700 606
941 676
617 680
681 640
878 749
698 653
778 620
830 828
615 760
644 756
860 857
738 695
761 687
769 1082
799 688
654 799
817 1036
653 811
762 718
1371 692
786 746
730 796
990 863
863 703
826 750
965 1033
918 668
784 769
1067 1121
713 845
773 804
988 1302
869 740
902 719
1090 1185
752 877
894 733
1153 1489
828 793
803 853
1450 1217
791 881
749 933
1505 1417
798 902
982 720
899 784
852 846
801 960
877 833
1046 735
962 774
969 794
906 868
948 834
807 1098
1009 821
890 962
915 932
809 1155
810 1158
1057 832
1082 861
882 1071
1172 801
1064 894
992 954
868 1107
1013 939
1205 819
1236 803
1008 995
874 1165
1036 1019
888 1204
1201 920
1148 957
1178 937
1262 903
1193 941
1176 982
1165 993
1276 931
1183 1005
994 1192
1071 1114
942 1281
1517 847
955 1266
1479 880
1190 1048
1296 996
1354 973
1253 1055
1195 1094
1266 1044
1215 1084
1285 1050
1414 984
1014 1378
1345 1038
1022 1375
1188 1154
1211 1145
1538 964
1281 1128
1308 1111
1229 1171
1393 1085
1240 1203
1297 1162
1213 1237
1476 1061
1124 1371
1209 1270
1243 1232
1080 1479
1214 1287
1329 1193
1139 1423
1255 1297
1187 1393
1159 1464
1251 1340
1361 1239
1310 1295
1377 1243
1306 1317
1465 1208
1487 1212
1474 1254
1412 1320
1430 1313
1346 1405
1392 1369
1452 1296
1922 1037
1326 1470
1355 1442
1442 1374
1510 1307
1500 1328
1496 1368
1591 1299
1659 1276
1561 1358
1397 1491
1577 1372
1692 1332
1618 1382
1631 1380
1625 1431
1629 1426
1592 1467
1635 1453
1688 1428
1690 1444
1870 1333
1890 1326
1735 1449
1464 1515
1804 1422
1791 1437
1713 1481
1899 1366
1793 1472
1875 1413
1765 1484
1726 1503
1939 1512
936120456 2045004962
1
sift 200
31 23
40 38
5 6
46 37
80 69
13 17
65 52
706 738
23 28
131 99
770 1189
44 30
134 131
1304 772
60 45
141 137
1530 1565
62 43
149 151
64 50
192 162
63 54
172 270
77 78
195 216
83 75
182 259
87 77
196 228
82 100
259 337
89 91
425 418
92 93
399 480
97 107
409 461
103 114
422 601
105 112
1066 1561
109 130
1312 1461
136 127
1370 1418
143 139
1444 1471
152 147
1531 1639
163 171
178 156
181 157
173 174
179 159
189 163
184 201
199 196
194 217
218 234
221 226
217 253
238 287
257 283
223 327
370 212
258 317
288 297
284 393
328 334
303 374
314 362
324 395
325 417
345 399
375 402
360 447
337 499
389 434
365 521
379 507
527 363
384 517
410 485
424 510
449 502
475 483
428 550
420 572
524 462
458 534
396 645
415 628
465 578
488 564
493 557
482 576
468 607
460 644
554 562
516 623
520 629
502 684
480 735
536 653
532 712
492 827
542 726
513 817
580 722
595 763
594 775
682 707
614 785
500 1081
685 768
700 825
694 885
597 1069
640 1053
632 1130
645 1178
734 1027
690 1196
834 936
766 1137
840 1000
949 898
779 1213
731 1361
863 1054
885 1037
751 1362
869 1101
746 1406
754 1423
929 1013
889 1082
971 997
896 1110
749 1531
1020 1042
1037 1068
827 1549
977 1151
1080 1123
867 1522
807 1838
1010 1239
1098 1153
1335 972
1004 1383
1210 1131
1223 1121
1023 1371
1078 1377
1088 1373
1082 1387
1053 1482
958 1670
1063 1486
1157 1347
1215 1294
969 1725
1000 1704
1031 1659
1022 1689
1426 1163
1272 1295
1164 1447
1158 1454
947 1852
1113 1644
1155 1616
1175 1604
1152 1688
1416 1333
1118 1807
1441 1338
1172 1742
1182 1755
1384 1523
1449 1546
1647 1384
1383 1675
1398 1660
1328 1804
1457 1661
1561 1578
1409 1758
1455 1721
1757 1452
1861 1425
1576 1699
1513 1793
1439 1886
1688 1690
1638 1754
1567 1883
1733 1769
1713 1924
936120456 2095558067
1
sift 70
68 63
52 41
194 166
101 93
154 141
169 139
175 163
370 322
343 292
193 180
202 192
201 230
685 515
309 334
215 203
239 175
315 250
778 674
351 494
237 190
245 194
299 278
699 762
880 854
269 179
273 281
336 249
869 820
1588 1608
296 252
305 254
272 358
899 855
290 306
387 354
615 596
894 905
385 384
371 419
631 766
1057 995
408 360
354 514
694 829
1082 1018
590 581
650 577
1088 525
1148 1111
668 661
566 791
507 1681
1176 1162
562 945
621 949
1023 587
1688 1378
890 1050
990 1068
843 1190
803 1598
1090 1242
1010 1113
1607 906
1396 1365
1032 1504
1243 1341
1182 1524
1339 1656
1910 1659
936120456 2130703568
1
sift 169
34 30
68 52
8 7
46 39
239 226
33 14
65 63
115 87
43 29
63 53
439 516
59 47
74 66
169 160
62 41
106 57
565 442
66 61
131 83
193 237
71 60
134 107
770 1278
89 81
172 249
305 301
92 75
141 125
78 114
195 188
296 320
77 117
163 132
103 101
196 208
331 323
105 124
288 296
152 196
259 526
338 413
189 146
274 374
184 187
1250 888
371 417
257 190
348 349
200 280
1141 1661
421 463
221 255
345 395
370 177
1531 1623
562 523
361 213
389 388
312 252
1530 1741
621 585
284 348
396 447
314 385
668 730
321 378
372 507
325 433
679 772
328 429
507 720
337 414
684 807
500 309
977 766
255 1007
769 1205
449 399
1586 2013
379 490
664 1636
384 590
365 778
1067 1191
690 379
460 564
542 510
465 574
520 548
497 568
415 899
359 1494
480 750
516 691
537 716
532 755
580 740
510 947
508 961
545 868
492 1147
685 739
700 803
655 880
556 1146
1335 535
694 907
778 906
672 1155
834 923
712 1163
640 1322
727 1178
731 1175
779 1184
869 989
776 1222
818 1179
853 1088
751 1365
754 1429
925 1051
899 1153
713 1701
894 1209
792 1492
799 1502
763 1605
772 1593
807 1551
863 1351
739 1828
932 1279
887 1375
1057 1194
838 1682
1416 933
1025 1307
828 1895
945 1435
1080 1303
855 1815
1495 1017
992 1531
1010 1504
918 1727
882 1924
976 1610
908 1901
920 1864
1037 1615
1215 1350
969 1825
1149 1565
1164 1575
1607 1230
1098 1798
1183 1758
1165 1796
1159 1888
1137 1990
1347 1725
1262 1893
1269 1956
1368 1878
1332 2019
1688 1791
1757 1786
1854 1845
936120456 2146998783
1
sift 160
65 71
68 72
43 35
112 103
73 50
62 38
134 138
115 93
63 49
195 201
172 155
79 37
196 229
123 106
71 51
1370 1545
83 90
259 485
169 206
143 77
1531 1454
128 127
215 174
141 131
138 148
202 256
184 110
163 145
261 204
189 205
238 184
239 234
217 235
200 270
290 267
204 289
258 285
308 301
251 357
283 351
305 349
314 299
288 364
297 374
284 376
300 373
344 316
325 359
331 331
338 382
324 372
312 411
371 435
500 283
449 334
351 510
370 420
384 413
439 616
381 430
475 336
562 502
379 455
363 490
602 492
389 464
445 444
505 620
466 427
1256 242
684 491
427 551
426 662
621 578
482 563
690 443
590 615
480 575
444 684
649 635
509 574
441 708
769 631
508 693
665 566
737 1164
538 734
580 704
966 952
536 828
685 649
1399 1401
640 718
700 674
695 752
671 801
712 758
632 919
603 1000
674 897
778 767
702 917
672 1015
698 999
711 1002
1088 685
754 1031
730 1119
869 910
751 1156
1156 728
799 1110
899 933
759 1208
772 1243
894 1004
752 1352
863 1063
946 976
807 1349
749 1509
920 1085
828 1395
904 1150
827 1439
855 1320
1025 1035
1057 1025
983 1091
833 1548
1054 1140
949 1310
1078 1167
969 1357
1082 1201
1148 1174
1199 1132
1080 1296
1215 1184
992 1530
1123 1374
1922 851
1269 1192
985 1596
1183 1339
1128 1438
1175 1389
1182 1403
1236 1351
1165 1442
1172 1451
1113 1533
1152 1553
1205 1541
1193 1590
1468 1298
1276 1516
1454 1376
1475 1505
1565 1434
