962831950 1064082008
1
sift 267
94 109
36 26
116 128
51 50
137 157
71 47
178 145
73 54
149 197
74 60
176 150
61 69
186 161
70 75
181 220
82 71
196 173
103 61
279 244
84 92
329 245
102 105
340 290
119 111
465 295
114 117
490 441
125 106
420 422
124 129
546 537
139 127
498 677
159 132
752 507
157 138
574 683
164 152
707 560
172 155
653 649
165 162
618 771
163 168
998 518
184 156
659 844
185 163
610 963
183 169
733 840
231 135
668 1017
189 175
694 901
229 147
758 996
188 196
907 925
222 184
1200 730
215 207
773 1207
216 209
974 1193
256 179
943 967
242 198
243 208
252 203
211 248
264 236
262 242
247 281
219 375
281 285
284 289
301 254
293 272
306 256
291 282
299 274
321 261
300 288
318 279
286 326
312 292
339 266
331 276
357 269
332 300
341 318
369 298
344 331
355 334
353 360
351 378
447 297
416 310
395 335
377 395
360 443
421 371
379 439
396 427
735 267
451 396
477 376
468 385
455 403
453 424
401 492
426 458
457 440
524 400
473 435
434 463
522 409
589 372
513 423
410 548
499 471
531 459
520 477
444 602
518 503
475 569
504 540
556 488
551 494
494 565
486 582
606 461
492 612
597 496
537 584
593 568
636 524
627 535
571 637
595 606
674 514
607 589
789 472
579 646
609 588
661 543
678 556
615 640
620 644
690 571
583 744
705 562
624 659
778 529
635 672
629 687
683 627
562 833
827 541
706 626
647 693
727 611
642 701
634 731
630 746
754 623
654 723
665 738
747 678
790 665
959 545
828 658
812 697
724 766
788 721
816 718
756 773
643 909
621 977
797 752
969 613
768 818
868 743
652 1010
658 992
714 935
775 845
613 1183
751 932
904 762
871 798
645 1156
923 797
955 776
803 970
833 944
894 851
1001 764
931 825
901 869
1043 759
873 917
915 872
781 1069
1338 660
950 889
1296 698
793 1145
1044 831
892 1025
963 931
1116 823
962 980
936 1005
1066 885
861 1169
971 1011
1000 987
1126 892
897 1157
942 1065
1137 923
1206 880
1073 959
1178 908
972 1105
1170 942
1352 857
1021 1115
1139 1006
1211 976
956 1204
1011 1151
1075 1078
1121 1082
1140 1071
1118 1126
1256 1012
1148 1091
1094 1150
1156 1138
1316 1027
1239 1085
1237 1089
1204 1137
1340 1043
1227 1130
1212 1148
1263 1144
1258 1152
1311 1158
1188 1221
1408 1072
1378 1132
1415 1104
1279 1203
1361 1160
1259 1222
1371 1162
1456 1095
1404 1200
1173 1248
1364 1232
1276 1243
1503 1224
1508 1219
962831950 1347700863
1
sift 170
162 182
81 82
36 21
38 672
51 49
180 212
196 203
54 76
184 174
74 66
257 289
269 249
86 98
183 197
108 125
408 471
249 281
125 111
264 260
119 139
872 712
279 270
114 146
293 313
139 148
340 296
120 178
465 326
159 162
394 363
163 190
546 621
199 158
336 494
172 185
653 556
148 213
420 404
202 200
661 563
242 208
668 722
303 193
580 724
219 367
575 895
291 286
706 714
306 278
998 643
299 293
694 973
321 284
733 955
312 295
811 980
331 298
814 1048
284 358
950 974
341 343
974 1160
395 347
943 991
351 401
344 419
360 468
421 379
396 422
455 371
451 411
457 420
473 492
482 488
525 450
441 536
522 451
374 756
520 486
531 477
468 571
606 432
684 388
444 679
475 634
551 551
562 550
789 410
504 674
556 602
486 738
597 538
601 546
539 701
955 429
607 640
657 632
571 784
745 600
647 693
724 630
595 806
735 636
629 750
772 639
583 896
754 657
600 839
727 692
778 669
747 740
621 884
853 646
969 579
635 878
705 792
620 913
634 907
829 731
1010 591
775 770
787 765
624 1004
868 739
613 1081
871 754
1264 558
793 858
816 837
1116 665
904 817
756 1029
714 1151
821 1007
1170 783
961 923
833 1154
865 1086
1126 834
1066 867
1025 905
964 978
1178 824
873 1121
947 1001
931 1030
1002 951
900 1109
1073 903
894 1158
863 1234
1044 1020
1028 1126
1211 985
985 1186
1121 1085
1080 1140
979 1242
1213 1115
1140 1192
1139 1217
1227 1165
1385 1075
1361 1100
1217 1232
1311 1208
1258 1247
1414 1183
1409 1221
1493 1133
962831950 1745211470
1
sift 312
94 138
54 80
70 79
77 61
178 223
74 65
176 139
86 93
249 235
84 115
184 154
114 103
279 268
119 110
188 175
124 111
340 260
121 119
207 160
139 124
329 300
155 127
215 172
171 121
471 588
147 152
706 374
172 134
500 694
165 146
579 512
183 142
490 804
163 182
661 491
189 173
653 587
202 161
759 632
231 150
707 767
190 185
722 742
229 163
758 954
247 170
811 941
256 178
1130 1094
212 200
907 857
354 149
998 1464
252 198
943 904
262 191
1506 1373
242 221
950 911
332 180
281 206
972 1000
216 257
264 217
995 1230
273 230
328 208
293 248
228 336
306 253
335 244
487 194
318 263
344 252
334 275
312 298
311 321
355 327
351 341
389 311
301 399
395 324
416 309
447 312
379 397
453 355
402 388
373 462
457 364
518 347
410 403
396 431
426 398
434 421
413 445
441 429
601 345
513 385
399 508
473 428
482 425
499 426
524 435
603 377
475 486
589 395
461 522
444 539
491 505
683 371
494 513
597 419
486 540
532 490
557 482
732 383
556 489
727 393
520 557
627 457
754 404
514 574
633 453
572 520
516 577
551 580
583 553
652 526
690 507
674 515
620 559
629 546
705 502
664 536
537 710
631 568
634 575
621 606
593 664
828 497
635 668
672 626
1059 460
772 589
741 614
778 598
812 586
630 755
701 675
678 747
613 849
747 679
481 1458
600 945
790 688
853 635
724 793
789 721
736 813
647 909
900 654
930 630
882 700
714 885
879 731
947 666
781 842
787 838
833 815
646 1037
842 826
894 756
835 836
775 879
768 899
913 757
751 937
757 948
866 833
788 935
939 802
861 875
1026 754
822 960
1074 737
897 898
1296 642
955 847
792 1041
1139 732
1066 783
1178 728
865 979
1205 725
903 951
847 1033
873 988
806 1120
883 1012
1034 866
1111 834
996 905
1204 791
1195 807
1168 818
1000 916
915 1005
1120 859
985 965
1351 759
1021 943
925 1040
1353 781
901 1160
1415 761
856 1260
961 1074
904 1213
1280 864
983 1061
1140 932
1067 975
963 1110
1271 886
1126 980
1263 908
1094 1004
1202 947
973 1191
1159 989
1102 1025
1020 1118
1304 926
1039 1127
1024 1167
1148 1029
979 1243
936 1326
986 1247
940 1332
1188 1016
1093 1109
954 1416
1210 1085
1170 1116
1132 1181
1137 1182
1027 1321
1171 1148
1073 1238
1098 1222
1089 1269
1108 1256
1206 1171
1448 963
1245 1149
1246 1144
1092 1308
1250 1162
1135 1287
1366 1042
1230 1199
1325 1101
1118 1368
1364 1091
1285 1184
1278 1186
1164 1302
1237 1218
1258 1205
1235 1226
1080 1419
1045 1478
1147 1362
1313 1189
1340 1172
1372 1129
1213 1320
1266 1273
1197 1380
1145 1440
1312 1270
1339 1253
1334 1262
1186 1443
1408 1190
1272 1359
1260 1387
1343 1274
1303 1327
1407 1208
1501 1034
1389 1289
1224 1485
1264 1454
1382 1347
1419 1305
1452 1267
1378 1400
1465 1254
1360 1472
1459 1365
1469 1348
1510 1066
1385 1481
1404 1470
1499 1249
1479 1393
1440 1461
1413 1487
1425 1484
1409 1505
962831950 1811936640
1
sift 227
73 33
70 50
57 79
86 62
116 68
84 86
115 69
124 81
125 120
119 85
139 83
171 94
148 109
176 100
121 137
184 95
183 102
202 127
189 145
188 189
163 209
211 164
264 159
200 202
281 173
293 216
254 223
273 226
735 191
334 197
306 211
451 274
299 228
216 328
597 307
416 237
312 302
706 312
395 254
389 264
661 329
284 367
447 246
579 393
351 293
295 372
931 341
355 321
457 270
652 440
311 400
379 343
829 397
518 278
360 383
694 483
636 286
513 335
907 550
499 374
603 350
943 605
441 436
434 459
1139 535
475 433
481 442
972 646
396 593
314 902
950 658
473 490
627 379
1021 698
504 503
683 385
1140 709
515 487
556 507
1247 762
526 541
491 606
1278 919
596 477
772 422
1285 925
494 641
674 447
1343 1034
486 661
461 715
1452 995
520 660
583 650
1419 1026
778 501
551 700
1364 1231
705 546
624 613
1497 1094
1150 417
629 632
634 625
741 572
538 788
879 587
635 744
593 859
549 1009
882 634
647 800
1204 521
1120 552
955 635
894 675
1280 537
1353 532
1026 633
645 1005
1178 620
732 865
1036 662
1205 615
775 829
1044 666
1296 608
643 1067
939 730
640 1162
724 1051
714 1076
787 982
836 949
1000 775
1086 728
833 985
781 1105
793 1116
751 1210
861 1073
842 1134
865 1097
810 1230
792 1248
1263 779
1002 954
883 1127
897 1129
1407 755
1073 912
1173 856
925 1117
847 1299
1111 941
961 1122
946 1143
980 1113
1325 862
1170 976
901 1301
986 1175
1034 1112
973 1215
873 1420
1257 973
1113 1083
954 1289
983 1259
858 1548
985 1264
832 1695
904 1461
839 1727
1501 836
1011 1290
1020 1294
1351 1020
1258 1101
1080 1251
1027 1366
1189 1211
1227 1209
1144 1341
1039 1502
1098 1427
940 1757
1092 1474
942 1790
1245 1298
1103 1504
1122 1501
1176 1453
1174 1462
1171 1569
1465 1217
1089 1704
1334 1389
1210 1587
1186 1621
1312 1465
1360 1421
1385 1390
1217 1643
1336 1492
1440 1365
1272 1635
1213 1731
1283 1624
1197 1756
1313 1596
1172 1833
1145 1862
1229 1777
1271 1735
1331 1659
1165 1879
1319 1714
1425 1553
1402 1608
1335 1748
1260 1900
1475 1601
1383 1826
1459 1769
1478 1781
1412 1917
962831950 1865606473
1
sift 269
166 146
186 149
36 12
343 350
74 26
73 24
739 825
336 431
54 40
830 854
70 50
86 65
855 1234
394 401
84 86
1350 1323
115 78
108 69
1134 1228
420 432
116 85
139 100
101 110
989 1538
159 91
172 109
148 108
125 126
165 123
121 142
183 115
242 139
189 143
131 210
264 158
163 213
237 171
211 187
252 163
354 145
293 201
213 223
281 197
344 200
306 194
334 191
451 295
299 211
216 322
597 327
301 214
250 283
661 312
320 236
235 380
706 354
300 275
339 252
580 459
291 298
342 265
699 398
460 206
321 286
652 529
389 244
312 308
694 523
447 225
284 362
931 433
369 269
395 261
907 634
234 572
351 313
950 648
477 264
355 335
1139 603
457 280
522 279
943 682
361 395
360 416
1021 736
449 334
385 399
786 978
553 301
601 293
1375 665
513 339
636 290
1140 757
377 484
499 376
1247 800
295 773
379 521
1279 816
455 428
421 483
1285 1010
474 442
531 421
1343 1121
482 481
396 624
1452 1081
435 553
627 397
1419 1153
473 535
683 411
1497 1122
475 619
494 595
566 520
468 666
772 418
526 577
444 720
504 630
778 435
556 585
501 681
520 672
537 649
492 732
838 462
812 492
624 607
551 734
497 866
705 588
514 870
853 534
638 723
678 711
607 785
609 786
635 743
1066 505
647 746
630 776
634 769
732 703
747 727
911 632
955 618
621 920
654 864
724 832
1044 652
1012 669
600 1202
593 1231
646 1025
775 861
1120 653
894 767
1415 558
1204 636
768 955
643 1181
1084 700
665 1161
1178 687
787 1008
788 1051
1296 691
947 845
1362 692
865 999
1019 840
905 991
871 1057
1073 818
1280 752
1006 888
888 1095
781 1292
1064 877
1002 961
939 1027
1263 835
1206 865
847 1314
963 1093
901 1206
915 1198
1184 897
1170 977
1173 976
1111 1017
1035 1098
765 1641
921 1347
961 1266
985 1245
1057 1140
873 1480
979 1313
1013 1282
925 1452
983 1378
858 1662
1359 1007
1351 1040
1094 1273
1325 1075
1141 1229
1408 1000
1137 1295
1250 1223
1188 1279
1159 1310
1344 1169
1501 964
1080 1417
1020 1570
1239 1303
940 1726
1077 1491
1258 1327
1147 1459
1249 1358
1046 1611
1122 1522
1334 1297
1156 1498
1271 1384
1340 1366
1323 1380
1210 1508
1164 1573
1186 1554
1237 1502
1175 1580
1092 1706
1119 1693
1360 1402
1191 1609
1371 1408
1098 1753
1312 1515
1385 1425
1227 1713
1465 1405
1336 1606
1425 1483
1217 1778
1259 1762
1176 1850
1459 1582
1165 1872
1475 1593
1471 1616
1361 1821
1414 1769
1409 1790
1424 1810
1478 1734
1272 1883
1440 1848
1479 1782
1510 1656
1474 1879
962831950 2124113243
1
sift 67
70 74
369 326
115 75
148 165
164 72
455 314
124 101
281 137
176 98
421 335
183 102
200 169
215 105
344 122
360 291
264 195
293 198
754 264
756 197
1074 240
434 347
396 445
580 361
320 728
355 616
696 434
562 406
634 423
930 390
635 482
811 429
1139 442
1150 394
593 779
1230 799
615 1078
641 1170
1343 953
1111 688
847 955
1285 1022
1415 641
769 1127
1278 1325
977 863
723 1410
1276 1330
815 1257
1144 869
1497 1369
743 1469
1191 887
609 2101
776 1544
793 1822
866 1774
871 1789
868 1952
928 1896
901 2160
973 2081
1425 1429
1351 1521
1478 1377
1062 2168
1024 2449
1156 2260
