Time/BA(s)	RefinedPose	ConstPose	IgnoredPose	RefinedPts	ConstPts	IgnoredPts	RefinedK	ConstK	IgnoredK	ResidualBlocks	SuccessIter	BadIter	InitRMSE	FinalRMSE	dAR=-1	dAR=0	dAR=1	dAR=2	dAR=3	dAR=4	dAR=5	dAR=6	dAR=7	dAR=8	dAR=9	dAR=10+	New Views	
0.0669104	3	0	0	520	0	0	1	0	0	2246	20	0	0.70523	0.304316	0	0	0	0	0	0	0	0	0	0	0	0	1716575903	
0.0401195	4	0	0	731	0	0	1	0	0	3572	8	0	0.679666	0.372096	0	0	0	0	0	0	0	0	0	0	0	0	78293061	
0.0591435	5	0	0	1017	0	0	1	0	0	5370	7	0	0.486703	0.353723	0	0	0	0	0	0	0	0	0	0	0	0	1861578657	
0.0869214	6	0	0	1384	0	0	1	0	0	7530	7	0	0.537008	0.400714	0	0	0	0	0	0	0	0	0	0	0	0	1643728630	
0.0754543	7	0	0	1700	0	0	1	0	0	9342	5	0	0.445416	0.372707	0	0	0	0	0	0	0	0	0	0	0	0	136395905	
0.130954	8	0	0	1993	0	0	1	0	0	11396	7	0	0.456905	0.382661	0	0	0	0	0	0	0	0	0	0	0	0	304795499	
0.12222	9	0	0	2256	0	0	1	0	0	13134	6	0	0.474219	0.421238	0	0	0	0	0	0	0	0	0	0	0	0	2045004962	
0.170282	10	0	0	2534	0	0	1	0	0	15038	7	0	0.497445	0.441719	0	0	0	0	0	0	0	0	0	0	0	0	1430327691	
0.15191	11	0	0	2795	0	0	1	0	0	17002	6	0	0.50895	0.453478	0	0	0	0	0	0	0	0	0	0	0	0	1228518096	
0.165277	12	0	0	2880	0	0	1	0	0	17782	6	0	0.538702	0.482615	0	0	0	0	0	0	0	0	0	0	0	0	936120456	
0.147485	12	0	0	2867	0	0	1	0	0	17642	6	0	0.420275	0.408478	0	0	0	0	0	0	0	0	0	0	0	0	936120456	
0.154455	13	0	0	3298	0	0	1	0	0	19964	5	0	0.493268	0.444164	0	0	0	0	0	0	0	0	0	0	0	0	579717169	
0.171672	14	0	0	3540	0	0	1	0	0	21688	5	0	0.498803	0.450555	0	0	0	0	0	0	0	0	0	0	0	0	1029832138	
0.21766	15	0	0	3744	0	0	1	0	0	23300	6	0	0.540725	0.469997	0	0	0	0	0	0	0	0	0	0	0	0	476880634	
0.179927	15	0	0	3736	0	0	1	0	0	23174	5	0	0.424877	0.415502	0	0	0	0	0	0	0	0	0	0	0	0	476880634	
0.230472	16	0	0	3896	0	0	1	0	0	24716	6	0	0.533636	0.474751	0	0	0	0	0	0	0	0	0	0	0	0	528510916	
0.220541	16	0	0	3887	0	0	1	0	0	24578	6	0	0.427478	0.420199	0	0	0	0	0	0	0	0	0	0	0	0	528510916	
0.241052	17	0	0	4071	0	0	1	0	0	26510	6	0	0.531327	0.480719	0	0	0	0	0	0	0	0	0	0	0	0	2146998783	
0.209529	17	0	0	4061	0	0	1	0	0	26346	5	0	0.430083	0.423966	0	0	0	0	0	0	0	0	0	0	0	0	2146998783	
0.306582	18	0	0	4267	0	0	1	0	0	28204	7	0	0.539481	0.495625	0	0	0	0	0	0	0	0	0	0	0	0	1358582240	
0.181296	18	0	0	4255	0	0	1	0	0	28030	4	0	0.443918	0.436203	0	0	0	0	0	0	0	0	0	0	0	0	1358582240	
0.232835	19	0	0	4343	0	0	1	0	0	29538	5	0	0.547435	0.495979	0	0	0	0	0	0	0	0	0	0	0	0	1788219329	
0.236534	19	0	0	4329	0	0	1	0	0	29350	5	0	0.449267	0.443248	0	0	0	0	0	0	0	0	0	0	0	0	1788219329	
0.295088	20	0	0	4535	0	0	1	0	0	31440	6	0	0.535194	0.488933	0	0	0	0	0	0	0	0	0	0	0	0	411685623	
0.297674	20	0	0	4531	0	0	1	0	0	31282	6	0	0.454082	0.448057	0	0	0	0	0	0	0	0	0	0	0	0	411685623	
0.356432	21	0	0	4690	0	0	1	0	0	32824	7	0	0.563128	0.511141	0	0	0	0	0	0	0	0	0	0	0	0	2014127030	
0.301348	21	0	0	4682	0	0	1	0	0	32622	6	0	0.465225	0.456419	0	0	0	0	0	0	0	0	0	0	0	0	2014127030	
0.21717	22	0	0	4828	0	0	1	0	0	34210	4	0	0.526161	0.491632	0	0	0	0	0	0	0	0	0	0	0	0	1799436415	
0.326968	23	0	0	4985	0	0	1	0	0	35520	6	0	0.52465	0.491394	0	0	0	0	0	0	0	0	0	0	0	0	115006752	
0.364377	24	0	0	5254	0	0	1	0	0	37462	6	0	0.542787	0.507587	0	0	0	0	0	0	0	0	0	0	0	0	1523815439	
0.308968	24	0	0	5247	0	0	1	0	0	37292	5	0	0.478105	0.473138	0	0	0	0	0	0	0	0	0	0	0	0	1523815439	
0.3088	25	0	0	5395	0	0	1	0	0	39232	5	0	0.570872	0.521959	0	0	0	0	0	0	0	0	0	0	0	0	1474416471	
0.311017	25	0	0	5384	0	0	1	0	0	39000	5	0	0.483224	0.478349	0	0	0	0	0	0	0	0	0	0	0	0	1474416471	
0.221488	26	0	0	5611	0	0	1	0	0	41520	3	0	0.580898	0.52743	0	0	0	0	0	0	0	0	0	0	0	0	1186326363	
0.341309	26	0	0	5604	0	0	1	0	0	41260	5	0	0.488102	0.481914	0	0	0	0	0	0	0	0	0	0	0	0	1186326363	
0.284898	27	0	0	5791	0	0	1	0	0	43670	4	0	0.56888	0.519779	0	0	0	0	0	0	0	0	0	0	0	0	251570085	
0.229486	27	0	0	5786	0	0	1	0	0	43458	3	0	0.488374	0.483927	0	0	0	0	0	0	0	0	0	0	0	0	251570085	
0.236788	28	0	0	5970	0	0	1	0	0	46016	3	0	0.569133	0.523414	0	0	0	0	0	0	0	0	0	0	0	0	1906096636	
0.438006	28	0	0	5966	0	0	1	0	0	45786	6	0	0.491577	0.486662	0	0	0	0	0	0	0	0	0	0	0	0	1906096636	
0.459552	29	0	0	6094	0	0	1	0	0	48114	6	0	0.580832	0.536001	0	0	0	0	0	0	0	0	0	0	0	0	1150832366	
0.385216	29	0	0	6087	0	0	1	0	0	47838	5	0	0.498856	0.493597	0	0	0	0	0	0	0	0	0	0	0	0	1150832366	
0.262522	30	0	0	6155	0	0	1	0	0	50014	3	0	0.589938	0.543166	0	0	0	0	0	0	0	0	0	0	0	0	1785851268	
0.494122	30	0	0	6146	0	0	1	0	0	49664	6	0	0.497462	0.491262	0	0	0	0	0	0	0	0	0	0	0	0	1785851268	
0.759578	46	0	0	9129	0	0	1	0	0	72404	7	0	0.69453	0.59389	0	0	0	0	0	0	0	0	0	0	0	0	278451837	463090087	517252654	561836557	670484749	751210311	856798745	868876902	1076394345	1203176847	1240301939	1305823326	1636735110	1689478995	2019709110	2124113243	
0.582246	46	0	0	9092	0	0	1	0	0	71514	5	0	0.518882	0.506018	0	0	0	0	0	0	0	0	0	0	0	0	278451837	463090087	517252654	561836557	670484749	751210311	856798745	868876902	1076394345	1203176847	1240301939	1305823326	1636735110	1689478995	2019709110	2124113243	
0.754844	52	0	0	10738	0	0	1	0	0	81846	6	0	0.547396	0.506927	0	0	0	0	0	0	0	0	0	0	0	0	249725355	401566863	580816557	1115818466	1811936640	1865606473	
0.436052	52	0	0	10724	0	0	1	0	0	81686	3	0	0.49422	0.491831	0	0	0	0	0	0	0	0	0	0	0	0	249725355	401566863	580816557	1115818466	1811936640	1865606473	
0.952098	61	0	0	12152	0	0	1	0	0	95038	6	0	0.572234	0.525023	0	0	0	0	0	0	0	0	0	0	0	0	233907011	460401179	742308222	789706637	962831950	1064082008	1347700863	1701417931	1745211470	
0.82011	61	0	0	12127	0	0	1	0	0	94706	5	0	0.502554	0.499464	0	0	0	0	0	0	0	0	0	0	0	0	233907011	460401179	742308222	789706637	962831950	1064082008	1347700863	1701417931	1745211470	
0.84348	62	0	0	12156	0	0	1	0	0	95028	5	0	0.500875	0.498674	0	0	0	0	0	0	0	0	0	0	0	0	1279412758	
0.560345	63	0	0	12380	0	0	1	0	0	96162	3	0	0.499241	0.496419	0	0	0	0	0	0	0	0	0	0	0	0	874093608	
0.569137	65	0	0	12756	0	0	1	0	0	98444	3	0	0.501311	0.496853	0	0	0	0	0	0	0	0	0	0	0	0	356180607	454164500	
0.557507	66	0	0	12895	0	0	1	0	0	99438	3	0	0.497622	0.494779	0	0	0	0	0	0	0	0	0	0	0	0	1973424357	
0.529511	67	0	0	13024	0	0	1	0	0	100248	3	0	0.494882	0.492848	0	0	0	0	0	0	0	0	0	0	0	0	1146127176	
